system: 

Interaction coefficient matrix K(I,J)
       0        0      0.1     0.13    0.135   0.1277      0.1      0.1      0.1 
       0        0    0.036     0.05     0.08   0.1002      0.1      0.1      0.1 
     0.1    0.036        0        0        0  0.09281 0.130663 0.130663 0.130663 
    0.13     0.05        0        0        0        0    0.006    0.006    0.006 
   0.135     0.08        0        0        0        0    0.006    0.006    0.006 
  0.1277   0.1002  0.09281        0        0        0        0        0        0 
     0.1      0.1 0.130663    0.006    0.006        0        0        0        0 
     0.1      0.1 0.130663    0.006    0.006        0        0        0        0 
     0.1      0.1 0.130663    0.006    0.006        0        0        0        0 

NO:   MW     TC K     PC bar   OMEGA Vc(cm3/mol) V-shift Parachor  Name
0    44.01    304.7  73.8655    0.225 0.0939465        0         0   CO2
1   28.013    126.2  33.9437     0.04 0.0899473        0         0    N2
2   16.043    190.6  46.0418    0.013 0.0979457        0         0    C1
3    30.07   305.43  48.8384   0.0986 0.147914        0         0    C2
4   44.097    369.8  42.6576   0.1524 0.199897        0         0    C3
5  66.8694  448.078  35.5028  0.21575 0.289863        0         0  C4-6
6  107.779  465.618  28.3201   0.3123 0.356869        0         0  C7+1
7  198.562  587.799  17.0689   0.5567 0.649727        0         0  C7+2
8  335.198  717.717  11.0603  0.91692  1.08583        0         0  C7+3


Eigenvectors for a real symmetric matrix
eigenvalue  0 =8.58646
      vector         
    0.318215
    0.327085
    0.325222
    0.341872
    0.340544
    0.337235
    0.336359
    0.336359
    0.336359

eigenvalue  1 =0.332337
      vector         
    0.513595
    0.516045
    0.367561
  -0.0888862
   -0.143196
   -0.280844
   -0.275401
   -0.275401
   -0.275401

eigenvalue  2 =0.193246
      vector         
    0.527853
    0.106113
    -0.61559
    -0.29865
   -0.328781
 -0.00460906
    0.211226
    0.211226
    0.211226

eigenvalue  3 =-0.0943173
      vector         
   -0.285164
   0.0742809
    0.511574
   -0.498523
   -0.490014
  0.00691066
     0.23293
     0.23293
     0.23293

eigenvalue  4 =-0.023299
      vector         
   -0.421303
    0.665226
   -0.289203
     -0.3553
    0.410837
  -0.0355668
  0.00405103
  0.00405103
  0.00405103

eigenvalue  5 =0.00915848
      vector         
   -0.303967
    0.409056
   -0.186633
    0.590146
   -0.583833
    0.122686
  -0.0204942
  -0.0204942
  -0.0204942

eigenvalue  6 =-0.00358595
      vector         
   0.0715534
  0.00907777
-0.000236146
   -0.250987
   -0.075274
    0.889389
   -0.212229
   -0.212229
   -0.212229

eigenvalue  7 =-1.00907e-015
      vector         
-1.09112e-014
1.26642e-014
-4.20894e-015
-2.97867e-015
1.81985e-014
-4.31972e-014
  0.00398617
    0.705105
   -0.709091

eigenvalue  8 =-1.99597e-016
      vector         
1.66338e-015
1.91634e-015
-1.16629e-015
-1.22569e-014
4.65371e-015
 2.1961e-014
   -0.816487
    0.411696
    0.404791


Number of eigen-values used in computation: 3
