45.000000
96.414465
165.542255
39.974654
32.964703
81.040305
114.143028
81.855043
69.903228
81.591912
117.474765
124.645232
136.403621
85.144115
123.915289
91.428772
124.315141
45.534722
28.125000
141.093724
119.896096
80.655896
91.241635
183.018828
145.807418
109.639237
83.932312
102.704425
195.851657
162.053038
60.797977
78.490846
114.948348
164.676210
215.797055
188.130447
147.838542
101.171875
163.855573
101.616338
166.636545
140.092433
158.050743
222.933857
112.284662
172.371115
37.307481
166.874463
144.576926
102.024344
206.197917
211.202180
152.926136
148.077211
124.209612
118.791457
142.036990
113.956671
90.937899
103.739111
145.495812
156.959386
160.042951
140.061005
121.313842
184.032184
126.458873
236.510744
120.920508
165.497221
144.756568
119.542570
200.627515
161.345260
144.733196
128.987110
81.202519
120.049863
148.163330
169.008054
140.716783
172.874100
194.764099
145.763446
162.554847
239.010257
129.037877
112.070464
161.908892
159.864069
78.346897
100.271300
161.830316
78.827777
149.307992
174.652918
101.249742
224.324249
117.170830
160.105690
108.740875
166.427138
101.840794
183.444026
176.076557
300.811897
211.780764
127.684697
118.637821
108.536638
128.934479
182.615838
166.537945
174.950376
228.486751
133.590613
181.371349
106.023625
137.628735
86.588294
141.032675
121.634127
187.084581
131.260547
228.878070
161.633667
137.181848
117.645300
106.614828
225.910918
187.901405
112.493687
106.745671
130.957996
229.641909
177.493861
132.381308
183.115411
204.722918
170.675524
121.722709
115.228159
162.068020
113.125000
142.128676
93.177191
124.386924
107.104048
137.791897
125.952821
220.496898
146.396937
90.201254
104.158654
145.347825
153.883287
193.504863
164.970465
189.732735
136.654637
288.272514
180.976090
158.673370
115.630239
108.005278
142.459256
160.737361
120.823452
114.638241
173.260828
197.977242
129.232996
145.423814
106.734261
182.905092
127.451532
177.083917
230.377080
174.869245
102.223531
144.441591
141.907746
160.261784
95.724433
215.160345
46.019413
149.135391
160.364648
169.302690
147.115253
130.915616
179.339724
149.812063
152.203211
88.947981
170.819452
141.765809
78.928816
89.375000
158.578993
218.226760
170.710413
98.703503
110.949056
152.646565
173.875831
197.541686
152.434524
89.187500
172.524584
162.953218
90.682494
84.437801
152.153827
166.892949
153.523423
140.479541
159.501502
122.575384
181.940484
224.591710
195.446800
141.026881
191.664819
116.202257
149.975625
148.941406
58.005354
136.627747
153.303446
76.851568
139.705967
137.306847
128.624845
156.245888
147.269713
130.246773
101.461403
105.732577
142.869816
182.562027
133.924074
122.635374
155.575323
131.916103
102.619857
130.100722
158.440261
148.672729
139.599557
79.074675
190.859873
102.596360
115.837392
113.183161
147.821951
74.950465
77.484727
166.237053
86.693497
144.518949
149.105648
209.723946
158.860741
186.416508
95.533088
127.753033
187.272740
151.427792
187.541935
71.978583
148.828454
113.105853
111.299404
106.459014
90.585029
101.887884
148.169293
172.693452
125.948004
147.393006
109.831645
207.022427
138.106259
118.834402
176.767735
91.027761
176.970246
137.371628
116.732208
130.759178
108.904628
144.559295
123.978180
154.697667
158.520328
160.193530
153.627477
170.121844
94.632525
112.586968
197.429118
159.646078
116.970666
182.671510
137.505282
151.747024
74.997068
129.191850
187.395155
99.540525
143.204172
85.178732
62.071780
170.379106
161.987179
167.557838
110.963884
130.874176
73.621324
199.411042
189.740482
217.891054
103.296661
128.134700
129.152985
72.165260
98.003933
127.406938
131.016914
153.128951
113.604021
132.762882
111.104241
112.300491
113.323744
105.126386
114.864705
180.747742
119.671603
172.705433
139.508343
165.993185
202.563443
71.797523
49.226187
191.758779
159.746508
159.203941
137.076043
205.442617
176.780761
137.199273
143.661576
115.000000
173.306539
160.193615
158.454666
209.743466
142.227068
130.128210
159.199605
161.116812
135.718371
146.238090
137.668685
104.659139
108.725953
174.434336
228.268771
107.954545
166.552807
82.048302
86.388803
163.107255
127.132963
83.676911
150.667863
237.192614
144.002791
126.360182
116.029193
117.024430
157.085689
170.425793
134.451827
177.443182
150.440719
150.315420
124.089192
136.035467
126.826039
145.189394
146.702398
132.322432
159.520781
176.495149
185.990735
118.306443
178.731144
143.649647
132.899082
134.705530
172.129948
137.172711
179.794143
109.382650
161.706196
126.455667
66.685461
103.563835
176.645956
143.778762
153.292411
89.133280
98.678303
117.202819
188.856286
136.428571
211.386286
158.039726
107.350567
178.192559
111.718410
122.611676
171.591051
171.055402
138.958112
93.991556
103.892020
236.173688
145.089321
115.145121
189.906000
154.618139
211.157078
234.609806
155.576510
100.295343
106.146350
131.431534
137.033479
127.687816
153.949158
189.673904
80.484304
122.092941
128.380595
125.219281
234.689166
195.803968
165.434893
226.900642
165.959914
165.547030
101.801449
143.404687
75.821791
208.962272
236.406443
202.826492
115.306302
159.218606
106.457730
98.540460
162.692038
133.333059
166.742539
153.287587
157.939929
130.215372
132.358016
151.720883
194.763679
162.174872
149.556328
126.989725
194.376955
133.791719
76.535859
142.641109
172.492477
102.943858
130.466217
257.695295
195.046860
191.348560
174.291914
157.923959
172.438989
110.418547
163.722192
114.673551
76.636423
130.440065
146.931881
91.876104
110.686632
144.694376
126.206958
154.282175
206.048343
86.054302
126.695919
196.385017
184.170871
152.672782
150.963834
145.395539
165.505565
199.397581
144.536823
154.911489
120.938938
193.508098
185.816533
197.402427
154.507798
116.145487
83.730114
94.720901
111.300013
140.868796
218.454341
34.010417
169.869484
155.632926
142.033153
114.819404
125.933375
186.401921
173.103318
175.896233
167.108763
225.262598
168.656183
63.297444
168.148790
193.639833
170.992098
208.785483
27.604167
45.781250
114.653299
119.610100
139.391666
153.644901
123.455497
169.693656
123.319116
150.650258
181.016117
150.904971
191.830303
181.330748
171.555145
128.076487
176.041337
187.772492
167.278912
176.442666
119.782956
63.546648
68.143382
124.888660
119.652953
206.575798
169.807105
214.199378
198.587590
128.902695
165.810604
83.835745
124.474116
143.293406
198.407471
141.729615
74.518250
110.468978
185.166994
161.950312
124.810706
134.572238
154.548611
136.186067
130.648977
214.152868
186.243943
129.449979
95.707934
155.223784
119.881211
124.038920
146.778748
160.702709
124.870130
145.087232
146.329384
186.254656
218.465613
211.086597
88.306197
205.443597
147.117888
95.608047
194.388253
215.804021
164.851320
145.160704
153.827826
165.380661
114.075640
58.348214
154.473636
119.937255
179.381133
152.138171
110.034556
131.837352
85.069972
143.566634
123.158389
178.852824
90.525641
104.233880
97.028968
100.123052
170.183457
232.959409
138.728275
109.824811
214.080663
127.196943
161.273328
115.377976
89.280303
98.870821
78.464200
78.003472
107.241701
82.840074
139.919642
126.052715
132.264443
196.076850
99.871791
206.023419
115.457702
154.464845
217.502516
98.741776
120.690625
144.446451
139.175098
140.037002
137.703807
89.457137
68.008578
215.850157
83.723973
222.065302
143.971795
170.762484
117.746568
129.947240
186.106090
190.804392
126.688583
146.797502
173.858293
160.193670
267.041196
165.914264
162.716679
118.662582
192.277068
144.023660
131.664010
62.604083
150.645658
74.233193
95.742030
200.936807
98.249942
230.806668
179.731623
145.333765
189.007386
90.239341
62.882603
78.075980
158.981373
127.125502
203.892254
167.228014
148.259843
261.884852
130.189536
124.958832
176.974966
177.581249
192.172009
203.274491
226.669010
191.619108
132.744053
161.313102
70.648797
47.395833
223.614195
214.168402
122.801486
155.282535
102.390725
121.772858
58.258945
60.312500
206.014311
155.817513
143.528991
143.976836
147.048917
136.082799
98.758870
84.218750
108.680233
134.558246
174.001850
137.498800
144.720451
191.318553
202.179296
200.201915
141.975654
157.415668
137.347884
270.302038
129.848137
186.652750
176.360471
128.869253
209.897424
82.786784
127.818983
171.099429
229.964447
141.708553
64.895833
147.005208
194.636491
122.517609
55.749652
141.856808
112.830435
162.298988
76.250000
135.716801
82.364719
143.804556
175.954640
116.498162
237.807653
192.160727
118.606183
147.035983
168.397898
128.258049
163.544038
174.577387
181.268473
109.398129
52.942282
82.954849
120.825748
192.768545
156.455728
179.826885
102.013395
179.292691
159.064815
98.046435
144.065610
152.892757
168.310440
126.932627
185.486533
144.912122
195.910676
193.041126
127.320043
187.427759
117.991584
129.283977
95.432221
149.961542
144.399278
142.098165
141.342163
198.618117
101.467962
162.250564
152.265104
201.096125
138.302313
165.340983
176.822153
116.666441
185.306238
165.275674
100.157079
129.054411
167.556102
147.076668
93.336414
158.810010
185.060825
167.338537
183.993545
98.518769
212.142452
89.262486
153.701966
113.279180
145.727388
194.830599
215.470027
112.502782
162.170526
165.468092
200.889079
137.824774
201.443933
154.910975
163.529305
172.934813
254.383794
170.521506
125.774237
219.924035
142.952206
160.697024
211.153200
178.156047
158.396759
167.244127
144.933431
203.311038
146.108281
164.426987
153.144837
167.287312
130.325937
174.319526
177.612869
134.501552
213.980711
101.948173
117.965909
142.542062
157.859827
125.217391
155.317721
161.377826
159.614770
107.251445
183.025853
127.438492
78.027992
165.693126
165.464059
112.148333
200.305131
162.423309
107.100840
127.243207
164.517047
127.144982
193.693005
166.808855
140.236053
197.652284
188.214209
101.350782
216.502689
161.172898
174.941760
141.454108
149.289293
128.603098
182.753623
119.826199
267.717665
181.731827
212.613927
172.522769
174.012446
174.274554
96.042845
91.947130
170.017439
146.374965
146.588784
102.767857
159.512653
92.000000
111.661889
236.791279
193.538361
171.557534
136.917227
151.200570
212.632498
166.523519
111.715686
181.325606
180.927473
228.716401
141.235931
141.342912
196.099846
163.728654
174.719480
161.705811
157.836625
168.289959
159.843881
116.966912
214.394288
166.193698
154.990326
86.376184
120.435270
161.417500
147.485978
209.704794
227.553346
113.609185
178.480607
161.322044
117.060606
164.743820
181.939799
74.751221
118.589729
145.119300
101.385726
202.974890
202.138267
210.462130
99.909481
110.312500
121.607143
189.635642
143.454843
129.603118
107.552011
51.912568
164.973148
170.322138
112.900531
134.232929
152.488239
195.531959
175.040234
138.714411
233.679227
167.672077
179.741582
108.148556
88.142271
133.996257
151.655383
142.492077
169.237699
147.806519
110.181138
209.116207
161.593657
189.958450
179.995070
137.139706
169.490254
179.372469
109.509047
105.574437
106.622727
159.929361
154.167375
150.417704
145.729167
186.723890
148.707175
211.674573
165.272503
108.290967
218.451635
174.440598
185.763235
162.095004
155.346903
79.935565
115.928683
168.509956
102.077011
202.023740
122.844888
218.110004
150.474796
192.700893
196.392343
164.487458
146.706716
213.282224
122.857727
146.102431
129.583333
225.025197
131.353442
119.515413
160.606716
131.505284
182.081297
169.829440
147.667496
112.947947
189.776826
124.634428
89.085439
120.221307
151.590919
179.456311
206.638784
196.601615
131.329671
198.011879
162.499110
121.691197
171.300971
139.348312
228.451123
154.836097
174.019912
157.916667
110.986994
173.906313
131.315559
133.982566
96.302772
146.170591
142.819090
49.200291
134.276358
159.409045
106.144024
81.045030
129.903846
140.746074
171.598395
158.944440
174.577882
66.525936
150.786004
121.515555
163.474737
123.710938
205.261141
69.851668
100.324983
139.266562
114.549865
231.513548
199.659091
142.322350
143.839807
115.342012
90.647834
159.230871
116.413119
197.262091
174.425418
73.313449
163.519867
151.188952
55.026390
28.061553
185.927605
164.903230
99.940413
188.620846
147.165950
182.572122
121.350378
89.250757
100.579884
186.945166
165.802126
158.615950
101.704326
149.642908
129.169635
119.599595
152.939909
98.234946
119.812946
93.996212
118.098548
197.166588
164.906276
191.961161
210.876013
186.953211
152.332923
120.539773
104.687955
130.315695
79.415702
152.772014
131.685770
84.800420
131.757335
105.230224
132.993292
144.040851
146.003840
215.238394
231.160661
124.678661
145.352549
133.664776
117.383928
140.948210
125.769287
131.552978
186.698254
194.810496
192.140855
151.329900
165.764477
102.658678
156.446492
189.102367
166.294494
211.434356
183.553317
179.519970
106.851883
109.445435
211.128538
89.064645
99.129162
120.991162
105.687978
118.992409
128.397329
181.872010
174.340909
152.772997
149.720138
92.741501
161.477641
145.762469
195.016194
151.902930
151.041973
114.853012
109.427951
83.497322
157.734942
241.150061
126.761273
177.577887
198.244379
114.514181
178.289034
69.109592
153.136852
107.347569
144.237358
192.507470
179.231204
144.754497
198.343522
219.157640
146.447069
221.700494
142.787817
142.086474
150.872420
126.862418
238.281363
90.955397
133.353872
148.503371
153.012054
52.645341
87.772332
146.911678
162.814387
160.771022
179.044460
92.792773
151.444254
185.099225
190.674154
156.503489
148.757555
128.018098
58.330294
29.368640
131.573760
206.838354
97.944627
191.106307
178.049889
174.805649
156.580496
192.977403
144.939935
201.699035
111.913199
180.435474
144.162852
148.756353
154.858363
214.735162
169.419505
79.592893
142.186545
218.108677
133.739878
114.634847
190.265418
84.791439
138.437071
162.636570
126.521703
222.690870
119.738902
159.761331
164.964659
187.077772
109.100167
132.198110
139.305408
160.115438
120.456982
127.748715
147.696429
127.023810
136.857176
200.273248
163.179082
86.249329
190.200144
165.929598
146.795206
248.953884
150.650641
148.158848
69.866041
137.715640
141.503673
119.690675
221.306975
117.147321
189.301881
167.382255
130.687023
116.457441
144.051353
207.708634
162.378852
179.305272
65.640710
156.192328
131.379723
130.414610
160.886942
120.348569
250.304225
205.170701
215.825254
182.319755
142.118132
122.855196
97.818267
202.143536
159.924839
174.590950
205.081981
146.373872
176.889036
144.675132
136.935775
148.744905
125.596617
185.527669
102.426812
116.112891
150.026035
156.848363
131.167087
199.540901
130.195238
184.335307
205.121243
137.640735
110.210189
155.192050
198.792050
153.681284
181.622933
193.429662
205.149318
116.533883
162.180949
173.037329
119.462581
110.551368
100.102149
196.267006
135.289299
131.875609
135.741259
153.657419
145.864423
144.484329
144.137945
199.226026
197.337700
234.138202
78.598840
125.507580
143.693012
193.347300
204.473429
50.000000
113.258842
198.448927
220.045019
113.677056
79.295722
153.244455
170.949051
125.102894
129.648916
136.338504
141.268437
114.785526
193.195295
185.316714
148.371797
101.985068
78.426136
125.093525
94.145853
144.621241
213.340616
112.369850
131.149721
98.469122
171.443018
169.239496
82.481680
118.447382
127.216639
96.149127
194.704185
121.189792
134.054215
119.275022
143.482128
135.088660
137.839211
219.921845
223.310658
219.092673
140.274449
142.476130
130.000049
194.014298
152.943929
130.114261
196.837291
168.720118
116.928415
122.645225
137.161106
141.658037
155.730331
150.240919
156.472049
132.323057
161.473019
165.475694
89.416172
174.117739
108.496855
169.005231
117.932848
129.491223
172.757202
119.929250
156.629567
209.092590
76.735532
148.916226
129.045069
176.103968
136.460751
134.123389
223.456817
134.391050
161.587841
132.990085
173.035084
112.536324
129.104981
133.624482
200.695735
122.964022
74.526965
156.752959
183.756135
153.471169
119.535261
144.757228
136.645935
124.550521
195.341273
219.086125
86.047446
198.562229
81.153067
126.735537
103.787178
83.506944
155.936788
75.068780
143.049250
128.763212
135.162077
80.251102
147.850398
71.312860
156.543431
131.859535
147.137877
72.652885
134.385320
136.200147
114.182178
104.732374
148.959210
191.408381
105.645554
109.375254
84.638158
73.355416
164.410992
112.130943
190.797995
196.508745
137.059682
153.718466
123.480861
162.602842
197.955906
47.503233
146.240351
138.114259
161.385484
164.417989
165.562253
87.847098
78.273810
111.740101
111.728129
112.560258
175.541846
201.639726
75.138884
132.262074
146.521164
96.776593
116.310791
173.851039
129.429564
133.857307
156.992713
123.242405
88.107321
171.733425
81.835678
81.454703
171.307386
73.181083
144.914438
121.067030
130.375403
171.016976
241.001872
126.545985
113.722541
125.081583
181.411458
142.935073
136.455842
163.278904
79.759091
182.630672
181.812392
130.373842
140.916823
148.599294
158.119845
107.618486
147.369624
186.045131
200.527686
115.152418
144.302737
110.412191
92.840379
167.618836
145.995217
173.314348
189.648363
140.411534
130.372590
66.676056
140.789084
214.982816
127.222222
83.954438
71.678556
183.455722
158.042755
136.083271
210.422150
119.040965
217.307754
180.862855
173.633533
87.604167
124.581621
163.871938
98.597835
188.417289
135.240565
137.683351
150.656875
203.639666
101.508929
128.020442
120.218649
152.322412
126.422524
116.458252
186.229946
125.221562
196.347398
175.239327
139.706440
181.839872
182.125676
138.761761
172.130307
125.937849
179.514881
126.188811
201.971235
103.125956
131.312261
185.839071
132.721664
209.566410
131.041203
174.780112
207.518130
87.982050
195.423228
134.961098
80.558475
206.050660
166.130197
113.430556
179.661458
198.857221
140.967391
187.823279
173.262638
100.633308
155.102678
180.221032
81.080357
148.275608
161.235293
127.880554
118.893209
177.981495
196.236479
179.103565
143.013393
176.261237
241.709538
131.291751
135.242675
172.005375
159.758403
231.836451
191.775898
95.192999
168.846017
174.808385
182.219837
131.531221
111.183777
116.343599
104.606750
146.945045
152.054791
83.255578
157.409577
188.077395
86.123311
111.279434
190.304671
160.068845
102.056818
107.949691
154.860781
133.881544
173.331985
150.084911
77.272864
125.368252
182.255081
144.415220
114.546196
128.445148
152.585037
119.883785
206.487173
150.264731
160.998297
99.913602
142.513554
125.340259
137.395640
123.010197
103.775959
154.799056
232.923930
155.257259
152.975054
98.891718
151.551507
155.708087
96.044446
221.570229
204.852701
151.195099
156.348608
152.774318
183.516390
178.296228
131.181250
86.509067
169.067918
177.072548
203.342028
102.451336
230.868723
152.562413
193.168892
237.799341
132.337396
76.802467
94.512532
161.285122
136.074962
169.555707
144.756607
155.632751
113.031247
199.435070
185.197625
184.626529
170.678939
96.784735
160.053561
121.699561
135.708333
118.066769
185.191044
150.830283
145.735925
172.046633
120.405267
187.212837
123.062171
119.850557
92.711379
148.773547
156.171011
134.431070
124.319986
132.802537
209.300997
106.298570
196.807100
119.491025
103.000576
241.713443
178.048075
174.612823
91.363698
145.204829
159.060624
137.849825
143.422071
111.394642
191.313973
197.986764
160.875000
156.898802
86.999667
148.307744
188.247559
220.452311
163.193798
175.974951
222.245152
172.299912
91.316567
87.816857
169.311438
106.373203
142.073923
154.322745
169.862325
206.872926
164.391847
157.056141
166.089209
115.325296
146.158041
209.170134
192.362449
173.456809
113.258727
154.570450
151.894576
123.489433
222.951583
129.244052
217.182515
141.124990
171.760240
145.358332
128.081213
135.381043
172.904016
198.199735
94.091807
100.760403
198.703072
207.207176
137.624639
86.755174
103.575938
125.986972
110.114008
260.714331
117.662615
121.263869
119.893755
174.093959
261.487560
128.099452
125.204216
184.586828
90.124404
212.733056
154.580967
109.927096
134.657732
114.427571
221.040485
63.924624
122.397443
111.394392
143.563281
101.863095
188.899811
227.488700
104.556373
129.449359
133.654607
149.402338
175.660097
125.941449
114.666358
244.740142
151.208007
125.024180
104.236659
204.264057
152.253660
67.947799
188.157059
118.949004
179.830650
145.610119
170.658485
117.960713
198.033460
128.679435
214.959301
166.168591
191.651693
173.290326
76.869690
217.491455
133.732359
138.300202
121.158027
223.855180
168.068989
114.959280
165.911363
110.070343
151.303462
171.673743
147.076091
192.062044
205.580357
130.698582
187.906986
151.300383
162.398977
70.293668
149.505905
190.387582
161.011905
189.236443
152.349875
112.538928
123.368285
83.154762
172.683210
94.669427
208.446421
213.046376
181.775152
188.432790
98.744506
165.691557
268.875602
182.023810
125.222524
154.070918
117.277646
154.259649
125.507361
160.511800
161.073119
130.954640
107.643256
191.167098
230.648206
130.857408
137.630056
174.137069
137.821301
135.011680
119.911136
95.702872
77.583333
124.348438
131.435290
207.914465
184.691749
152.090505
138.955981
179.193942
181.690592
163.480455
94.126168
97.885028
106.715200
125.565809
177.378117
150.155743
66.790036
73.778610
141.000467
108.997182
93.923238
37.500000
185.666357
182.399436
175.504574
164.178116
99.086660
114.083514
180.341763
135.723643
52.859649
99.668514
104.334307
129.557544
155.119213
85.792393
194.004442
163.670471
129.788243
128.951914
185.144488
198.501930
214.404628
143.077652
132.277778
128.732826
54.007319
105.121424
206.445157
129.558705
96.181818
117.587676
132.580504
176.309683
106.359584
110.562006
138.656225
126.898147
134.654762
89.099101
35.705486
108.461755
118.214624
110.544308
151.074065
192.193294
151.590610
122.239828
117.652244
103.837164
74.748930
114.012581
168.586271
105.817317
79.325930
99.931567
99.140828
162.493002
165.260329
127.759435
137.075384
208.877156
121.410574
97.291667
159.789773
130.608696
137.271350
194.157956
187.880663
98.198987
151.077048
95.600920
120.072000
154.439659
144.783894
119.682887
107.777532
72.727832
148.654301
119.376455
147.834882
199.294166
126.501396
156.791408
112.738060
121.942466
140.409980
179.506098
124.301572
198.143274
139.777099
124.680587
179.014086
149.771706
172.912643
125.942082
173.270202
150.028616
129.110444
205.589151
109.057577
192.103751
109.836904
141.695364
140.948864
177.335695
115.000700
135.390692
99.477305
202.369148
177.194656
154.383232
123.242723
100.631917
115.831077
209.956848
119.860248
119.384058
141.681974
162.349160
122.092918
149.327986
135.930432
110.174379
181.891835
120.594383
105.847579
170.224199
113.872807
152.553512
160.685684
227.604317
143.091857
128.450909
133.988919
163.430119
127.720466
145.283812
126.341536
124.580380
160.785961
144.101964
139.032324
96.346529
156.229961
100.954545
92.831858
112.921648
156.661070
146.000544
134.770837
60.279738
123.795400
137.520897
182.350644
137.333135
156.622585
187.519193
173.069009
107.749753
144.702140
142.701518
196.124519
103.590909
156.594025
116.758135
116.029040
158.115895
138.341153
117.636197
172.939514
128.335749
168.435388
125.227343
94.627391
160.571083
107.102370
134.349293
141.206068
203.860476
185.612782
159.675760
195.054211
174.993975
166.944395
151.480811
132.317827
172.114041
156.120469
116.015024
102.910180
125.379821
224.839217
141.623048
121.954509
119.422906
159.640891
177.787264
166.608700
172.862753
202.269702
111.263684
97.761179
157.923414
171.586909
149.806897
124.680438
176.728103
95.976989
132.518671
163.709314
127.845660
149.576907
114.880699
208.688438
221.195287
140.370298
71.612519
165.078755
193.324176
151.438942
183.354384
161.119359
133.466635
94.932083
126.167493
70.831075
187.357889
140.555406
149.995454
135.156329
79.633608
97.814421
129.501234
159.426765
113.729583
91.649966
148.519552
96.567200
112.896160
110.337644
220.430851
128.838610
195.535949
179.847089
76.620052
70.737822
128.695877
168.265508
91.444215
81.582578
114.615581
68.099881
195.071140
117.097773
120.456182
99.935812
183.811962
206.534876
131.627254
141.380144
172.456624
112.542704
130.321676
114.621803
204.379195
192.242965
88.640718
91.630362
150.194271
88.357865
184.311649
125.932832
136.386998
199.895718
161.475145
96.425606
185.644087
102.921631
102.523452
57.990680
121.444479
157.193625
126.735109
134.039448
190.367999
161.894633
150.865461
197.945029
177.399299
141.079489
145.441683
177.348241
103.662827
192.818144
139.589789
105.663299
109.687405
110.000000
261.838162
188.245815
80.375219
178.290746
122.572328
112.047932
165.317670
142.323272
180.420057
144.633458
142.996056
125.512407
97.184294
58.569382
169.971754
160.872257
199.132817
120.306157
105.670606
188.401350
196.216715
170.401786
119.823718
155.361244
75.296667
75.574127
184.356066
167.750000
161.867788
109.183978
201.288589
154.490773
102.907593
160.742424
57.031441
101.395292
142.051816
196.528623
111.527288
135.891835
51.005221
149.381595
136.165495
140.121411
145.850383
19.445986
53.187329
64.125000
75.868624
137.342323
138.757669
95.625000
69.762498
103.043494
42.250000
82.826407
77.000000
52.031250
