RESERVOIR_NAME   RES1

MP_CONN

GRID_DATA  #########################################
GRIDSIZE  50 50 1
DX	10.0
DY	10.0
DZ	10.0
PERMX
3.981	4.107	3.958	4.155	4.406	4.507	5.837	7.438	5.834	4.832	3.676	5.485	5.501	5.16	4.91	3.996	3.676	4.526	3.496	3.394
2.673	2.856	3.069	3.304	3.406	3.437	4.033	4.099	2.889	3.297	4.685	4.257	3.146	2.681	3.911	4.402	4.117	4.826	4.613	5.175
4.584	6.457	5.97	6.149	7.631	7.392	7.306	7.574	7.474	6.063	5.39	4.714	3.477	3.247	4.878	4.811	5.144	5.509	6.137	5.353
6.708	6.179	6.449	7.792	5.785	4.091	4.214	4.623	2.993	2.545	2.161	2.371	3.975	4.018	4.266	3.599	3.648	3.542	3.466	4.79
4.153	4.038	4.633	4.379	3.007	3.242	3.346	3.943	4.058	4.452	4.927	6.355	7.628	9.284	8.496	7.046	8.447	6.648	8.164	6.984
5.862	5.05	3.598	3.648	3.246	5.921	4.855	5.957	5.96	5.524	6.845	6.976	6.954	6.614	5.385	5.479	3.679	2.966	3.98	2.892
2.33	2.652	3.763	3.711	3.541	4.936	4.141	4.106	5.385	3.953	3.103	3.656	3.765	4.586	3.567	3.617	3.761	3.677	4.601	5.65
6.285	6.119	9.799	10.88	7.672	6.962	7.178	7.865	7.354	8.629	4.685	5.315	3.825	3.672	3.97	5.726	4.18	6.128	5.286	5.198
4.863	6.054	6.081	5.123	5.581	4.695	3.722	5.129	4.551	2.719	2.991	2.932	3.524	3.542	3.849	3.234	3.962	4.577	4.435	4.001
3.81	4.268	3.064	3.915	3.266	2.162	3.265	3.521	7.191	6.082	6.788	6.176	8.45	9.308	8.055	6.094	7.92	5.744	7.639	7.535
3.594	4.359	3.527	3.588	4.34	5.349	5.121	5.119	5.836	4.792	6.007	4.159	5.459	4.905	4.878	4.447	3.623	5.872	5.039	3.813
3.348	3.826	4.118	4.422	4.254	3.037	2.998	4.801	5.95	4.178	4.119	3.911	3.446	3.901	3.701	3.153	2.736	5.945	6.353	7.757
7.569	5.793	8.08	5.262	8.314	6.314	5.082	6.359	6.133	4.999	4.144	4.044	3.865	3.744	4.259	4.229	4.781	4.684	4.882	5.206
4.548	4.272	4.297	3.782	5.53	4.557	5.819	4.339	4.805	4.987	3.557	4.292	4.414	3.97	3.895	4.765	3.544	4.888	4.934	3.683
4.238	4.015	3.807	3.258	3.184	3.247	3.939	5.226	6.574	7.94	7.076	6.204	5.518	6.336	5.239	4.401	4.112	4.048	4.811	4.972
3.906	4.153	4.418	4.187	4.118	4.912	4.015	4.33	5.446	4.252	4.875	3.917	2.875	4.044	5.308	3.795	4.983	4.157	3.616	4.682
4.101	3.63	3.054	3.25	4.173	3.689	3.698	4.251	4.801	4.308	3.918	3.203	2.662	3.67	3.314	4.244	4.088	4.71	4.844	6.23
6.75	5.481	5.047	4.44	5.199	4.108	2.909	3.63	3.889	5.951	3.854	3.976	3.831	3.887	3.452	3.192	3.921	4.592	4.042	3.834
5.124	4.096	4.754	4.435	3.748	4.411	3.855	3.63	2.841	4.625	4.421	3.407	3.267	2.878	3.91	4.197	3.88	3.35	3.855	3.334
3.352	3.288	3.367	3.573	3.559	2.69	3.116	3.845	3.539	5.239	3.973	5.138	5.035	4.786	4.685	3.484	3.151	3.191	3.584	4.721
3.348	4.046	3.568	3.206	3.479	3.747	3.772	4.163	4.286	5.015	5.456	4.655	4.551	4.653	6.286	4.795	5.174	3.564	3.579	3.08
5.252	3.886	3.554	2.99	4.176	4.083	5.656	4.78	3.691	4.374	3.514	3.129	4.566	3.211	4.857	3.556	2.904	3.485	4.643	3.662
4.403	4.402	5.141	4.335	4.604	4.57	4.037	5.223	3.533	3.831	3.423	4.114	3.114	3.916	4.32	3.108	4.088	4.033	2.941	3.139
3.403	3.291	4.451	4.533	5.092	5.34	5.189	4.863	3.405	3.984	3.748	4.083	5.123	4.571	5.791	4.692	4.762	4.224	3.918	4.436
3.642	3.404	3.934	3.774	4.39	3.785	4.235	4.188	4.533	3.938	4.143	4.856	5.824	4.702	4.447	4.75	4.824	4.052	4.198	3.844
3.329	3.234	3.52	4.373	3.274	2.655	2.448	3.578	2.86	3.338	3.187	3.62	3.958	4.196	5.278	4.209	4.029	4.822	3.563	3.455
3.702	4.423	4.339	4.298	4.463	3.856	5.188	5.006	5.084	2.883	2.846	4.287	3.371	2.568	3.818	4.15	4.115	5.148	4.149	5.166
4.507	4.299	6.961	6.363	5.953	4.312	4.669	4.493	3.384	3.112	3.04	2.658	3.26	3.339	2.883	2.558	2.535	3.099	3.207	3.107
116.3	192.5	3.843	3.743	4.887	4.969	4.081	3.458	3.041	3.39	2.997	3.96	3.31	2.958	3.539	4.092	4.444	5.196	4.593	3.353
3.431	4.302	3.392	3.839	2.937	4.188	3.431	4.568	4.869	4.249	5.195	4.95	5.994	4.915	4.665	3.489	4.288	4.01	3.61	3.246
3.13	4.118	3.954	4.237	4.449	3.159	3.358	2.91	157.3	163.2	113	133.6	124.9	180.6	5.08	4.096	4.526	3.696	2.708	3.13
3.252	3.831	2.573	3.528	3.632	3.8	3.564	4.655	5.609	3.694	4.307	3.541	3.438	2.59	2.842	3.268	72.39	97.22	6.085	4.983
5.294	5.202	4.611	4.687	4.981	4.864	3.708	2.967	3.049	3.837	3.539	4.696	4.153	3.441	4.288	4.813	4.543	4.246	134.6	114
89.16	119.8	84.54	101.8	123	3.64	2.789	4.071	2.828	81.75	93.42	129.6	137.3	124.6	127.1	103.6	96.03	5.215	5.265	4.255
4.862	4.02	3.142	73.27	79	76.01	115.2	106.2	117.7	155.3	6.522	5.029	5.45	6.049	5.876	5.694	3.764	3.443	4.236	146.1
3.252	3.918	3.615	4.252	3.566	3.218	3.687	151.6	94.92	93.61	3.973	4.078	141.3	144.3	154.6	132	81.32	72.03	59.66	90.02
79.62	82.52	91.98	150.5	148	103.1	128.6	177.2	246.7	217.7	250.2	132	147	88.15	82.86	83.89	97.59	106.6	147.7	120.4
132.1	124.8	5.308	6.089	6.017	6.354	4.425	4.625	6.864	137.9	3.689	4.79	4.051	3.931	3.946	5.167	5.185	121	90.12	5.073
4.78	5.628	5.527	171.1	140.5	107.7	95	78.18	89.65	76.61	84.95	98.12	83.51	123.7	98.47	122.2	132.1	114.4	130.1	141
130.3	196.6	161.9	148.1	111.4	88.1	98.85	141.1	137.8	113.7	148	136.9	150	177.2	4.476	6.57	4.481	5.351	118	139.2
3.41	3.685	3.815	4.167	3.903	3.843	155.8	94.95	5.324	5.129	5.94	7.409	7.86	6.215	94.92	79.38	108.4	114.3	105.6	76.96
4.693	4.247	4.056	4.766	4.961	152.6	4.397	111.8	160.6	132.7	156.1	154.4	150.2	111.3	77.1	3.665	4.717	6.38	5.07	4.691
150.7	155	115.5	138.3	135.5	3.897	5.43	98.63	81.12	155.2	3.326	3.767	3.807	4.356	6.453	92.51	170.2	4.763	7.455	5.763
5.497	7.134	6.028	7.142	6.615	5.385	5.852	5.191	3.737	3.662	4.806	4.651	4.489	4.972	3.449	3.78	4.736	4.086	4.857	4.117
4.783	5.499	4.875	5.307	3.941	4.874	3.942	4.935	3.986	3.782	3.536	3.623	122.4	177.1	170.7	151.5	125.4	126.4	96.78	5.379
3.072	3.545	4.302	4.86	6.141	122.4	188.5	7.168	6.615	4.852	5.983	5.702	5.381	7.896	7.06	5.714	4.737	3.796	4.126	4.985
5.267	3.484	4.241	4.258	4.706	3.423	3.364	4.656	6.105	4.482	4.75	4.597	3.886	4.641	4.894	2.934	3.355	4.73	4.056	3.59
4.005	3.525	3.645	165.6	171.2	137.3	104.7	102.8	74.67	5.764	3.461	3.919	4.129	4.652	98.21	134	5.624	6.324	6.686	5.372
5.955	6.291	6.79	6.397	5.35	4.382	4.833	4.601	6.499	6.14	5.689	5.307	5.073	5.208	3.729	4.807	4.033	4.774	4.186	4.269
3.971	3.355	3.363	4.586	4.445	3.678	4.008	4.841	5.119	2.753	2.671	3.613	3.863	3.309	4.188	3.719	89.5	87.58	69.35	71.06
2.522	3.674	120.2	75.53	67.03	5.106	5.109	7.498	6.687	5.209	6.087	6.495	6.65	5.949	6.14	5.753	5.916	3.516	4.49	4.646
5.683	5.633	5.121	5.091	4.009	4.092	4.147	3.926	4.776	3.707	4.5	4.35	2.87	4.945	4.099	4.417	3.722	3.621	3.259	3.377
3.309	3.29	2.949	3.281	3.728	132.2	99.4	80.7	93.01	84.9	100.8	113	114.8	78.36	69.78	5.337	5.085	5.52	6.95	5.49
6.948	6.606	6.601	5.374	6.522	6.021	5.252	3.766	5.038	5.351	6.412	5.873	4.372	3.915	3.649	3.842	3.719	3.342	3.992	3.471
3.784	4.73	6.177	5.555	4.406	3.199	3.067	3.107	103.3	137.3	120.6	146.5	189.7	192	146.4	138.7	117.3	90.64	127.7	79.89
99.03	103.9	137.8	78.61	6.488	7.459	7.023	6.39	5.892	6.757	5.473	5.891	5.742	5.031	4.377	4.414	4.15	3.435	5.604	5.784
5.044	6.988	4.083	2.916	3.998	3.496	3.459	3.213	3.815	4.906	5.621	6.351	5.532	5.49	3.768	3.304	3.407	91.37	125.3	147.2
177.2	174.3	160.6	142.9	149.2	137.2	104.9	134	203	179.2	121.3	86.41	101	6.89	7.489	7.266	7.567	6.878	7.905	5.368
6.076	6.075	4.889	4.89	5.121	5.655	4.849	6.323	3.435	5.518	5.859	4.866	3.513	3.213	3.644	4.441	3.593	4.564	3.767	4.166
4.315	5.823	6.027	4.914	3.847	67.96	90.71	98.97	101.7	137.2	161.7	106.4	115.1	124.6	136.3	142.7	151.6	109.6	154.6	186.5
5.335	4.631	7.302	7.204	6.728	6.518	8.297	8.72	7.261	5.656	6.219	5.974	5.784	4.674	5.197	5.132	4.969	5.839	6.491	6.107
5.782	4.09	4.611	3.595	3.842	4.113	5.719	5.883	3.572	4.556	5.204	5.945	5.029	3.824	123.3	158.6	130.9	169.4	140.9	191.4
120.2	105.1	83.6	130.1	112.4	140.9	173.6	182.6	111.7	108.1	4.222	4.893	5.466	5.673	7.722	8.201	6.479	7.262	6.097	4.86
5.07	6.321	5.813	5.742	5.529	4.551	4.847	3.963	4.446	4.168	5.739	6.783	5.412	4.317	4.809	4.058	5.811	4.875	5.606	4.67
5.945	5.683	3.667	101.7	130.6	135	170.1	153.3	237.6	223.7	149.5	98.5	114.8	130.7	166.7	205.6	169.5	189.3	162.1	162.5
3.893	5.224	4.931	148.8	106.2	105.3	71.93	6.505	6.335	4.566	5.769	5.683	5.723	4.287	5.11	8.392	171.7	140.3	178.5	198.7
5.644	6.329	5.341	5.749	7.491	4.76	5.449	5.227	6.298	5.154	6.129	5.179	205.6	160.3	196.2	170.6	162.9	242.6	201.2	185.2
162.9	119.3	105.6	84	3.105	3.689	3.801	3.079	145.2	151.4	4.602	5.048	145.9	111.8	98.82	72.44	91.3	106.7	141	4.152
4.845	5.812	7.745	5.37	118.4	133.7	176.8	161.5	239.8	178.5	119.2	74.12	5.446	6.515	8.271	6.897	6.171	5.219	4.83	5.952
6.841	230.9	234.8	262.4	238.3	170.7	208	256.1	134	145.6	200.8	147.9	104.7	2.795	3.008	2.769	3.195	3.268	4.081	4.588
164.7	189	206.5	93.31	86.38	68.54	70.95	64.42	63.89	104.1	5.061	6.107	7.733	9.217	88.91	154.5	143.5	165.8	192.9	148.4
138.5	108.9	87.51	8.072	10.68	7.35	5.905	4.496	3.052	3.768	273.5	216	298.5	217.9	270.5	216.6	199.1	254	222	191
170.1	136.7	3.993	3.885	4.842	3.379	3.455	3.144	4.365	4.596	205	165.4	190.9	87.04	89.77	61.19	71.44	55.12	78.73	71.74
83.32	106.1	101.3	172.2	135.9	152.9	114.6	117.6	103.8	137.8	141.7	74.21	92.59	67.42	90.41	117.7	4.536	4.264	4.058	122.2
189	155.8	224.8	300.5	252.5	211.4	139.9	218.5	178.8	178.6	168	5.121	4.242	3.423	3.671	4.563	4.146	3.511	4.594	3.475
140.6	147.9	110.1	78.69	67.93	62.65	75.16	60.36	86.93	64.26	108.2	92.96	149.8	125.9	93.58	128.7	96.54	120.6	90.25	128
113.1	80.76	104.1	107.4	58.22	70.57	68.05	49.92	91.4	91.01	174.7	175.1	298.5	275.6	178.3	142.7	5.377	172.7	214.7	278.9
4.312	3.818	3.589	3.847	3.565	4.387	4.264	3.627	3.23	4.395	114.5	114.1	93.04	88.66	78.53	71.53	78.56	75.26	72.94	87.36
114.5	133.7	72.01	121.2	122.2	105.1	76.58	139.5	129.9	124.6	146.4	128.9	140.3	119.2	93.84	71.14	65.65	61.42	94.38	98.02
136.9	156.5	160.7	128.9	6.315	7.442	6.595	5.7	8.338	7.902	4.995	4.963	4.477	4.446	3.7	3.467	3.429	3.579	4.226	4.052
85.66	101.4	76.38	97.66	89.56	78.51	106.6	87.82	68.19	104.6	125.4	107	82.81	108.5	130.6	110.8	139.1	7.057	6.476	6.519
5.554	94.38	111.6	98.03	90.21	62.52	94.4	98.42	109.9	102.4	104.6	105.9	128.1	172.5	199.1	149.5	160.3	172.1	155.7	243.6
9.006	137.2	191.6	5.219	3.681	161.4	133.5	101.1	3.694	4.311	154.6	3.446	4.817	96.26	3.885	98.77	89.7	109.1	73.7	126.1
96.33	104.2	130.6	110.3	7.088	6.006	6.443	4.804	4.69	4.341	4.368	4.589	5.264	101.7	100.6	68.6	76.21	94.88	109.8	98.04
107	152.2	101.6	135.2	153.1	183.9	126	150.2	175.9	173.5	141	159.4	220.2	211	118.7	154.7	114.8	118.7	159.2	117.2
3.853	3.714	3.418	3.154	3.56	3.608	103.3	101.1	118.4	90.96	89.01	90.36	115.5	134.6	5.849	5.644	5.108	4.26	4.313	4.649
4.808	3.447	3.285	3.64	115	115	107.3	92.06	91.39	155.3	100.8	107.3	109.6	121.7	182.6	95.36	129.6	168.4	115	178.8
161.9	175.9	245.7	191.8	162.9	126.4	125.1	129.9	99.56	165.4	3.886	3.55	3.458	4.451	3.455	3.95	4.766	110.3	112.2	134.8
117	120.6	157	149.2	6.763	5.51	4.676	3.899	3.648	4.264	5.566	3.25	3.025	2.667	2.235	4.721	3.726	4.805	117.1	92.88
116.9	125.8	149.9	92.33	123.8	122.6	128.8	128.6	151.2	145.7	160.7	139	155	152.9	156.4	113.4	176.2	116.8	114	150.1
3.52	2.974	3.859	3.076	84.77	104.2	89.23	77	99.28	121.4	152.2	130.9	121	6.226	4.722	5.947	5.345	4.602	4.225	3.363
3.503	3.123	3.036	3.045	3.368	4.384	4.688	135.9	114.2	102.6	108.2	99.1	111.5	130.9	111.5	96.59	121.9	161.9	168.8	141.1
157.8	149.4	163.8	116.5	115.4	83.94	134.7	153	126.3	119.4	3.416	5.159	3.112	100.1	82.04	79.29	85.07	111.2	116.9	146.4
136.7	148.6	98.36	126.5	4.705	3.564	6.431	4.491	3.924	3.972	4.082	5.059	3.345	3.759	3.341	5.203	124.9	122.6	118.9	161.8
118.8	94.85	101.1	107.9	137.9	79.65	98.23	5.625	6.086	5.867	4.912	5.59	152	130.7	109.6	3.511	3.531	3.647	124.4	131.5
3.543	104.2	94.64	98.97	89.17	80.39	117.2	92.39	127.9	138.6	147.5	140.3	118.9	120.9	120.2	3.497	4.689	4.917	3.218	3.39
4.53	4.594	5.2	4.989	3.821	4.488	127.6	120.4	120.7	122.5	110.9	118	122.3	3.842	5.014	6.426	5.916	6.121	5.233	5.556
4.904	5.673	4.789	4.612	4.868	4.343	4.459	3.344	3.257	4.005	72.15	100.6	137.8	135.8	116	84.36	137.5	90.4	119.3	120.6
101	123	106.8	117.8	151	108.9	3.168	4.505	3.562	3.561	4.727	4.365	3.876	4.328	3.411	163.3	153.7	104.2	148.9	124.6
3.801	3.896	3.699	4.4	5.86	6.299	5.973	99.29	95.13	124.4	122.5	120.9	4.79	3.86	4.464	4.03	3.318	4.173	5.359	5.651
93.87	73.93	113.5	127.9	103.1	137.6	147.5	105.2	4.126	90.85	4.808	98.94	140.1	99.69	92.67	92.85	123.3	92.07	4.074	2.794
3.958	4.084	3.515	4.933	151.5	138.6	143.3	171.4	3.987	4.817	5.346	4.894	3.981	4.791	4.929	154.8	153.9	117.5	107.4	117.2
113.8	124.3	105.9	96.01	3.7	3.678	3.148	4.215	5.127	6.281	100.9	84.31	114.8	96.26	91	84.44	4.796	4.025	3.416	4.108
4.266	5.161	5.006	138.7	187.1	168	127.5	91.73	74.89	3.276	4.036	4.64	4.932	196.3	164.6	138.3	111.3	121.3	119.8	102.7
120.4	110.9	77.59	88.87	117.5	81.1	108.6	128.1	97.12	100.3	121.4	123.6	125	117	69.57	3.877	3.734	5.16	5.626	6.279
83.28	85.87	101	99.92	4.704	4.255	4.906	3.767	4.179	4.661	4.572	5.361	3.361	3.376	165.1	135.3	100.6	81.81	89.92	111.4
135.3	4.352	5.423	125.3	115.3	75.19	106.3	108.3	112.6	86.2	78.64	93.91	106.2	96.92	132.7	155.1	125.4	91.4	82.44	121.9
126.7	108.2	84.11	104.8	103.7	88.51	99.15	89.76	89.53	96.65	97.58	89.14	3.968	5.448	5.789	5.807	5.075	3.561	4.036	5.664
4.713	5.996	5.233	3.054	1.995	168.6	169.7	73.22	69.46	71.81	109.3	106.2	119.7	145.3	133.8	114.7	155.8	155.9	177.5	92.72
140.5	143.2	85.73	115	174	121.8	135.2	2.829	3.723	3.476	4.274	3.127	70.58	64.69	70.98	63.98	62.57	120.8	132.8	125.5
4.093	3.468	4.355	5.451	6.94	5.76	4.935	4.942	6.09	3.346	5.064	4.234	4.568	3.295	2.494	2.297	2.02	90.1	69.84	75.91
131.8	114.1	150.9	159.7	177.2	141.5	176	185.4	180.4	126.3	131.5	99.47	219.8	160.8	179.7	2.413	4.303	3.936	2.988	3.192
2.903	3.67	3.65	4.191	71.66	131.6	100.4	95.46	114.6	106.9	135	3.099	5.622	4.3	5.284	4.747	5.328	5.632	3.911	3.654
3.633	5.275	3.359	2.861	2.623	2.534	2.362	107.9	85.42	138.3	83.5	124	142.2	137.7	128	144	190.1	5.725	5.38	5.696
3.65	3.473	3.422	3.449	2.572	3.116	3.3	3.608	4.164	3.272	3.552	4.061	4.117	4.479	4.28	104.7	87.57	104.7	74.39	76.22
134.8	100.8	89.78	6.275	5.064	5.393	4.794	3.937	3.628	2.905	4.043	4.654	3.192	2.5	2.965	2.757	2.737	3.347	4.558	125
112.1	103.4	154.6	149	93.57	158.8	131	6.001	4.363	4.451	4.376	4.253	2.81	3.748	2.575	2.677	2.303	2.96	3.804	3.983
3.977	3.693	3.36	3.66	3.799	4.187	5.994	6.925	8.294	6.807	78.09	82.73	82.29	146.5	114.5	4.641	4.477	4.11	3.846	3.213
4.232	4.017	2.99	3.719	3.196	2.915	2.829	3.694	4.804	5.072	109.3	144.1	147.8	98.33	161.5	5.606	5.641	4.874	4.992	4.326
3.203	3.245	3.457	2.565	3.393	2.256	2.244	2.72	3.252	4.151	3.887	3.182	2.948	3.825	5.241	4.795	5.237	7.141	8.297	9.548
142	136.6	119.6	122.9	115	110.2	4.177	3.975	3.562	4.022	3.857	3.04	3.801	4.395	2.715	2.405	123.6	115.6	134.1	110
138.9	98.91	95.22	162.6	6.123	5.325	6.227	5.793	5.288	5.014	3.253	3.023	3.813	2.567	1.972	2.489	2.274	3.004	3.373	4.062
2.52	3.898	3.413	3.069	3.939	5.305	6.463	7.374	8.139	8.619	4.35	4.688	122.7	146.4	122.6	85.85	71.81	66.03	3.334	3.138
2.725	2.675	132	179.7	101.9	125.3	110.2	109.9	119.3	113.4	96.79	112.9	111.5	114.8	4.361	3.775	5.134	4.643	4.948	4.435
3.694	3.178	3.668	3.05	3.006	3.129	3.41	3.188	3.229	3.39	3.761	4.164	4.15	3.589	4.438	5.103	5.639	7.829	6.501	9.027
PERMY
3.981	4.107	3.958	4.155	4.406	4.507	5.837	7.438	5.834	4.832	3.676	5.485	5.501	5.16	4.91	3.996	3.676	4.526	3.496	3.394
2.673	2.856	3.069	3.304	3.406	3.437	4.033	4.099	2.889	3.297	4.685	4.257	3.146	2.681	3.911	4.402	4.117	4.826	4.613	5.175
4.584	6.457	5.97	6.149	7.631	7.392	7.306	7.574	7.474	6.063	5.39	4.714	3.477	3.247	4.878	4.811	5.144	5.509	6.137	5.353
6.708	6.179	6.449	7.792	5.785	4.091	4.214	4.623	2.993	2.545	2.161	2.371	3.975	4.018	4.266	3.599	3.648	3.542	3.466	4.79
4.153	4.038	4.633	4.379	3.007	3.242	3.346	3.943	4.058	4.452	4.927	6.355	7.628	9.284	8.496	7.046	8.447	6.648	8.164	6.984
5.862	5.05	3.598	3.648	3.246	5.921	4.855	5.957	5.96	5.524	6.845	6.976	6.954	6.614	5.385	5.479	3.679	2.966	3.98	2.892
2.33	2.652	3.763	3.711	3.541	4.936	4.141	4.106	5.385	3.953	3.103	3.656	3.765	4.586	3.567	3.617	3.761	3.677	4.601	5.65
6.285	6.119	9.799	10.88	7.672	6.962	7.178	7.865	7.354	8.629	4.685	5.315	3.825	3.672	3.97	5.726	4.18	6.128	5.286	5.198
4.863	6.054	6.081	5.123	5.581	4.695	3.722	5.129	4.551	2.719	2.991	2.932	3.524	3.542	3.849	3.234	3.962	4.577	4.435	4.001
3.81	4.268	3.064	3.915	3.266	2.162	3.265	3.521	7.191	6.082	6.788	6.176	8.45	9.308	8.055	6.094	7.92	5.744	7.639	7.535
3.594	4.359	3.527	3.588	4.34	5.349	5.121	5.119	5.836	4.792	6.007	4.159	5.459	4.905	4.878	4.447	3.623	5.872	5.039	3.813
3.348	3.826	4.118	4.422	4.254	3.037	2.998	4.801	5.95	4.178	4.119	3.911	3.446	3.901	3.701	3.153	2.736	5.945	6.353	7.757
7.569	5.793	8.08	5.262	8.314	6.314	5.082	6.359	6.133	4.999	4.144	4.044	3.865	3.744	4.259	4.229	4.781	4.684	4.882	5.206
4.548	4.272	4.297	3.782	5.53	4.557	5.819	4.339	4.805	4.987	3.557	4.292	4.414	3.97	3.895	4.765	3.544	4.888	4.934	3.683
4.238	4.015	3.807	3.258	3.184	3.247	3.939	5.226	6.574	7.94	7.076	6.204	5.518	6.336	5.239	4.401	4.112	4.048	4.811	4.972
3.906	4.153	4.418	4.187	4.118	4.912	4.015	4.33	5.446	4.252	4.875	3.917	2.875	4.044	5.308	3.795	4.983	4.157	3.616	4.682
4.101	3.63	3.054	3.25	4.173	3.689	3.698	4.251	4.801	4.308	3.918	3.203	2.662	3.67	3.314	4.244	4.088	4.71	4.844	6.23
6.75	5.481	5.047	4.44	5.199	4.108	2.909	3.63	3.889	5.951	3.854	3.976	3.831	3.887	3.452	3.192	3.921	4.592	4.042	3.834
5.124	4.096	4.754	4.435	3.748	4.411	3.855	3.63	2.841	4.625	4.421	3.407	3.267	2.878	3.91	4.197	3.88	3.35	3.855	3.334
3.352	3.288	3.367	3.573	3.559	2.69	3.116	3.845	3.539	5.239	3.973	5.138	5.035	4.786	4.685	3.484	3.151	3.191	3.584	4.721
3.348	4.046	3.568	3.206	3.479	3.747	3.772	4.163	4.286	5.015	5.456	4.655	4.551	4.653	6.286	4.795	5.174	3.564	3.579	3.08
5.252	3.886	3.554	2.99	4.176	4.083	5.656	4.78	3.691	4.374	3.514	3.129	4.566	3.211	4.857	3.556	2.904	3.485	4.643	3.662
4.403	4.402	5.141	4.335	4.604	4.57	4.037	5.223	3.533	3.831	3.423	4.114	3.114	3.916	4.32	3.108	4.088	4.033	2.941	3.139
3.403	3.291	4.451	4.533	5.092	5.34	5.189	4.863	3.405	3.984	3.748	4.083	5.123	4.571	5.791	4.692	4.762	4.224	3.918	4.436
3.642	3.404	3.934	3.774	4.39	3.785	4.235	4.188	4.533	3.938	4.143	4.856	5.824	4.702	4.447	4.75	4.824	4.052	4.198	3.844
3.329	3.234	3.52	4.373	3.274	2.655	2.448	3.578	2.86	3.338	3.187	3.62	3.958	4.196	5.278	4.209	4.029	4.822	3.563	3.455
3.702	4.423	4.339	4.298	4.463	3.856	5.188	5.006	5.084	2.883	2.846	4.287	3.371	2.568	3.818	4.15	4.115	5.148	4.149	5.166
4.507	4.299	6.961	6.363	5.953	4.312	4.669	4.493	3.384	3.112	3.04	2.658	3.26	3.339	2.883	2.558	2.535	3.099	3.207	3.107
116.3	192.5	3.843	3.743	4.887	4.969	4.081	3.458	3.041	3.39	2.997	3.96	3.31	2.958	3.539	4.092	4.444	5.196	4.593	3.353
3.431	4.302	3.392	3.839	2.937	4.188	3.431	4.568	4.869	4.249	5.195	4.95	5.994	4.915	4.665	3.489	4.288	4.01	3.61	3.246
3.13	4.118	3.954	4.237	4.449	3.159	3.358	2.91	157.3	163.2	113	133.6	124.9	180.6	5.08	4.096	4.526	3.696	2.708	3.13
3.252	3.831	2.573	3.528	3.632	3.8	3.564	4.655	5.609	3.694	4.307	3.541	3.438	2.59	2.842	3.268	72.39	97.22	6.085	4.983
5.294	5.202	4.611	4.687	4.981	4.864	3.708	2.967	3.049	3.837	3.539	4.696	4.153	3.441	4.288	4.813	4.543	4.246	134.6	114
89.16	119.8	84.54	101.8	123	3.64	2.789	4.071	2.828	81.75	93.42	129.6	137.3	124.6	127.1	103.6	96.03	5.215	5.265	4.255
4.862	4.02	3.142	73.27	79	76.01	115.2	106.2	117.7	155.3	6.522	5.029	5.45	6.049	5.876	5.694	3.764	3.443	4.236	146.1
3.252	3.918	3.615	4.252	3.566	3.218	3.687	151.6	94.92	93.61	3.973	4.078	141.3	144.3	154.6	132	81.32	72.03	59.66	90.02
79.62	82.52	91.98	150.5	148	103.1	128.6	177.2	246.7	217.7	250.2	132	147	88.15	82.86	83.89	97.59	106.6	147.7	120.4
132.1	124.8	5.308	6.089	6.017	6.354	4.425	4.625	6.864	137.9	3.689	4.79	4.051	3.931	3.946	5.167	5.185	121	90.12	5.073
4.78	5.628	5.527	171.1	140.5	107.7	95	78.18	89.65	76.61	84.95	98.12	83.51	123.7	98.47	122.2	132.1	114.4	130.1	141
130.3	196.6	161.9	148.1	111.4	88.1	98.85	141.1	137.8	113.7	148	136.9	150	177.2	4.476	6.57	4.481	5.351	118	139.2
3.41	3.685	3.815	4.167	3.903	3.843	155.8	94.95	5.324	5.129	5.94	7.409	7.86	6.215	94.92	79.38	108.4	114.3	105.6	76.96
4.693	4.247	4.056	4.766	4.961	152.6	4.397	111.8	160.6	132.7	156.1	154.4	150.2	111.3	77.1	3.665	4.717	6.38	5.07	4.691
150.7	155	115.5	138.3	135.5	3.897	5.43	98.63	81.12	155.2	3.326	3.767	3.807	4.356	6.453	92.51	170.2	4.763	7.455	5.763
5.497	7.134	6.028	7.142	6.615	5.385	5.852	5.191	3.737	3.662	4.806	4.651	4.489	4.972	3.449	3.78	4.736	4.086	4.857	4.117
4.783	5.499	4.875	5.307	3.941	4.874	3.942	4.935	3.986	3.782	3.536	3.623	122.4	177.1	170.7	151.5	125.4	126.4	96.78	5.379
3.072	3.545	4.302	4.86	6.141	122.4	188.5	7.168	6.615	4.852	5.983	5.702	5.381	7.896	7.06	5.714	4.737	3.796	4.126	4.985
5.267	3.484	4.241	4.258	4.706	3.423	3.364	4.656	6.105	4.482	4.75	4.597	3.886	4.641	4.894	2.934	3.355	4.73	4.056	3.59
4.005	3.525	3.645	165.6	171.2	137.3	104.7	102.8	74.67	5.764	3.461	3.919	4.129	4.652	98.21	134	5.624	6.324	6.686	5.372
5.955	6.291	6.79	6.397	5.35	4.382	4.833	4.601	6.499	6.14	5.689	5.307	5.073	5.208	3.729	4.807	4.033	4.774	4.186	4.269
3.971	3.355	3.363	4.586	4.445	3.678	4.008	4.841	5.119	2.753	2.671	3.613	3.863	3.309	4.188	3.719	89.5	87.58	69.35	71.06
2.522	3.674	120.2	75.53	67.03	5.106	5.109	7.498	6.687	5.209	6.087	6.495	6.65	5.949	6.14	5.753	5.916	3.516	4.49	4.646
5.683	5.633	5.121	5.091	4.009	4.092	4.147	3.926	4.776	3.707	4.5	4.35	2.87	4.945	4.099	4.417	3.722	3.621	3.259	3.377
3.309	3.29	2.949	3.281	3.728	132.2	99.4	80.7	93.01	84.9	100.8	113	114.8	78.36	69.78	5.337	5.085	5.52	6.95	5.49
6.948	6.606	6.601	5.374	6.522	6.021	5.252	3.766	5.038	5.351	6.412	5.873	4.372	3.915	3.649	3.842	3.719	3.342	3.992	3.471
3.784	4.73	6.177	5.555	4.406	3.199	3.067	3.107	103.3	137.3	120.6	146.5	189.7	192	146.4	138.7	117.3	90.64	127.7	79.89
99.03	103.9	137.8	78.61	6.488	7.459	7.023	6.39	5.892	6.757	5.473	5.891	5.742	5.031	4.377	4.414	4.15	3.435	5.604	5.784
5.044	6.988	4.083	2.916	3.998	3.496	3.459	3.213	3.815	4.906	5.621	6.351	5.532	5.49	3.768	3.304	3.407	91.37	125.3	147.2
177.2	174.3	160.6	142.9	149.2	137.2	104.9	134	203	179.2	121.3	86.41	101	6.89	7.489	7.266	7.567	6.878	7.905	5.368
6.076	6.075	4.889	4.89	5.121	5.655	4.849	6.323	3.435	5.518	5.859	4.866	3.513	3.213	3.644	4.441	3.593	4.564	3.767	4.166
4.315	5.823	6.027	4.914	3.847	67.96	90.71	98.97	101.7	137.2	161.7	106.4	115.1	124.6	136.3	142.7	151.6	109.6	154.6	186.5
5.335	4.631	7.302	7.204	6.728	6.518	8.297	8.72	7.261	5.656	6.219	5.974	5.784	4.674	5.197	5.132	4.969	5.839	6.491	6.107
5.782	4.09	4.611	3.595	3.842	4.113	5.719	5.883	3.572	4.556	5.204	5.945	5.029	3.824	123.3	158.6	130.9	169.4	140.9	191.4
120.2	105.1	83.6	130.1	112.4	140.9	173.6	182.6	111.7	108.1	4.222	4.893	5.466	5.673	7.722	8.201	6.479	7.262	6.097	4.86
5.07	6.321	5.813	5.742	5.529	4.551	4.847	3.963	4.446	4.168	5.739	6.783	5.412	4.317	4.809	4.058	5.811	4.875	5.606	4.67
5.945	5.683	3.667	101.7	130.6	135	170.1	153.3	237.6	223.7	149.5	98.5	114.8	130.7	166.7	205.6	169.5	189.3	162.1	162.5
3.893	5.224	4.931	148.8	106.2	105.3	71.93	6.505	6.335	4.566	5.769	5.683	5.723	4.287	5.11	8.392	171.7	140.3	178.5	198.7
5.644	6.329	5.341	5.749	7.491	4.76	5.449	5.227	6.298	5.154	6.129	5.179	205.6	160.3	196.2	170.6	162.9	242.6	201.2	185.2
162.9	119.3	105.6	84	3.105	3.689	3.801	3.079	145.2	151.4	4.602	5.048	145.9	111.8	98.82	72.44	91.3	106.7	141	4.152
4.845	5.812	7.745	5.37	118.4	133.7	176.8	161.5	239.8	178.5	119.2	74.12	5.446	6.515	8.271	6.897	6.171	5.219	4.83	5.952
6.841	230.9	234.8	262.4	238.3	170.7	208	256.1	134	145.6	200.8	147.9	104.7	2.795	3.008	2.769	3.195	3.268	4.081	4.588
164.7	189	206.5	93.31	86.38	68.54	70.95	64.42	63.89	104.1	5.061	6.107	7.733	9.217	88.91	154.5	143.5	165.8	192.9	148.4
138.5	108.9	87.51	8.072	10.68	7.35	5.905	4.496	3.052	3.768	273.5	216	298.5	217.9	270.5	216.6	199.1	254	222	191
170.1	136.7	3.993	3.885	4.842	3.379	3.455	3.144	4.365	4.596	205	165.4	190.9	87.04	89.77	61.19	71.44	55.12	78.73	71.74
83.32	106.1	101.3	172.2	135.9	152.9	114.6	117.6	103.8	137.8	141.7	74.21	92.59	67.42	90.41	117.7	4.536	4.264	4.058	122.2
189	155.8	224.8	300.5	252.5	211.4	139.9	218.5	178.8	178.6	168	5.121	4.242	3.423	3.671	4.563	4.146	3.511	4.594	3.475
140.6	147.9	110.1	78.69	67.93	62.65	75.16	60.36	86.93	64.26	108.2	92.96	149.8	125.9	93.58	128.7	96.54	120.6	90.25	128
113.1	80.76	104.1	107.4	58.22	70.57	68.05	49.92	91.4	91.01	174.7	175.1	298.5	275.6	178.3	142.7	5.377	172.7	214.7	278.9
4.312	3.818	3.589	3.847	3.565	4.387	4.264	3.627	3.23	4.395	114.5	114.1	93.04	88.66	78.53	71.53	78.56	75.26	72.94	87.36
114.5	133.7	72.01	121.2	122.2	105.1	76.58	139.5	129.9	124.6	146.4	128.9	140.3	119.2	93.84	71.14	65.65	61.42	94.38	98.02
136.9	156.5	160.7	128.9	6.315	7.442	6.595	5.7	8.338	7.902	4.995	4.963	4.477	4.446	3.7	3.467	3.429	3.579	4.226	4.052
85.66	101.4	76.38	97.66	89.56	78.51	106.6	87.82	68.19	104.6	125.4	107	82.81	108.5	130.6	110.8	139.1	7.057	6.476	6.519
5.554	94.38	111.6	98.03	90.21	62.52	94.4	98.42	109.9	102.4	104.6	105.9	128.1	172.5	199.1	149.5	160.3	172.1	155.7	243.6
9.006	137.2	191.6	5.219	3.681	161.4	133.5	101.1	3.694	4.311	154.6	3.446	4.817	96.26	3.885	98.77	89.7	109.1	73.7	126.1
96.33	104.2	130.6	110.3	7.088	6.006	6.443	4.804	4.69	4.341	4.368	4.589	5.264	101.7	100.6	68.6	76.21	94.88	109.8	98.04
107	152.2	101.6	135.2	153.1	183.9	126	150.2	175.9	173.5	141	159.4	220.2	211	118.7	154.7	114.8	118.7	159.2	117.2
3.853	3.714	3.418	3.154	3.56	3.608	103.3	101.1	118.4	90.96	89.01	90.36	115.5	134.6	5.849	5.644	5.108	4.26	4.313	4.649
4.808	3.447	3.285	3.64	115	115	107.3	92.06	91.39	155.3	100.8	107.3	109.6	121.7	182.6	95.36	129.6	168.4	115	178.8
161.9	175.9	245.7	191.8	162.9	126.4	125.1	129.9	99.56	165.4	3.886	3.55	3.458	4.451	3.455	3.95	4.766	110.3	112.2	134.8
117	120.6	157	149.2	6.763	5.51	4.676	3.899	3.648	4.264	5.566	3.25	3.025	2.667	2.235	4.721	3.726	4.805	117.1	92.88
116.9	125.8	149.9	92.33	123.8	122.6	128.8	128.6	151.2	145.7	160.7	139	155	152.9	156.4	113.4	176.2	116.8	114	150.1
3.52	2.974	3.859	3.076	84.77	104.2	89.23	77	99.28	121.4	152.2	130.9	121	6.226	4.722	5.947	5.345	4.602	4.225	3.363
3.503	3.123	3.036	3.045	3.368	4.384	4.688	135.9	114.2	102.6	108.2	99.1	111.5	130.9	111.5	96.59	121.9	161.9	168.8	141.1
157.8	149.4	163.8	116.5	115.4	83.94	134.7	153	126.3	119.4	3.416	5.159	3.112	100.1	82.04	79.29	85.07	111.2	116.9	146.4
136.7	148.6	98.36	126.5	4.705	3.564	6.431	4.491	3.924	3.972	4.082	5.059	3.345	3.759	3.341	5.203	124.9	122.6	118.9	161.8
118.8	94.85	101.1	107.9	137.9	79.65	98.23	5.625	6.086	5.867	4.912	5.59	152	130.7	109.6	3.511	3.531	3.647	124.4	131.5
3.543	104.2	94.64	98.97	89.17	80.39	117.2	92.39	127.9	138.6	147.5	140.3	118.9	120.9	120.2	3.497	4.689	4.917	3.218	3.39
4.53	4.594	5.2	4.989	3.821	4.488	127.6	120.4	120.7	122.5	110.9	118	122.3	3.842	5.014	6.426	5.916	6.121	5.233	5.556
4.904	5.673	4.789	4.612	4.868	4.343	4.459	3.344	3.257	4.005	72.15	100.6	137.8	135.8	116	84.36	137.5	90.4	119.3	120.6
101	123	106.8	117.8	151	108.9	3.168	4.505	3.562	3.561	4.727	4.365	3.876	4.328	3.411	163.3	153.7	104.2	148.9	124.6
3.801	3.896	3.699	4.4	5.86	6.299	5.973	99.29	95.13	124.4	122.5	120.9	4.79	3.86	4.464	4.03	3.318	4.173	5.359	5.651
93.87	73.93	113.5	127.9	103.1	137.6	147.5	105.2	4.126	90.85	4.808	98.94	140.1	99.69	92.67	92.85	123.3	92.07	4.074	2.794
3.958	4.084	3.515	4.933	151.5	138.6	143.3	171.4	3.987	4.817	5.346	4.894	3.981	4.791	4.929	154.8	153.9	117.5	107.4	117.2
113.8	124.3	105.9	96.01	3.7	3.678	3.148	4.215	5.127	6.281	100.9	84.31	114.8	96.26	91	84.44	4.796	4.025	3.416	4.108
4.266	5.161	5.006	138.7	187.1	168	127.5	91.73	74.89	3.276	4.036	4.64	4.932	196.3	164.6	138.3	111.3	121.3	119.8	102.7
120.4	110.9	77.59	88.87	117.5	81.1	108.6	128.1	97.12	100.3	121.4	123.6	125	117	69.57	3.877	3.734	5.16	5.626	6.279
83.28	85.87	101	99.92	4.704	4.255	4.906	3.767	4.179	4.661	4.572	5.361	3.361	3.376	165.1	135.3	100.6	81.81	89.92	111.4
135.3	4.352	5.423	125.3	115.3	75.19	106.3	108.3	112.6	86.2	78.64	93.91	106.2	96.92	132.7	155.1	125.4	91.4	82.44	121.9
126.7	108.2	84.11	104.8	103.7	88.51	99.15	89.76	89.53	96.65	97.58	89.14	3.968	5.448	5.789	5.807	5.075	3.561	4.036	5.664
4.713	5.996	5.233	3.054	1.995	168.6	169.7	73.22	69.46	71.81	109.3	106.2	119.7	145.3	133.8	114.7	155.8	155.9	177.5	92.72
140.5	143.2	85.73	115	174	121.8	135.2	2.829	3.723	3.476	4.274	3.127	70.58	64.69	70.98	63.98	62.57	120.8	132.8	125.5
4.093	3.468	4.355	5.451	6.94	5.76	4.935	4.942	6.09	3.346	5.064	4.234	4.568	3.295	2.494	2.297	2.02	90.1	69.84	75.91
131.8	114.1	150.9	159.7	177.2	141.5	176	185.4	180.4	126.3	131.5	99.47	219.8	160.8	179.7	2.413	4.303	3.936	2.988	3.192
2.903	3.67	3.65	4.191	71.66	131.6	100.4	95.46	114.6	106.9	135	3.099	5.622	4.3	5.284	4.747	5.328	5.632	3.911	3.654
3.633	5.275	3.359	2.861	2.623	2.534	2.362	107.9	85.42	138.3	83.5	124	142.2	137.7	128	144	190.1	5.725	5.38	5.696
3.65	3.473	3.422	3.449	2.572	3.116	3.3	3.608	4.164	3.272	3.552	4.061	4.117	4.479	4.28	104.7	87.57	104.7	74.39	76.22
134.8	100.8	89.78	6.275	5.064	5.393	4.794	3.937	3.628	2.905	4.043	4.654	3.192	2.5	2.965	2.757	2.737	3.347	4.558	125
112.1	103.4	154.6	149	93.57	158.8	131	6.001	4.363	4.451	4.376	4.253	2.81	3.748	2.575	2.677	2.303	2.96	3.804	3.983
3.977	3.693	3.36	3.66	3.799	4.187	5.994	6.925	8.294	6.807	78.09	82.73	82.29	146.5	114.5	4.641	4.477	4.11	3.846	3.213
4.232	4.017	2.99	3.719	3.196	2.915	2.829	3.694	4.804	5.072	109.3	144.1	147.8	98.33	161.5	5.606	5.641	4.874	4.992	4.326
3.203	3.245	3.457	2.565	3.393	2.256	2.244	2.72	3.252	4.151	3.887	3.182	2.948	3.825	5.241	4.795	5.237	7.141	8.297	9.548
142	136.6	119.6	122.9	115	110.2	4.177	3.975	3.562	4.022	3.857	3.04	3.801	4.395	2.715	2.405	123.6	115.6	134.1	110
138.9	98.91	95.22	162.6	6.123	5.325	6.227	5.793	5.288	5.014	3.253	3.023	3.813	2.567	1.972	2.489	2.274	3.004	3.373	4.062
2.52	3.898	3.413	3.069	3.939	5.305	6.463	7.374	8.139	8.619	4.35	4.688	122.7	146.4	122.6	85.85	71.81	66.03	3.334	3.138
2.725	2.675	132	179.7	101.9	125.3	110.2	109.9	119.3	113.4	96.79	112.9	111.5	114.8	4.361	3.775	5.134	4.643	4.948	4.435
3.694	3.178	3.668	3.05	3.006	3.129	3.41	3.188	3.229	3.39	3.761	4.164	4.15	3.589	4.438	5.103	5.639	7.829	6.501	9.027
PORO	0.25
TOPS    8000
TEMP	530

END

FLUID_DATA  ######################################### 
FLUID_TYPE BLACK_OIL
NPHASES      2
NCOMPONENTS  2

# Phase data -------------
PHASE_NAME OIL 
STANDARD_DENS 46.244
NUM_OF_TABLE_ENTRIES 2
#      P        BO      VISC     RGO        
#     PSI      RB/STB   CP     SCF/STB    
      14.7     1.0      5.0      0.0    
    5014.7     1.0     	5.0      0.0    

PHASE_NAME WATER 
STANDARD_DENS 62.238
NUM_OF_TABLE_ENTRIES 2
#      P        BW        VISC	RGW
#     PSI     RB/BBL       CP		SCF/STB
      14.7    1.0	       0.29	0
    9014.7    1.0          0.29	0

# --- component data -------------

END
PHASE_COMP_RELATION_DATA ##########################
# --- component phase relation (nPhases x nComps) ---
#component:		oil	water
			1	0		#oil phase
			0	1		#water phase

END

ROCKFLUID_DATA #####################################

#OILWATERPERM
OW
NUM_OF_TABLE_ENTRIES	20
#Sw		Krw			Krow		Pcow
0		0			1			0
0.05	0.01435873	0.91307529	0
0.1		0.0329877	0.82882627	0
0.15	0.05366134	0.74734076	0
0.2		0.07578583	0.6687159	0
0.25	0.09905582	0.5930598	0
0.3		0.12328139	0.5204939	0
0.35	0.14833159	0.45115588	0
0.4		0.17411011	0.38520364	0
0.45	0.20054278	0.32282087	0
0.5		0.22757053	0.26422486	0
0.55	0.2551451	0.2096783	0
0.6		0.28322625	0.15950769	0
0.65	0.31177984	0.11413441	0
0.7		0.34077651	0.07413248	0
0.75	0.37019072	0.04035261	0
0.8		0.4			0.0142668	0
0.85	0.43018446	0			0
0.9		0.46072631	0			0
0.95	0.49160958	0			0

END

MULTI_ROCKFLUID #####################################

1	# No. of extra rel. perm. sets

#OILWATERPERM
OW
NUM_OF_TABLE_ENTRIES	3
#	Sw		Krw		Krow	Pcow
	0.0		0.0		0.8		0
	0.5		0.1		0.4		0
	1.0		0.2		0.0		0

END

# specify which kr set for which cell (like Eclipse's SATNUM)
KRN
0	0	0	0	0	0	0	0	0	0	0	0	0	0	0	0	0	0	0	0
0	0	0	0	0	0	0	0	0	0	0	0	0	0	0	0	0	0	0	0
0	0	0	0	0	0	0	0	0	0	0	0	0	0	0	0	0	0	0	0
0	0	0	0	0	0	0	0	0	0	0	0	0	0	0	0	0	0	0	0
0	0	0	0	0	0	0	0	0	0	0	0	0	0	0	0	0	0	0	0
0	0	0	0	0	0	0	0	0	0	0	0	0	0	0	0	0	0	0	0
0	0	0	0	0	0	0	0	0	0	0	0	0	0	0	0	0	0	0	0
0	0	0	0	0	0	0	0	0	0	0	0	0	0	0	0	0	0	0	0
0	0	0	0	0	0	0	0	0	0	0	0	0	0	0	0	0	0	0	0
0	0	0	0	0	0	0	0	0	0	0	0	0	0	0	0	0	0	0	0
0	0	0	0	0	0	0	0	0	0	0	0	0	0	0	0	0	0	0	0
0	0	0	0	0	0	0	0	0	0	0	0	0	0	0	0	0	0	0	0
0	0	0	0	0	0	0	0	0	0	0	0	0	0	0	0	0	0	0	0
0	0	0	0	0	0	0	0	0	0	0	0	0	0	0	0	0	0	0	0
0	0	0	0	0	0	0	0	0	0	0	0	0	0	0	0	0	0	0	0
0	0	0	0	0	0	0	0	0	0	0	0	0	0	0	0	0	0	0	0
0	0	0	0	0	0	0	0	0	0	0	0	0	0	0	0	0	0	0	0
0	0	0	0	0	0	0	0	0	0	0	0	0	0	0	0	0	0	0	0
0	0	0	0	0	0	0	0	0	0	0	0	0	0	0	0	0	0	0	0
0	0	0	0	0	0	0	0	0	0	0	0	0	0	0	0	0	0	0	0
0	0	0	0	0	0	0	0	0	0	0	0	0	0	0	0	0	0	0	0
0	0	0	0	0	0	0	0	0	0	0	0	0	0	0	0	0	0	0	0
0	0	0	0	0	0	0	0	0	0	0	0	0	0	0	0	0	0	0	0
0	0	0	0	0	0	0	0	0	0	0	0	0	0	0	0	0	0	0	0
0	0	0	0	0	0	0	0	0	0	0	0	0	0	0	0	0	0	0	0
0	0	0	0	0	0	0	0	0	0	0	0	0	0	0	0	0	0	0	0
0	0	0	0	0	0	0	0	0	0	0	0	0	0	0	0	0	0	0	0
0	0	0	0	0	0	0	0	0	0	0	0	0	0	0	0	0	0	0	0
1	1	0	0	0	0	0	0	0	0	0	0	0	0	0	0	0	0	0	0
0	0	0	0	0	0	0	0	0	0	0	0	0	0	0	0	0	0	0	0
0	0	0	0	0	0	0	0	1	1	1	1	1	1	0	0	0	0	0	0
0	0	0	0	0	0	0	0	0	0	0	0	0	0	0	0	1	1	0	0
0	0	0	0	0	0	0	0	0	0	0	0	0	0	0	0	0	0	1	1
1	1	1	1	1	0	0	0	0	1	1	1	1	1	1	1	1	0	0	0
0	0	0	1	1	1	1	1	1	1	0	0	0	0	0	0	0	0	0	1
0	0	0	0	0	0	0	1	1	1	0	0	1	1	1	1	1	1	1	1
1	1	1	1	1	1	1	1	1	1	1	1	1	1	1	1	1	1	1	1
1	1	0	0	0	0	0	0	0	1	0	0	0	0	0	0	0	1	1	0
0	0	0	1	1	1	1	1	1	1	1	1	1	1	1	1	1	1	1	1
1	1	1	1	1	1	1	1	1	1	1	1	1	1	0	0	0	0	1	1
0	0	0	0	0	0	1	1	0	0	0	0	0	0	1	1	1	1	1	1
0	0	0	0	0	1	0	1	1	1	1	1	1	1	1	0	0	0	0	0
1	1	1	1	1	0	0	1	1	1	0	0	0	0	0	1	1	0	0	0
0	0	0	0	0	0	0	0	0	0	0	0	0	0	0	0	0	0	0	0
0	0	0	0	0	0	0	0	0	0	0	0	1	1	1	1	1	1	1	0
0	0	0	0	0	1	1	0	0	0	0	0	0	0	0	0	0	0	0	0
0	0	0	0	0	0	0	0	0	0	0	0	0	0	0	0	0	0	0	0
0	0	0	1	1	1	1	1	1	0	0	0	0	0	1	1	0	0	0	0
0	0	0	0	0	0	0	0	0	0	0	0	0	0	0	0	0	0	0	0
0	0	0	0	0	0	0	0	0	0	0	0	0	0	0	0	1	1	1	1
0	0	1	1	1	0	0	0	0	0	0	0	0	0	0	0	0	0	0	0
0	0	0	0	0	0	0	0	0	0	0	0	0	0	0	0	0	0	0	0
0	0	0	0	0	1	1	1	1	1	1	1	1	1	1	0	0	0	0	0
0	0	0	0	0	0	0	0	0	0	0	0	0	0	0	0	0	0	0	0
0	0	0	0	0	0	0	0	1	1	1	1	1	1	1	1	1	1	1	1
1	1	1	1	0	0	0	0	0	0	0	0	0	0	0	0	0	0	0	0
0	0	0	0	0	0	0	0	0	0	0	0	0	0	0	0	0	1	1	1
1	1	1	1	1	1	1	1	1	1	1	1	1	0	0	0	0	0	0	0
0	0	0	0	0	0	0	0	0	0	0	0	0	0	0	0	0	0	0	0
0	0	0	0	0	1	1	1	1	1	1	1	1	1	1	1	1	1	1	1
0	0	0	0	0	0	0	0	0	0	0	0	0	0	0	0	0	0	0	0
0	0	0	0	0	0	0	0	0	0	0	0	0	0	1	1	1	1	1	1
1	1	1	1	1	1	1	1	1	1	0	0	0	0	0	0	0	0	0	0
0	0	0	0	0	0	0	0	0	0	0	0	0	0	0	0	0	0	0	0
0	0	0	1	1	1	1	1	1	1	1	1	1	1	1	1	1	1	1	1
0	0	0	1	1	1	1	0	0	0	0	0	0	0	0	0	1	1	1	1
0	0	0	0	0	0	0	0	0	0	0	0	1	1	1	1	1	1	1	1
1	1	1	1	0	0	0	0	1	1	0	0	1	1	1	1	1	1	1	0
0	0	0	0	1	1	1	1	1	1	1	1	0	0	0	0	0	0	0	0
0	1	1	1	1	1	1	1	1	1	1	1	1	0	0	0	0	0	0	0
1	1	1	1	1	1	1	1	1	1	0	0	0	0	1	1	1	1	1	1
1	1	1	0	0	0	0	0	0	0	1	1	1	1	1	1	1	1	1	1
1	1	0	0	0	0	0	0	0	0	1	1	1	1	1	1	1	1	1	1
1	1	1	1	1	1	1	1	1	1	1	1	1	1	1	1	0	0	0	1
1	1	1	1	1	1	1	1	1	1	1	0	0	0	0	0	0	0	0	0
1	1	1	1	1	1	1	1	1	1	1	1	1	1	1	1	1	1	1	1
1	1	1	1	1	1	1	1	1	1	1	1	1	1	1	1	0	1	1	1
0	0	0	0	0	0	0	0	0	0	1	1	1	1	1	1	1	1	1	1
1	1	1	1	1	1	1	1	1	1	1	1	1	1	1	1	1	1	1	1
1	1	1	1	0	0	0	0	0	0	0	0	0	0	0	0	0	0	0	0
1	1	1	1	1	1	1	1	1	1	1	1	1	1	1	1	1	0	0	0
0	1	1	1	1	1	1	1	1	1	1	1	1	1	1	1	1	1	1	1
0	1	1	0	0	1	1	1	0	0	1	0	0	1	0	1	1	1	1	1
1	1	1	1	0	0	0	0	0	0	0	0	0	1	1	1	1	1	1	1
1	1	1	1	1	1	1	1	1	1	1	1	1	1	1	1	1	1	1	1
0	0	0	0	0	0	1	1	1	1	1	1	1	1	0	0	0	0	0	0
0	0	0	0	1	1	1	1	1	1	1	1	1	1	1	1	1	1	1	1
1	1	1	1	1	1	1	1	1	1	0	0	0	0	0	0	0	1	1	1
1	1	1	1	0	0	0	0	0	0	0	0	0	0	0	0	0	0	1	1
1	1	1	1	1	1	1	1	1	1	1	1	1	1	1	1	1	1	1	1
0	0	0	0	1	1	1	1	1	1	1	1	1	0	0	0	0	0	0	0
0	0	0	0	0	0	0	1	1	1	1	1	1	1	1	1	1	1	1	1
1	1	1	1	1	1	1	1	1	1	0	0	0	1	1	1	1	1	1	1
1	1	1	1	0	0	0	0	0	0	0	0	0	0	0	0	1	1	1	1
1	1	1	1	1	1	1	0	0	0	0	0	1	1	1	0	0	0	1	1
0	1	1	1	1	1	1	1	1	1	1	1	1	1	1	0	0	0	0	0
0	0	0	0	0	0	1	1	1	1	1	1	1	0	0	0	0	0	0	0
0	0	0	0	0	0	0	0	0	0	1	1	1	1	1	1	1	1	1	1
1	1	1	1	1	1	0	0	0	0	0	0	0	0	0	1	1	1	1	1
0	0	0	0	0	0	0	1	1	1	1	1	0	0	0	0	0	0	0	0
1	1	1	1	1	1	1	1	0	1	0	1	1	1	1	1	1	1	0	0
0	0	0	0	1	1	1	1	0	0	0	0	0	0	0	1	1	1	1	1
1	1	1	1	0	0	0	0	0	0	1	1	1	1	1	1	0	0	0	0
0	0	0	1	1	1	1	1	1	0	0	0	0	1	1	1	1	1	1	1
1	1	1	1	1	1	1	1	1	1	1	1	1	1	1	0	0	0	0	0
1	1	1	1	0	0	0	0	0	0	0	0	0	0	1	1	1	1	1	1
1	0	0	1	1	1	1	1	1	1	1	1	1	1	1	1	1	1	1	1
1	1	1	1	1	1	1	1	1	1	1	1	0	0	0	0	0	0	0	0
0	0	0	0	0	1	1	1	1	1	1	1	1	1	1	1	1	1	1	1
1	1	1	1	1	1	1	0	0	0	0	0	1	1	1	1	1	1	1	1
0	0	0	0	0	0	0	0	0	0	0	0	0	0	0	0	0	1	1	1
1	1	1	1	1	1	1	1	1	1	1	1	1	1	1	0	0	0	0	0
0	0	0	0	1	1	1	1	1	1	1	0	0	0	0	0	0	0	0	0
0	0	0	0	0	0	0	1	1	1	1	1	1	1	1	1	1	0	0	0
0	0	0	0	0	0	0	0	0	0	0	0	0	0	0	1	1	1	1	1
1	1	1	0	0	0	0	0	0	0	0	0	0	0	0	0	0	0	0	1
1	1	1	1	1	1	1	0	0	0	0	0	0	0	0	0	0	0	0	0
0	0	0	0	0	0	0	0	0	0	1	1	1	1	1	0	0	0	0	0
0	0	0	0	0	0	0	0	0	0	1	1	1	1	1	0	0	0	0	0
0	0	0	0	0	0	0	0	0	0	0	0	0	0	0	0	0	0	0	0
1	1	1	1	1	1	0	0	0	0	0	0	0	0	0	0	1	1	1	1
1	1	1	1	0	0	0	0	0	0	0	0	0	0	0	0	0	0	0	0
0	0	0	0	0	0	0	0	0	0	0	0	1	1	1	1	1	1	0	0
0	0	1	1	1	1	1	1	1	1	1	1	1	1	0	0	0	0	0	0
0	0	0	0	0	0	0	0	0	0	0	0	0	0	0	0	0	0	0	0
END

ROCK_DATA ##########################################
#		COMPR	@ REF. PRES
		0		14.7

END

EQUILIBRIUM_DATA ##########################################
#	Swi		Sor		Sgr
	0		0.00	0.0	

#	pres	@depth	WOC		GOC	
    3824.32 5100   	10000	5100

END

END_RESERVOIR