0		0	 1
0		0	 2
36		0	 3
72		0	 4
108		0	 5
144		0	 6
180		0	 7
216		0	 8
252		0	 9
288		0	 10
324		0	 11
360		0	 12
396		0	 13
432		0	 14
468		0	 15
504		0	 16
540		0	 17
576		0	 18
612		0	 19
648		0	 20
684		38289	 21

324		0	 22
324		0	 23
325		0	 24
325		0	 25
325		0	 26
325		0	 27
326		0	 28
326		0	 29
326		0	 30
326		0	 31
327		0	 32
327		0	 33
327		0	 34
327		0	 35
328		0	 36
328		0	 37
328		0	 38
328		0	 39
329		0	 40
329		38289	 41

684		0	 42
684		0	 43
690		0	 44
690		0	 45
690		0	 46
690		0	 47
696		0	 48
696		0	 49
696		0	 50
696		0	 51
702		0	 52
702		0	 53
702		0	 54
702		0	 55
708		0	 56
708		0	 57
708		0	 58
708		0	 59
714		0	 60
714		38289	 61