   1     0  	 0  	 0.1     0.1     0.25    0.01
   2     0  	 1  	 50	 50      0.25    0.01
   3     0  	 2  	 50      50      0.25    0.01
   4     0  	 3  	 50	 50      0.25    0.01
   5     0  	 4  	 50	 50      0.25    0.01
   6     0  	 5  	 50	 50      0.25    0.01
   7     0  	 6  	 50	 50      0.25    0.01
   8     0  	 7  	 50      50      0.25    0.01
   9     0  	 8  	 50	 50      0.25    0.01
   10    0  	 9  	 50	 50      0.25    0.01
   11    0  	 10  	 50	 50      0.25    0.01
   12    0  	 11  	 50	 50      0.25    0.01
   13    0  	 12  	 50      50      0.25    0.01
   14    0  	 13  	 50	 50      0.25    0.01
   15    0  	 14  	 50	 50      0.25    0.01
   16    0  	 15  	 50	 50      0.25    0.01
   17    0  	 16  	 50	 50      0.25    0.01
   18    0  	 17  	 50      50      0.25    0.01
   19    0  	 18  	 50	 50      0.25    0.01
   20    0  	 19  	 50	 50      0.25    0.01
   21    0  	 20  	 50	 50      0.25    0.01

   22    0  	 11  	 50	 0      0.25    0.01
   23    0  	 22  	 50      0      0.25    0.01
   24    0  	 23  	 50	 0      0.25    0.01
   25    0  	 24  	 50	 0      0.25    0.01
   26    0  	 25  	 50	 0      0.25    0.01
   27    0  	 26  	 50	 0      0.25    0.01
   28    0  	 27  	 50      0      0.25    0.01
   29    0  	 28  	 50	 0      0.25    0.01
   30    0  	 29  	 50	 0      0.25    0.01
   31    0  	 30  	 50	 0      0.25    0.01
   32    0  	 31  	 50	 0      0.25    0.01
   33    0  	 32  	 50	 0      0.25    0.01
   34    0  	 33  	 50	 0      0.25    0.01
   35    0  	 34  	 50	 0      0.25    0.01
   36    0  	 35  	 50	 0      0.25    0.01
   37    0  	 36  	 50	 0      0.25    0.01
   38    0  	 37  	 50	 0      0.25    0.01
   39    0  	 38  	 50	 0      0.25    0.01
   40    0  	 39  	 50	 0      0.25    0.01
   41    0  	 40  	 50	 0      0.25    0.01

   42    0  	 21 	 50	 0      0.25    0.01
   43    0  	 42  	 50      0      0.25    0.01
   44    0  	 43  	 50	 0      0.25    0.01
   45    0  	 44  	 50	 0      0.25    0.01
   46    0  	 45  	 50	 0      0.25    0.01
   47    0  	 46  	 50	 0      0.25    0.01
   48    0  	 47  	 50      0      0.25    0.01
   49    0  	 48  	 50	 0      0.25    0.01
   50    0  	 49  	 50	 0      0.25    0.01
   51    0  	 50  	 50	 0      0.25    0.01
   52    0  	 51  	 50	 0      0.25    0.01
   53    0  	 52  	 50      0      0.25    0.01
   54    0  	 53  	 50	 0      0.25    0.01
   55    0  	 54  	 50	 0      0.25    0.01
   56    0  	 55  	 50	 0      0.25    0.01
   57    0  	 56  	 50	 0      0.25    0.01
   58    0  	 57  	 50      0      0.25    0.01
   59    0  	 58  	 50	 0      0.25    0.01
   60    0  	 59  	 50	 0      0.25    0.01
   61    0  	 60  	 50	 0      0.25    0.01