1	0	0	50	50	0.333	0.001
2	0	1	50	50	0.333	0.001
3	0	2	50	50	0.333	0.001
4	0	3	50	50	0.333	0.001
5	0	4	50	50	0.333	0.001
6	0	5	50	50	0.333	0.001
7	0	6	50	50	0.333	0.001
8	0	7	50	50	0.333	0.001
9	0	8	50	50	0.333	0.001
10	0	9	50	50	0.333	0.001
11	0	10	50	50	0.333	0.001
12	0	11	50	50	0.333	0.001
13	0	12	50	50	0.333	0.001
14	0	13	50	50	0.333	0.001
15	0	14	50	50	0.333	0.001
16	0	15	50	50	0.333	0.001
17	0	16	50	50	0.333	0.001
18	0	17	50	50	0.333	0.001
19	0	18	50	50	0.333	0.001
20	0	19	50	50	0.333	0.001
21	0	20	50	50	0.333	0.001
22	0	21	50	50	0.333	0.001
23	0	22	50	50	0.333	0.001
24	0	23	50	50	0.333	0.001
25	0	24	50	50	0.333	0.001
26	0	25	50	50	0.333	0.001
27	0	26	50	50	0.333	0.001
28	0	27	50	50	0.333	0.001
29	0	28	50	50	0.333	0.001
30	0	29	50	50	0.333	0.001
31	0	30	50	50	0.333	0.001
32	0	31	50	50	0.333	0.001
33	0	32	50	50	0.333	0.001
34	0	33	50	50	0.333	0.001
35	0	34	50	50	0.333	0.001
36	0	35	50	50	0.333	0.001
37	0	36	50	50	0.333	0.001
38	0	37	50	50	0.333	0.001
39	0	38	50	50	0.333	0.001
40	0	39	50	50	0.333	0.001
41	0	40	50	50	0.333	0.001
42	0	41	50	50	0.333	0.001
43	0	42	50	50	0.333	0.001
44	0	43	50	50	0.333	0.001
45	0	44	50	50	0.333	0.001
46	0	45	50	50	0.333	0.001
47	0	46	50	50	0.333	0.001
48	0	47	50	50	0.333	0.001
49	0	48	50	50	0.333	0.001
50	0	49	50	50	0.333	0.001
51	0	50	50	50	0.333	0.001
52	0	51	50	50	0.333	0.001
53	0	52	50	50	0.333	0.001
54	0	53	50	50	0.333	0.001
55	0	54	50	50	0.333	0.001
56	0	55	50	50	0.333	0.001
57	0	56	50	50	0.333	0.001
58	0	57	50	50	0.333	0.001
59	0	58	50	50	0.333	0.001
60	0	59	50	50	0.333	0.001
61	0	60	50	50	0.333	0.001
62	0	61	50	50	0.333	0.001
63	0	62	50	50	0.333	0.001
64	0	63	50	50	0.333	0.001
65	0	64	50	50	0.333	0.001
66	0	65	50	50	0.333	0.001
67	0	66	50	50	0.333	0.001
68	0	67	50	50	0.333	0.001
69	0	68	50	50	0.333	0.001
70	0	69	50	50	0.333	0.001
71	0	70	50	50	0.333	0.001
72	0	71	50	50	0.333	0.001
73	0	72	50	50	0.333	0.001
74	0	73	50	50	0.333	0.001
75	0	74	50	50	0.333	0.001
76	0	75	50	50	0.333	0.001
77	0	76	50	50	0.333	0.001
78	0	77	50	50	0.333	0.001
79	0	78	50	50	0.333	0.001
80	0	79	50	50	0.333	0.001
81	0	80	50	50	0.333	0.001
82	0	81	50	50	0.333	0.001
83	0	82	50	50	0.333	0.001
84	0	83	50	50	0.333	0.001
85	0	84	50	50	0.333	0.001

86	0	85	64.34	50	0.333	0.001
87	0	86	64.34	50	0.333	0.001
88	0	87	64.34	50	0.333	0.001
89	0	88	64.34	50	0.333	0.001
90	0	89	64.34	50	0.333	0.001
91	0	90	64.34	50	0.333	0.001
92	0	91	64.34	50	0.333	0.001
93	0	92	64.34	50	0.333	0.001
94	0	93	64.34	50	0.333	0.001
95	0	94	64.34	50	0.333	0.001
96	0	95	64.34	50	0.333	0.001
97	0	96	64.34	50	0.333	0.001
98	0	97	64.34	50	0.333	0.001
99	0	98	64.34	50	0.333	0.001
100	0	99	64.34	50	0.333	0.001
101	0	100	64.34	50	0.333	0.001
102	0	101	64.34	50	0.333	0.001
103	0	102	64.34	50	0.333	0.001
104	0	103	64.34	50	0.333	0.001
105	0	104	64.34	50	0.333	0.001
106	0	105	64.34	50	0.333	0.001
107	0	106	64.34	50	0.333	0.001
108	0	107	64.34	50	0.333	0.001
109	0	108	64.34	50	0.333	0.001
110	0	109	64.34	50	0.333	0.001
111	0	110	64.34	50	0.333	0.001
112	0	111	64.34	50	0.333	0.001
113	0	112	64.34	50	0.333	0.001
114	0	113	64.34	50	0.333	0.001
115	0	114	64.34	50	0.333	0.001
116	0	115	64.34	50	0.333	0.001
117	0	116	64.34	50	0.333	0.001
118	0	117	64.34	50	0.333	0.001
119	0	118	64.34	50	0.333	0.001
120	0	119	64.34	50	0.333	0.001
121	0	120	64.34	50	0.333	0.001
122	0	121	64.34	50	0.333	0.001
123	0	122	64.34	50	0.333	0.001
124	0	123	64.34	50	0.333	0.001
125	0	124	64.34	50	0.333	0.001
126	0	125	64.34	50	0.333	0.001
127	0	126	64.34	50	0.333	0.001
128	0	127	64.34	50	0.333	0.001
129	0	128	64.34	50	0.333	0.001
130	0	129	64.34	50	0.333	0.001
131	0	130	64.34	50	0.333	0.001
132	0	131	64.34	50	0.333	0.001
133	0	132	64.34	50	0.333	0.001
134	0	133	64.34	50	0.333	0.001
135	0	134	64.34	50	0.333	0.001
136	0	135	64.34	50	0.333	0.001
137	0	136	64.34	50	0.333	0.001
138	0	137	64.34	50	0.333	0.001
139	0	138	64.34	50	0.333	0.001
140	0	139	64.34	50	0.333	0.001
141	0	140	64.34	50	0.333	0.001
142	0	141	64.34	50	0.333	0.001
143	0	142	64.34	50	0.333	0.001
144	0	143	64.34	50	0.333	0.001
145	0	144	64.34	50	0.333	0.001
146	0	145	64.34	50	0.333	0.001
147	0	146	64.34	50	0.333	0.001
148	0	147	64.34	50	0.333	0.001
149	0	148	64.34	50	0.333	0.001
150	0	149	64.34	50	0.333	0.001
151	0	150	64.34	50	0.333	0.001
152	0	151	64.34	50	0.333	0.001
153	0	152	64.34	50	0.333	0.001
154	0	153	64.34	50	0.333	0.001
155	0	154	64.34	50	0.333	0.001
156	0	155	64.34	50	0.333	0.001
157	0	156	64.34	50	0.333	0.001
158	0	157	64.34	50	0.333	0.001
159	0	158	64.34	50	0.333	0.001
160	0	159	64.34	50	0.333	0.001
161	0	160	64.34	50	0.333	0.001
162	0	161	64.34	50	0.333	0.001
163	0	162	64.34	50	0.333	0.001
164	0	163	64.34	50	0.333	0.001
165	0	164	64.34	50	0.333	0.001
166	0	165	64.34	50	0.333	0.001
167	0	166	64.34	50	0.333	0.001
168	0	167	64.34	50	0.333	0.001
169	0	168	64.34	50	0.333	0.001
170	0	169	64.34	50	0.333	0.001
171	0	170	64.34	50	0.333	0.001
172	0	171	64.34	50	0.333	0.001
173	0	172	64.34	50	0.333	0.001
174	0	173	64.34	50	0.333	0.001
175	0	174	64.34	50	0.333	0.001
176	0	175	64.34	50	0.333	0.001
177	0	176	64.34	50	0.333	0.001
178	0	177	64.34	50	0.333	0.001
179	0	178	64.34	50	0.333	0.001
180	0	179	64.34	50	0.333	0.001
181	0	180	64.34	50	0.333	0.001
182	0	181	64.34	50	0.333	0.001
183	0	182	64.34	50	0.333	0.001
184	0	183	64.34	50	0.333	0.001
185	0	184	64.34	50	0.333	0.001
186	0	185	64.34	50	0.333	0.001
187	0	186	64.34	50	0.333	0.001
188	0	187	64.34	50	0.333	0.001
189	0	188	64.34	50	0.333	0.001
190	0	189	64.34	50	0.333	0.001
191	0	190	64.34	50	0.333	0.001
192	0	191	64.34	50	0.333	0.001
193	0	192	64.34	50	0.333	0.001
194	0	193	64.34	50	0.333	0.001
195	0	194	64.34	50	0.333	0.001
196	0	195	64.34	50	0.333	0.001
197	0	196	64.34	50	0.333	0.001
198	0	197	64.34	50	0.333	0.001
199	0	198	64.34	50	0.333	0.001
200	0	199	64.34	50	0.333	0.001
201	0	200	64.34	50	0.333	0.001
202	0	201	64.34	50	0.333	0.001
203	0	202	64.34	50	0.333	0.001
204	0	203	64.34	50	0.333	0.001
205	0	204	64.34	50	0.333	0.001
206	0	205	64.34	50	0.333	0.001
207	0	206	64.34	50	0.333	0.001
208	0	207	64.34	50	0.333	0.001
209	0	208	64.34	50	0.333	0.001
210	0	209	64.34	50	0.333	0.001
211	0	210	64.34	50	0.333	0.001
212	0	211	64.34	50	0.333	0.001
213	0	212	64.34	50	0.333	0.001
214	0	213	64.34	50	0.333	0.001
215	0	214	64.34	50	0.333	0.001
216	0	215	64.34	50	0.333	0.001
217	0	216	64.34	50	0.333	0.001
218	0	217	64.34	50	0.333	0.001
219	0	218	64.34	50	0.333	0.001
220	0	219	64.34	50	0.333	0.001
221	0	220	64.34	50	0.333	0.001
222	0	221	64.34	50	0.333	0.001
223	0	222	64.34	50	0.333	0.001
224	0	223	64.34	50	0.333	0.001
225	0	224	64.34	50	0.333	0.001
226	0	225	64.34	50	0.333	0.001
227	0	226	64.34	50	0.333	0.001
228	0	227	64.34	50	0.333	0.001
229	0	228	64.34	50	0.333	0.001
230	0	229	64.34	50	0.333	0.001
231	0	230	64.34	50	0.333	0.001
232	0	231	64.34	50	0.333	0.001
233	0	232	64.34	50	0.333	0.001
234	0	233	64.34	50	0.333	0.001
235	0	234	64.34	50	0.333	0.001
236	0	235	64.34	50	0.333	0.001
237	0	236	64.34	50	0.333	0.001
238	0	237	64.34	50	0.333	0.001
239	0	238	64.34	50	0.333	0.001
240	0	239	64.34	50	0.333	0.001
241	0	240	64.34	50	0.333	0.001
242	0	241	64.34	50	0.333	0.001
243	0	242	64.34	50	0.333	0.001
244	0	243	64.34	50	0.333	0.001
245	0	244	64.34	50	0.333	0.001
246	0	245	64.34	50	0.333	0.001
247	0	246	64.34	50	0.333	0.001
248	0	247	64.34	50	0.333	0.001
249	0	248	64.34	50	0.333	0.001
250	0	249	64.34	50	0.333	0.001
251	0	250	64.34	50	0.333	0.001
252	0	251	64.34	50	0.333	0.001
253	0	252	64.34	50	0.333	0.001
254	0	253	64.34	50	0.333	0.001
255	0	254	64.34	50	0.333	0.001
256	0	255	64.34	50	0.333	0.001
257	0	256	64.34	50	0.333	0.001
258	0	257	64.34	50	0.333	0.001
259	0	258	64.34	50	0.333	0.001
260	0	259	64.34	50	0.333	0.001
261	0	260	64.34	50	0.333	0.001
262	0	261	64.34	50	0.333	0.001
263	0	262	64.34	50	0.333	0.001
264	0	263	64.34	50	0.333	0.001
265	0	264	64.34	50	0.333	0.001
266	0	265	64.34	50	0.333	0.001
267	0	266	64.34	50	0.333	0.001
268	0	267	64.34	50	0.333	0.001
269	0	268	64.34	50	0.333	0.001
270	0	269	64.34	50	0.333	0.001
271	0	270	64.34	50	0.333	0.001
272	0	271	64.34	50	0.333	0.001
273	0	272	64.34	50	0.333	0.001
274	0	273	64.34	50	0.333	0.001
275	0	274	64.34	50	0.333	0.001
276	0	275	64.34	50	0.333	0.001
277	0	276	64.34	50	0.333	0.001
278	0	277	64.34	50	0.333	0.001
279	0	278	64.34	50	0.333	0.001
280	0	279	64.34	50	0.333	0.001
281	0	280	64.34	50	0.333	0.001
282	0	281	64.34	50	0.333	0.001
283	0	282	64.34	50	0.333	0.001
284	0	283	64.34	50	0.333	0.001
285	0	284	64.34	50	0.333	0.001
286	0	285	64.34	50	0.333	0.001
287	0	286	64.34	50	0.333	0.001
288	0	287	64.34	50	0.333	0.001
289	0	288	64.34	50	0.333	0.001
290	0	289	64.34	50	0.333	0.001
291	0	290	64.34	50	0.333	0.001
292	0	291	64.34	50	0.333	0.001

