   514.00
   513.57
   513.14
   512.71
   512.29
   511.86
   511.43
   511.00
   510.57
   510.14
   509.71
   509.29
   508.86
   508.43
   508.00
   507.57
   507.14
   506.71
   506.29
   505.86
   505.43
   504.57
   504.14
   503.71
   503.29
   502.86
   502.43
   502.00
   501.57
   501.14
   500.71
   500.29
   499.86
   499.43
   499.00
   498.57
   498.14
   497.71
   497.29
   496.86
   496.43
   496.00
   495.57
   495.14
   494.71
   494.29
   493.86
   493.43
   493.00
   492.57
   492.14
   491.71
   491.29
   490.86
   490.43
   490.00

   490.54
   491.08
   491.62
   492.17
   492.71
   493.25
   493.79
   494.33
   494.88
   495.42
   495.96
   496.50
   497.04
   497.58
   498.12
   498.67
   499.21
   499.75
   500.29
   500.83
   501.38
   501.92
   502.46
   503.00
   503.54
   504.08
   504.62
   505.17
   505.71
   506.25
   506.79
   507.33
   507.88
   508.42
   508.96
   509.50
   510.04
   510.58
   511.12
   511.67
   512.21
   512.75
   513.29
   513.83
   514.38
   514.92
   515.46
   516.00
   516.54
   517.08
   517.62
   518.17
   518.71
   519.25
   519.79
   520.33
   520.88
   521.42
   521.96
   522.50
   523.04
   523.58
   524.12
   524.67
   525.21
   525.75
   526.29
   526.83
   527.38
   527.92
   528.46
   529.00
   529.54
   530.08
   530.62
   531.17
   531.71
   532.25
   532.79
   533.33
   533.88
   534.42
   534.96
   535.50
   536.04
   536.58
   537.12
   537.67
   538.21
   538.75
   539.29
   539.83
   540.38
   540.92
   541.46
   542.00
   542.54
   543.08
   543.62
   544.17
   544.71
   545.25
   545.79
   546.33
   546.88
   547.42
   547.96
   548.50
   549.04
   549.58
   550.12
   550.67
   551.21
   551.75
   552.29
   552.83
   553.38
   553.92
   554.46
   555.00
   555.54
   556.08
   556.62
   557.17
   557.71
   558.25
   558.79
   559.33
   559.88
   560.42
   560.96
   561.50
   562.04
   562.58
   563.12
   563.67
   564.21
   564.75
   565.29
   565.83
   566.38
   566.92
   567.46
   568.00
   568.54
   569.08
   569.62
   570.17
   570.71
   571.25
   571.79
   572.33
   572.88
   573.42
   573.96
   574.50
   575.04
   575.58
   576.12
   576.67
   577.21
   577.75
   578.29
   578.83
   579.38
   579.92
   580.46
   581.00
   581.54
   582.08
   582.62
   583.17
   583.71
   584.25
   584.79
   585.33
   585.88
   586.42
   586.96
   587.50
   588.04
   588.58
   589.12
   589.67
   590.21
   590.75
   591.29
   591.83
   592.38
   592.92
   593.46
   594.00
   594.54
   595.08
   595.62
   596.17
   596.71
   597.25
   597.79
   598.33
   598.88
   599.42
   599.96
   600.50
   601.04
   601.58
   602.12
   602.67
   603.21
   603.75
   604.29
   604.83
   605.38
   605.92
   606.46
   607.00
   607.54
   608.08
   608.62
   609.17
   609.71
   610.25
   610.79
   611.33
   611.88
   612.42
   612.96
   613.50
   614.04
   614.58
   615.12
   615.67
   616.21
   616.75
   617.29
   617.83
   618.38

   618.92
   619.46
