44.196429
58.176068
61.250000
85.999815
58.237953
18.891088
28.446801
53.557572
60.510388
57.264227
37.916667
41.541667
62.218750
65.768182
31.598387
36.372483
52.496866
69.261457
74.665855
71.608004
53.964286
59.322656
70.220149
57.085016
56.250000
38.691737
62.340560
28.125000
100.320767
61.650515
45.300519
56.574675
78.581705
89.387175
64.275026
58.509764
61.007990
56.971173
89.737778
91.754104
73.141882
87.484543
113.978361
37.026394
37.625063
88.753802
71.168222
75.168916
119.336994
111.478344
122.331187
63.206328
103.193169
68.619032
111.253472
50.156250
80.683213
97.178640
115.717194
96.416667
92.558867
63.916166
89.225129
52.548466
94.990252
91.401307
170.605878
114.074577
105.204837
93.810992
51.754793
52.637247
64.498523
81.537937
33.973188
85.855785
109.213819
82.942903
88.460112
102.778163
87.013664
82.030833
92.962711
79.382298
98.098481
87.530017
102.285204
69.025794
69.192693
75.641214
78.911129
54.905303
127.975673
100.037281
96.797876
77.247062
76.677793
68.750000
73.000000
65.625000
50.975050
58.214286
50.000000
74.363099
55.385631
74.851016
75.672688
70.404740
78.766746
86.625000
76.233252
77.481481
90.206879
94.656246
108.430415
80.177313
72.142857
51.311688
60.202722
64.027914
90.687906
57.656250
61.308837
52.500000
94.586724
105.322523
104.489216
77.508298
88.684531
106.335527
72.134589
68.122518
70.546131
92.880988
70.194161
87.313964
92.039964
106.187256
43.125950
40.141818
53.364150
51.572340
84.928041
57.153785
86.673644
62.233961
94.275096
60.250702
83.452829
93.110368
86.919453
62.152877
112.037618
77.155886
56.386803
60.980640
62.137263
54.160651
75.503501
105.509101
85.177397
75.668092
64.785205
60.000000
82.019275
52.239597
89.590296
55.860390
63.369865
85.582053
51.053571
70.817720
124.378931
94.921658
100.514067
60.919928
72.935326
46.915862
90.393806
67.492984
68.526345
62.897906
78.634131
102.870098
100.474615
78.928575
74.630632
63.545259
78.527778
84.713196
48.465461
63.735308
107.025665
71.363636
48.594900
64.930177
66.405983
84.321689
85.343964
88.494025
74.205519
62.437680
80.698591
92.090742
129.371379
72.589190
65.210580
88.080729
86.586953
58.896343
69.025943
56.666667
81.560016
99.013871
99.204278
40.281709
72.418122
81.009218
73.057387
74.790353
50.327435
63.859127
100.459239
80.060009
54.816669
67.739600
84.343190
95.501769
63.120582
73.012378
52.431898
105.267820
89.292926
50.549451
85.127977
77.028860
95.134953
104.693133
93.997229
87.911451
98.175000
73.155523
79.617778
55.178505
128.523427
78.283870
102.586947
66.197917
107.451621
92.672325
70.497352
101.840875
70.488865
70.548128
86.124865
108.059811
85.745032
77.562780
95.460257
71.678158
59.939746
91.069745
92.322872
66.925117
74.404402
71.469533
123.400757
77.635965
68.370905
57.423998
59.632586
86.745527
47.444444
55.994792
59.763811
94.155139
104.498194
75.149554
90.902641
75.494859
102.466202
73.737712
35.008199
43.907934
64.614301
75.105839
83.042291
76.530563
97.845530
63.605604
91.542075
38.560368
89.699355
75.403161
57.171217
74.716669
71.875252
78.557075
128.559887
96.894884
57.318979
57.589373
42.787282
59.542159
72.122822
53.242178
70.612399
65.483857
81.130150
94.174955
77.165691
84.635000
80.428504
67.194784
58.019449
67.251737
88.447599
65.726668
60.713982
80.695066
92.058453
88.044962
81.133814
69.822431
99.339674
84.625962
98.849624
86.625901
88.925247
51.852273
71.196347
84.979302
106.080483
90.015483
82.707054
98.349248
74.600700
78.388435
47.865779
52.064017
63.249775
72.346707
105.961540
71.356247
45.931338
74.572888
63.343109
90.846545
114.516247
78.513693
65.000000
57.355727
67.842858
74.485259
86.847037
83.566454
43.350574
77.167934
90.302879
95.900298
93.403269
72.262071
71.647681
94.460742
55.736270
47.828506
93.043331
67.708333
55.479309
41.287310
81.637268
86.552083
104.784584
83.973971
81.488777
75.758829
75.875148
61.777111
66.913319
72.589286
70.514238
70.958068
98.222588
93.395996
97.697160
70.568476
96.881131
40.049766
89.999094
110.594078
94.994400
65.094164
51.857624
68.403387
83.191734
118.627200
69.840644
78.638870
65.694444
68.830649
107.232299
72.333333
73.798138
66.755940
68.386706
47.958604
35.705993
52.453218
111.457611
81.683151
67.931933
58.125000
74.915419
52.609488
85.768339
48.864320
56.415070
106.296695
59.243397
75.456738
64.750734
104.145784
70.830743
100.711241
92.975449
90.120795
47.291667
60.818452
82.359116
57.461365
50.292030
87.630685
62.472678
61.682553
52.068182
71.656429
71.114888
69.892866
112.785278
97.395965
52.414962
64.310290
74.682692
85.710175
75.566922
46.203360
102.859727
80.754037
49.738730
68.112386
84.311558
75.972825
62.593407
65.353280
82.329530
92.481181
86.612270
80.819553
71.663619
39.685581
71.357940
73.943452
89.223806
57.619995
115.980640
107.350518
76.315464
94.882206
58.259750
78.804664
74.868635
63.429378
77.400134
94.499344
56.855887
66.643092
47.032142
92.703381
103.061958
66.966586
77.695540
50.382954
80.057225
79.902597
68.981559
82.257936
76.251666
58.722302
52.230790
82.702987
80.093965
57.006664
92.141853
101.850247
51.708333
64.047619
77.024045
56.191698
62.595086
85.039798
97.702952
109.920547
64.854725
59.860914
99.885485
77.423162
54.826359
56.693397
71.005056
52.758567
57.916667
90.982881
100.133084
94.177143
107.749540
67.835207
77.401961
92.899835
87.469977
58.899541
97.425149
96.858696
60.525043
73.612814
79.197144
92.954427
107.173431
73.920860
66.478780
54.873861
91.027761
80.349992
105.415948
67.474851
86.009177
69.187085
74.993895
82.714286
84.645233
47.801565
75.906822
53.458333
42.102354
65.474772
89.067669
101.485839
78.882981
102.230314
74.970493
76.314088
93.435737
90.251310
55.106001
49.831052
48.192541
71.017952
87.924183
69.938993
92.893178
95.737159
81.444833
77.514859
52.128440
59.883846
59.369749
55.498650
103.071454
107.689214
101.485430
72.753873
71.041064
63.809470
58.917154
63.519022
55.868571
69.591064
106.356973
80.448223
67.752148
76.409893
61.994805
79.184077
58.468409
88.597989
98.572003
70.559140
84.358348
74.990020
102.884456
110.387648
36.224747
59.878279
79.395037
110.366110
81.106918
97.690122
51.739041
86.960959
58.714192
59.196429
76.061839
60.984157
39.272239
65.111569
62.295771
56.230073
87.926136
66.546000
87.509748
86.273358
76.672780
89.534688
109.061383
72.183538
81.690441
82.367412
55.597973
104.608704
69.151515
86.162315
84.610765
84.019044
79.190247
60.336729
75.886071
78.066968
82.764423
73.525402
86.540161
79.916826
39.322815
60.962557
79.899163
48.614415
36.916407
77.303666
55.760680
92.258329
41.995585
90.057566
108.447771
64.492433
75.344978
68.087232
106.240473
69.422570
109.531506
66.562567
63.062058
75.761039
89.649587
62.347299
45.906248
89.116822
75.302949
80.697234
65.989816
87.899438
79.054487
87.454717
77.953823
72.669739
90.479588
62.221443
100.661421
71.750647
99.550630
91.472132
65.984848
51.894710
77.548775
53.330358
49.098590
68.375000
51.730652
61.363071
70.150703
75.575957
41.911149
64.502789
100.203699
103.325264
60.600344
76.958625
71.529523
104.030225
79.962361
106.753926
75.042445
61.761341
43.164983
80.476513
64.342897
63.010234
58.975311
78.793776
71.048992
73.977497
70.632877
59.919901
69.648118
71.073663
83.609430
72.278105
64.438782
61.979167
81.612625
75.294218
86.401405
59.370623
45.072519
51.547619
80.030904
83.885036
85.976938
105.021647
62.748387
55.232834
45.818650
77.447460
90.035337
67.362122
61.772756
33.916667
58.642857
92.042299
102.339744
67.511483
79.477168
88.982498
73.495981
73.948018
93.605884
74.323845
72.690966
92.595874
77.458727
71.354551
64.652840
62.311147
94.021236
68.013785
102.495225
82.835830
72.128414
91.559132
85.520885
73.465587
89.055743
103.121182
86.793161
75.084023
62.663703
47.819750
71.140424
77.739310
78.777688
51.796273
87.437311
64.819332
100.286362
47.492399
56.706206
97.794327
76.548085
94.051706
80.445554
94.793085
91.405724
57.325175
61.664689
106.336039
95.790843
78.226470
86.303823
97.362637
89.911209
105.570473
66.304154
112.265805
100.297981
64.026446
115.482801
71.732875
82.690879
56.996753
76.342692
111.033447
87.173139
53.606800
81.580408
110.721475
100.402444
58.443508
104.068457
89.579137
104.071429
82.833333
54.485795
52.275856
53.979546
61.237336
54.819194
67.314700
60.684354
65.186359
83.692514
94.460279
92.638003
53.297619
76.556477
129.039841
94.053735
92.206818
50.072812
53.977273
83.251113
87.932513
72.321429
93.860480
68.709821
100.150642
72.059524
86.096498
58.528018
89.666738
86.621347
68.309263
74.448082
84.851988
82.957549
45.993066
63.716219
111.558496
94.879746
75.022423
84.147905
91.716058
85.209732
97.266346
97.150762
80.204345
92.857336
100.153596
84.136465
84.176272
47.505997
100.085891
84.476784
62.083333
57.306548
103.703097
77.978850
79.774457
90.041475
52.628676
78.459484
88.860441
75.052083
114.375214
99.709535
70.143116
71.467803
52.916667
92.382097
87.019742
79.527125
71.712082
78.596190
78.933146
65.355124
97.756861
77.192395
90.418381
128.324712
108.118490
72.029163
82.880904
61.752025
49.000289
47.321429
78.640127
104.356110
85.675881
87.857829
116.798652
88.054855
58.661672
67.093501
87.291814
101.179338
80.508319
51.596498
71.260131
57.200358
75.768330
57.947959
81.965408
72.475649
61.941964
82.198904
73.155892
75.189475
119.943375
106.834243
82.408854
95.326191
81.346583
70.488404
100.005591
99.131293
78.841567
53.923160
86.236779
74.099011
69.192874
74.727834
63.765768
83.042092
49.535714
91.878308
56.441159
63.324675
29.166667
71.678114
58.816288
71.399791
95.835955
94.465599
81.236359
80.733897
73.672980
79.819744
93.104422
63.843598
81.523736
102.115452
65.797868
136.101818
62.204956
76.723271
60.683544
68.487349
49.473839
62.382658
45.669207
73.771634
121.432463
60.700548
69.418809
109.319702
80.084471
120.949718
59.176241
98.727019
89.384279
87.096722
52.925120
75.207653
50.813992
76.747849
75.204545
70.930775
65.642170
73.503788
64.451281
45.047779
42.240200
91.552072
77.828161
78.867865
76.464029
88.749177
91.067323
94.071875
55.287659
80.300676
98.591151
33.998241
83.306280
119.352891
92.444815
61.138249
42.682537
69.617573
74.685886
100.170536
70.049099
60.357335
87.084694
72.000651
80.648872
111.361421
83.439758
105.694743
82.173754
78.639884
123.047342
88.455920
59.547444
82.502625
73.437500
46.295956
105.656971
88.987573
101.645477
63.167705
107.735230
80.136627
111.338237
27.604167
45.781250
71.736671
69.509596
82.471855
80.208333
100.961104
83.746934
69.132316
43.857546
71.155927
102.288494
78.411181
73.233430
92.186980
77.626834
64.288835
90.115002
58.279377
57.255779
95.571416
123.700398
92.217590
100.077866
72.990769
83.285431
94.122790
64.226181
87.665055
61.027299
80.165278
62.619048
72.479133
48.443340
60.914736
86.995094
53.052834
70.689256
80.103516
76.387577
81.840798
55.637310
101.646751
79.741257
92.761413
103.615316
81.227290
73.770259
93.095724
114.647141
106.715934
82.463475
90.711211
66.326182
51.812714
78.617371
92.275057
79.833622
133.329320
85.610767
82.936851
79.536745
79.162207
63.232607
95.938850
53.689280
76.826299
88.623383
91.512742
86.785236
58.438147
111.845238
98.608953
85.771417
30.000000
64.329365
85.235302
80.525595
122.553731
75.567015
82.633512
75.243093
56.869849
75.571750
59.805538
63.474838
86.276402
68.612487
85.770799
94.125627
68.083248
67.052922
67.252284
51.674935
86.409750
73.428733
104.814633
98.848214
68.022336
51.971433
105.084697
47.084703
75.189961
75.675090
71.101190
99.466364
115.038315
109.822322
84.845908
115.956653
86.936809
82.854021
56.329874
30.939324
63.025186
84.856528
73.361521
73.313533
84.624638
73.784831
101.346838
58.137841
113.222433
80.701981
94.089429
75.633194
69.349571
71.608012
82.381585
53.266192
76.420032
78.644481
87.535892
69.081139
99.778411
55.295026
90.341678
99.127276
75.478379
101.938150
84.000000
101.948744
85.435747
100.167574
89.488241
64.127401
67.641689
68.782447
96.768540
54.218750
89.931410
94.253305
39.178544
37.774413
86.989074
48.780112
84.849478
122.714599
112.869937
78.518669
70.797277
75.558646
66.674874
69.617512
68.264186
72.072650
88.503264
81.954432
34.766947
72.257911
70.063553
70.468750
95.523278
39.696970
45.000000
65.168642
96.549242
65.981447
70.401465
86.722575
73.034473
47.299837
83.458809
108.122596
92.202810
87.008929
83.920547
69.083333
58.333333
40.081239
83.261957
69.496265
37.500000
69.171340
78.046739
62.561738
101.747219
99.656984
66.723067
93.533654
69.339930
69.424585
69.336888
137.173303
75.928306
71.028817
67.971376
89.037963
66.479545
95.509039
60.447116
104.726808
107.496818
58.202834
53.658389
60.311008
92.962816
91.564194
72.054367
83.550859
94.698980
69.178011
103.733619
83.889553
107.291667
52.773781
75.798045
116.600133
81.454602
85.519032
58.022055
104.005041
96.789230
80.192542
84.345523
80.669861
66.264924
74.915000
61.710036
64.746680
105.380553
106.396136
66.357856
112.250309
103.417141
135.504495
65.056772
62.014762
37.890875
100.985354
74.233193
82.468332
101.548701
76.521237
61.211244
56.719972
63.224363
78.955454
98.538214
81.495612
80.340116
60.942751
95.319220
100.775553
58.750115
83.112299
92.183270
55.760490
60.178571
76.324773
69.685603
71.221806
76.155065
98.551653
88.413254
108.284370
84.873498
62.586666
105.576525
104.889522
83.573368
95.937951
119.606459
57.016045
82.532307
91.640604
127.943425
100.526042
97.484591
99.737817
96.058912
90.867286
90.543159
54.452497
68.262802
70.648797
47.395833
57.991882
88.145754
79.396672
83.991143
79.721876
102.347373
108.334057
74.736908
72.126575
110.279881
82.153817
96.448126
76.837628
49.077800
60.194962
138.342305
114.479167
63.409196
82.711167
71.207795
80.090282
97.831948
56.871528
86.980583
84.373067
63.056787
59.472623
75.739191
98.318571
64.305260
85.252899
48.262128
110.770882
100.428524
64.208333
79.995324
58.697917
64.568182
65.171541
79.475962
48.484905
52.980614
117.365591
69.055122
76.890522
33.620437
72.331359
110.869321
84.170317
86.875259
94.635700
110.789972
111.940030
81.592362
53.609164
81.668857
88.232537
99.333806
51.652345
63.357939
97.398684
63.162480
80.853299
64.950574
87.885253
74.312649
77.120964
106.687661
34.143422
102.669894
98.516427
55.407020
69.086430
79.283062
90.277969
43.189242
105.526296
48.062366
79.494048
70.128317
115.039971
99.021659
65.308754
88.519704
42.987267
64.356399
73.054232
69.696069
93.311493
84.451535
89.632236
57.832938
55.515650
60.431569
73.773612
76.250000
56.324405
53.617312
95.012952
111.886075
87.452605
83.982983
90.059003
67.121098
97.064949
105.826750
87.560673
69.875965
89.290742
73.480049
86.347335
71.715696
65.472900
87.488467
83.074660
99.578145
85.023951
94.037635
107.838034
76.115948
48.708902
31.223617
105.822577
62.098710
61.250000
100.754781
85.156830
64.350516
77.695129
80.098214
86.787441
38.208886
58.391300
88.015597
98.661771
49.539093
50.668806
57.680382
76.812626
69.858087
70.615593
87.039770
51.590133
84.072527
72.640838
108.241487
82.125491
94.445398
132.958333
74.428574
89.690146
74.524871
76.802134
61.960164
63.653005
80.066110
60.125006
110.844538
90.319753
51.964286
70.426912
40.611111
51.091927
79.065583
101.180527
76.909091
76.152128
56.202110
37.941952
68.035714
109.926282
70.723024
87.245993
54.980605
95.360674
56.608135
70.720389
75.645159
79.794056
91.743866
74.998881
91.363285
54.292180
101.194099
108.156290
62.014913
66.706708
81.348712
80.689972
76.757538
94.063034
86.517189
71.377843
70.547738
82.269228
71.318277
98.161061
64.377385
97.951300
97.223721
60.186805
53.487884
68.655690
61.237441
84.126868
94.394687
73.742560
70.571292
67.807936
56.821078
87.004358
70.175400
89.194399
53.785007
104.040850
77.597117
100.907453
66.398991
79.992291
64.702351
68.654101
81.329547
87.831015
60.175278
94.763314
77.878247
74.079346
64.601397
88.124910
99.495411
58.187500
75.762130
91.009206
74.396022
44.018228
60.574586
104.066785
55.165272
53.679511
83.395826
74.374918
64.291204
69.699942
104.754570
64.420258
110.299768
46.770833
92.574405
76.839040
92.437496
69.220753
99.650355
108.276807
53.918239
107.493716
75.933901
74.633085
48.549885
102.094879
79.242158
105.494202
66.785714
41.221676
71.394342
66.002159
91.585844
62.755619
49.744510
91.458568
65.966871
73.464286
128.771632
55.482143
88.115678
37.521365
89.722643
85.035333
71.002178
63.523622
51.287624
53.496241
76.160474
89.677989
60.297619
62.628679
93.354002
70.803971
73.414481
64.985815
100.288548
66.985690
75.535211
52.500280
104.790355
104.288684
79.674136
105.420647
83.945959
98.652950
78.288899
75.978671
55.937500
107.437869
70.256410
83.337093
75.280645
70.528022
103.256183
116.863745
70.564391
113.463381
89.903093
79.410714
85.897476
104.012863
86.221084
67.466680
56.412941
95.646338
92.825338
57.514881
81.830970
66.931991
37.812352
68.659608
79.000675
76.302760
63.546996
76.370614
79.639881
86.881330
75.407695
97.388800
68.677622
102.995413
98.981796
79.824994
73.953683
79.299480
89.907390
73.086104
77.831661
102.536822
68.479892
74.062992
92.149477
106.193938
119.691254
64.370716
47.423679
90.361830
63.511386
78.875584
51.990949
71.792909
97.058082
64.269040
82.304126
70.028674
81.183355
140.453713
103.721792
120.543505
85.491071
101.396853
76.007885
93.286184
68.983112
101.698137
74.069058
63.453867
80.815687
67.726206
87.800087
49.791667
82.037513
116.652639
53.879510
74.397867
53.121711
65.519912
87.280021
64.619755
74.423077
78.314052
74.079420
58.642663
86.833912
64.726840
74.115748
91.056254
55.335843
102.027426
85.156325
72.387529
86.796879
78.124884
78.622652
70.179324
113.429868
64.290293
90.571051
87.410910
63.367037
73.971413
59.664786
47.759224
73.896861
114.763411
57.041141
62.311104
100.821647
97.825085
95.525759
81.719355
69.411730
68.721171
108.370335
76.954870
74.452420
81.763885
51.245837
67.435245
83.630212
126.108006
79.885823
74.348958
78.004808
89.158964
65.577395
77.209079
80.392185
71.571646
78.350720
75.123507
77.282433
88.315575
75.246306
97.215181
75.989651
88.677895
75.298383
33.457048
57.019063
107.429068
103.540802
82.073246
67.954606
101.747565
69.819555
87.662087
98.747522
67.309797
85.681176
85.301346
65.833333
92.200839
72.481987
47.906715
33.039317
72.596155
105.147695
62.485352
37.263774
103.795136
88.720715
87.291302
66.458565
99.191837
50.708061
83.169163
88.969474
61.910158
68.806621
60.310905
92.342525
93.432765
110.304369
63.104297
71.522603
94.918430
94.572787
73.447980
74.734601
36.263437
109.749760
88.919933
72.555958
74.843750
61.834315
60.968045
73.603758
56.254491
55.566796
70.502140
60.178826
67.085791
83.396998
115.657985
85.480230
73.644451
59.992444
75.231071
59.281017
80.359195
37.924611
48.605214
54.072334
56.583333
95.933329
93.469925
49.244748
65.291300
59.894565
51.492160
87.717283
86.500793
53.840881
82.637951
81.442539
106.620551
69.922989
73.694198
75.010616
85.634921
78.096350
60.000000
71.419913
85.925926
79.730478
55.875586
132.821528
49.271710
67.769231
58.807619
63.750000
52.626976
67.708854
68.442970
91.510268
72.334759
80.350379
72.872822
87.783818
78.803845
78.028577
81.585165
69.622273
104.924377
99.460153
78.514297
95.929991
65.362108
87.225589
101.264112
66.291667
87.185125
89.714526
48.438103
88.690299
82.686466
97.846889
74.380522
54.258242
60.781250
65.896072
100.601334
51.988636
69.314405
103.258450
53.931904
114.457723
74.282971
69.387340
82.533488
45.674861
72.393782
99.867394
98.724222
63.488542
98.271516
51.325101
107.477895
69.101695
73.372874
91.542632
77.964670
91.381077
108.002488
52.518939
76.047009
59.421338
97.299371
95.904419
98.028580
102.656812
102.186043
100.691688
58.820817
65.343877
69.104432
91.914328
60.765675
75.169643
57.431640
57.016369
69.878472
58.703042
100.184029
76.936005
53.749232
66.115349
104.608759
46.175940
107.044914
60.264881
107.861826
84.660813
74.222756
102.594547
96.661230
55.774868
79.249466
55.032536
98.053008
69.505370
59.672835
39.012913
72.811809
80.925945
69.864719
75.657552
129.181048
74.990542
77.990596
67.684659
81.534707
83.778701
75.708333
59.119595
104.479137
95.192308
77.930690
121.008337
98.205351
68.631952
87.840713
99.261914
85.075373
82.840748
90.090615
78.274439
81.571792
66.991218
52.109752
49.750316
86.855825
90.311523
71.145833
102.067786
81.711034
104.507954
71.926131
61.986033
42.380952
86.207869
55.771679
68.978149
98.341346
67.041317
75.964655
55.401766
73.189033
88.405222
62.054449
76.580261
58.533942
74.490327
98.985724
92.550514
47.735986
39.682114
100.390178
64.385417
103.432678
84.542628
54.005850
107.140876
75.481411
71.657738
101.422771
77.842994
36.705743
91.610513
75.233716
81.930443
64.083270
89.900198
68.981104
71.538236
66.586038
78.640351
67.503111
73.865583
73.511757
46.316570
70.293790
65.092419
105.249185
85.263197
47.632162
70.625000
31.171757
44.775195
37.559524
140.857302
102.463784
88.648178
90.510971
125.455019
53.860492
47.019886
74.327605
79.516426
71.216468
91.939650
67.876747
79.836134
55.037262
58.962115
59.719562
78.045661
86.091727
73.144390
84.938682
29.833071
20.858019
82.665116
97.003238
56.120687
81.899029
95.543003
51.652462
41.145398
53.993346
70.455120
96.954825
71.702873
30.299666
79.511530
59.937782
90.620574
73.397161
52.509470
79.781297
87.757353
84.738941
74.976361
73.512673
66.113590
96.450531
93.334905
60.714691
119.486725
74.343797
120.374616
63.434524
65.948594
64.085258
73.618892
91.882709
88.859186
65.127871
99.132935
120.611598
110.854167
76.690773
98.105616
92.402014
93.382502
81.151316
74.096154
80.871824
42.940448
67.455418
97.910294
91.796405
84.872940
91.554260
65.450591
74.602273
47.331130
111.449398
74.699835
48.768910
76.264284
82.732864
104.011226
84.942552
51.686993
54.830210
91.410040
75.572260
62.569356
74.924655
48.750000
76.024597
98.915362
56.642725
65.174731
80.102317
67.315567
83.142191
83.690789
80.661603
84.904336
114.087799
76.271597
81.295920
60.179890
123.747927
67.291667
93.947139
64.301708
84.452063
89.067010
56.309463
67.805931
86.550595
63.997955
73.261885
58.809895
78.617591
73.223966
74.985119
82.921481
67.883199
92.060324
56.323260
73.895584
113.305046
90.028510
103.273092
93.625359
84.933282
96.164471
81.562282
51.958168
93.623372
81.793250
87.284076
76.858974
82.831125
90.753405
101.986967
64.768198
62.304195
75.120215
58.934211
82.967666
66.498015
66.569041
59.235194
51.492231
82.681569
80.190366
80.724669
78.203905
92.104235
77.510049
103.726297
74.464486
61.303730
81.896149
102.574714
45.583335
69.959416
101.146757
68.158344
87.098232
69.081439
80.675398
111.297815
69.988095
58.839286
97.207726
79.221258
57.025618
52.611597
70.933898
79.423955
70.816908
60.381890
94.157172
68.855202
71.378169
55.494266
76.321788
61.406250
83.685205
70.796778
88.707454
75.907371
57.575092
93.989091
99.156304
97.709285
52.771704
103.083065
62.896921
81.470216
106.991243
82.177151
82.349617
107.088043
74.653383
71.108413
97.909825
84.210006
65.195422
82.129592
98.977362
75.815521
72.763889
44.157050
56.219732
74.216791
55.528798
77.676955
96.545726
77.261888
105.195554
83.085892
85.883137
58.488952
103.568810
60.446521
61.322917
93.929544
76.364956
68.216768
67.589318
36.902265
55.040141
76.506111
69.251032
68.497265
83.293300
88.773825
80.371205
39.426289
18.481322
74.358225
83.955244
79.848660
105.156806
85.905553
52.219702
85.815757
60.025087
85.208020
65.655900
57.954545
73.088816
105.552867
54.342935
26.116071
23.982921
86.915675
89.395518
69.300411
66.043883
78.626102
65.407446
74.320033
63.436125
54.038697
64.455710
105.455581
85.441016
85.185838
70.543149
82.067017
62.834597
70.219856
81.149118
106.169047
64.073020
89.141397
78.786211
57.430895
61.810850
68.432120
56.077438
71.964514
107.081772
82.577647
100.871618
86.921248
81.346505
98.874049
49.263393
90.374650
78.105048
81.808508
83.943230
76.089692
105.370998
70.148723
74.793809
93.384933
77.316716
66.162093
92.633502
47.900376
62.137197
66.007382
92.563833
101.586066
75.462095
88.807156
75.393575
52.666195
87.328816
103.270127
84.692349
38.216149
121.089307
65.184067
86.045614
58.678571
81.900472
91.767345
74.515437
98.459908
71.492108
70.731678
88.470636
93.621870
38.657771
71.241435
76.544072
50.515351
62.494542
65.469866
92.090458
69.875490
108.205831
69.222488
102.721039
84.984848
76.977931
99.966416
89.430681
62.707389
80.449561
88.100612
66.797182
59.765625
99.581827
65.934923
74.242809
89.417549
66.497855
57.549080
79.345156
97.982387
86.758775
106.512803
58.694572
73.976918
96.579643
55.803571
104.755495
62.433321
51.525298
78.323359
99.223766
78.677795
71.790865
41.207431
78.661317
55.086820
71.537669
79.544708
97.218486
60.371462
71.599976
104.554841
91.346803
68.168940
61.258769
65.657463
87.577648
81.571142
87.857143
67.788184
78.716765
88.685897
101.415499
64.233606
50.182180
115.785992
72.039844
48.906250
74.318999
48.017565
68.872143
92.216056
73.681174
78.542327
85.664709
73.624928
116.570839
86.966948
106.440124
74.413642
81.941392
69.370556
98.119542
64.748128
79.344439
79.389515
74.429618
59.166667
83.190399
56.978218
57.824803
113.598656
60.863095
80.839755
104.924242
82.126408
65.957930
80.089286
74.300029
99.051065
32.383970
56.315319
71.424329
98.504409
65.939911
69.750000
83.673928
72.678571
64.244484
68.161341
69.781853
81.395833
79.508752
99.557942
104.695166
55.131540
51.426456
81.412065
56.638234
90.921431
64.548424
37.591138
61.525225
59.107279
66.893674
83.411720
65.721542
62.427368
58.097684
95.050457
67.717593
88.767016
88.499118
80.916667
68.750000
74.875000
79.072135
65.284108
64.462351
71.534210
71.138889
66.180141
107.741068
77.254859
101.954603
81.185024
101.269587
70.216238
97.964824
48.462997
64.564552
68.901338
68.725307
93.734895
74.187552
55.995787
97.332559
99.327178
66.449062
70.162146
72.322596
61.454735
60.127771
51.811018
94.205692
58.943666
84.752294
78.561265
79.874238
66.656151
45.532826
68.227666
104.761323
85.955134
99.752986
57.862340
67.034335
79.247738
85.764322
91.565476
78.817923
99.253160
107.417508
88.025749
86.196051
49.522633
82.701220
71.955357
89.782358
83.125585
71.726190
48.492433
81.826398
52.765760
115.295730
66.021637
65.802557
97.380929
72.462015
20.055460
106.488104
120.698955
75.548373
63.958333
67.823590
87.028246
85.596065
84.562414
65.759794
79.069653
68.129827
92.283789
84.644570
67.373640
62.749272
74.015472
93.337375
100.112383
65.347779
78.843853
73.544909
80.131119
77.483964
81.436566
109.373694
126.475585
51.293224
61.359779
53.088534
43.749539
70.624930
82.841497
103.738633
43.802371
70.033729
56.788109
81.493031
71.088404
68.733744
85.339084
88.860418
88.152617
62.796112
56.724051
78.945479
32.496126
73.333333
41.899038
89.246713
98.884583
81.670274
110.456514
67.107961
72.393448
84.280525
106.859882
81.554080
65.622925
65.560013
88.114604
100.851691
57.515634
76.264881
89.408018
77.763095
91.357899
75.579776
48.945106
75.822534
71.000000
107.510100
50.000000
73.282688
99.623632
45.907474
84.072902
94.309954
88.374746
78.089641
75.911451
79.879677
112.829930
74.216524
97.861345
43.129498
71.278287
76.775895
114.706582
81.686563
80.964517
101.999864
73.183655
94.554155
73.605295
57.220238
66.023608
77.599661
59.273190
113.002371
69.036403
72.970745
64.582302
73.451363
79.182294
90.634100
80.710403
72.643418
83.073837
55.427199
55.354146
68.135185
83.955973
63.346362
68.153595
99.593750
88.121286
88.672003
85.546789
109.698000
70.239422
72.708333
47.431794
65.799299
73.248637
76.799968
51.075801
65.028823
28.714577
104.977725
83.539630
77.162254
100.193434
55.418780
90.169703
56.743117
74.350647
143.097725
72.869710
84.635190
111.319397
72.045719
89.984264
114.181221
102.138301
103.605446
68.557805
84.179239
87.718886
59.415568
68.043026
61.177443
74.526965
42.612551
111.843469
100.118697
78.774479
91.109874
58.541667
64.919676
62.006500
54.623899
78.948365
80.505290
99.965365
73.559325
88.413357
91.250000
82.928809
68.632314
87.403634
100.336529
47.373337
92.141342
66.124276
51.111267
87.685990
67.248424
82.923404
62.272727
64.213922
85.896455
37.479606
78.082483
61.426768
68.108606
65.872645
48.994539
83.514671
59.903098
56.723643
66.998038
66.718115
70.883210
94.272424
87.478389
97.435925
52.267667
105.377979
66.379393
63.348160
60.944730
92.373737
68.305665
68.650470
58.053185
88.426768
87.065830
57.588135
76.853583
55.805072
44.740528
68.357415
60.191304
56.394477
46.633288
44.769227
53.989900
82.840308
106.700593
73.097585
89.948366
66.363920
63.437500
88.035547
78.833333
115.715006
84.826389
92.274149
47.958945
66.666667
74.639981
77.362307
64.099914
107.056431
75.847836
71.425189
108.315163
50.390527
59.377981
42.736775
80.706353
66.531511
56.112745
57.736636
57.902462
85.953057
63.068718
57.923797
78.386400
75.359226
89.129222
44.895833
59.951249
58.756313
48.806071
77.857608
58.039059
104.657667
91.153798
97.658141
67.340944
56.941067
83.944964
67.181353
47.861111
64.125631
51.726356
75.990397
43.752997
51.581263
87.876006
97.670073
86.297655
41.518095
64.050481
73.193277
61.098521
58.868198
59.831495
48.593750
77.194504
79.559344
73.827436
81.942800
109.220907
67.007237
30.625000
97.944619
66.910083
53.463183
75.430092
99.755351
42.368824
94.910472
71.509877
73.244048
77.915895
76.438210
91.054272
67.288603
74.649818
52.463005
53.999910
41.703803
93.955875
96.902370
53.673737
73.158570
64.092781
70.305127
94.627314
101.506553
50.462564
96.406658
85.175837
48.712790
86.934938
74.064277
81.001537
65.158021
71.250000
61.034765
22.583333
92.711551
66.058500
55.876232
83.537186
83.283279
85.975887
102.222266
95.616527
45.483754
79.403980
64.597095
42.253657
47.125000
53.049668
49.524402
76.132039
112.640311
74.682810
100.780975
79.180935
80.508970
68.535276
79.098205
116.363213
88.488865
107.552029
69.893277
51.401515
130.493278
50.116538
67.205442
93.867846
92.673686
89.003900
51.041667
65.669643
54.398190
55.359971
90.418954
48.315427
70.271484
53.242657
93.533899
76.636212
74.341864
95.932428
67.995939
72.814643
67.220597
68.854167
80.731639
43.596271
87.763782
66.820952
100.958305
67.566359
56.295460
72.588982
62.140556
90.858027
67.220185
72.589286
60.000000
75.196280
109.665464
60.723778
87.795012
82.237416
77.642596
66.484045
47.454524
78.245818
91.541951
85.526786
83.043379
62.367524
57.921286
93.844840
79.101480
60.416667
73.920622
68.816982
78.287555
68.717387
72.163462
115.926617
76.985208
72.597886
83.968643
58.051855
64.683946
79.482143
44.382028
63.384140
77.907196
48.983412
90.902552
77.565118
88.288278
82.444853
91.561241
77.845445
70.208333
93.227564
93.224432
93.158383
61.678571
85.029762
96.135801
82.048859
93.385417
80.113128
53.296123
86.939484
89.267045
69.417380
84.011917
57.763712
87.111997
79.384981
72.583591
68.170538
84.061551
80.881235
84.113382
88.858913
69.181548
62.715982
90.863800
109.294174
92.131459
74.407095
88.330806
67.473676
79.822841
70.385734
96.517415
97.187500
88.957127
112.355925
103.069497
77.222772
96.725264
103.590175
70.828073
96.627866
75.189966
85.346090
83.459660
59.279114
66.266553
83.616615
88.068286
78.670631
81.093579
57.896576
67.488287
81.236124
64.532726
32.857143
55.297619
68.576331
81.412703
132.670937
86.010838
82.752615
65.838507
79.939921
74.842151
91.031985
106.748360
69.450165
68.697746
98.941914
71.145833
69.164271
94.509241
89.747175
87.970238
49.107490
96.904067
97.241337
60.370361
73.278623
106.670895
72.391757
45.867958
72.030581
62.948407
76.937208
89.416972
99.158014
72.455205
67.162052
67.528819
55.575184
78.880848
94.498044
93.211368
111.022987
64.798387
79.735891
66.256968
97.597991
74.922632
77.688837
57.521716
89.554812
78.003531
70.907510
97.776328
70.379385
66.839914
69.246924
56.280903
76.352890
96.759799
54.952511
98.395269
75.541209
115.667696
123.639776
81.373922
77.297554
78.953744
70.584125
71.765813
49.859228
72.575738
88.917778
75.598344
108.032272
72.547888
82.834402
97.918788
75.856628
92.600440
100.685976
67.000409
60.779237
79.880411
65.196314
100.045489
109.838792
79.243683
97.879289
80.796845
89.049056
55.378634
38.693867
62.881848
53.569946
108.050591
64.849884
111.292249
69.763606
85.568257
84.348397
95.030698
62.481495
109.748467
86.641487
66.186197
77.444092
50.106660
82.199172
76.274506
75.999389
53.742966
74.067157
85.440842
99.953479
77.152933
85.521448
46.709651
88.346872
70.282211
115.334148
68.693002
59.480674
82.387491
82.948088
71.643073
80.432354
63.366168
70.455747
95.787572
89.639341
75.413831
71.590881
90.109244
57.290950
88.669260
71.756492
61.061879
49.433623
69.810774
86.418441
59.562832
86.184301
96.580349
61.608597
96.005245
51.589046
58.940427
49.391963
59.143029
75.102278
83.085379
89.920291
54.730360
98.743964
67.685620
80.704123
85.648562
94.370822
81.236483
78.207027
87.943309
73.578929
84.373254
99.468881
91.691579
113.374849
75.083817
90.258242
70.078809
86.817859
43.935624
102.155381
56.137588
65.621490
56.265263
84.175473
103.929823
108.293867
43.547378
78.117607
71.828926
100.522566
103.951561
78.394886
72.245158
76.031049
67.937918
75.045956
88.418678
60.570385
61.880174
100.164508
80.984799
81.214390
61.816427
74.604925
90.517048
68.883891
76.604734
86.467775
82.975023
78.260989
91.533480
91.163037
62.999257
91.719090
75.389351
97.364515
100.913115
70.075825
117.690845
65.669225
81.153840
83.659694
74.142371
48.260998
87.105217
81.840312
70.995638
85.582992
108.378098
67.675555
40.137188
31.998221
66.552157
66.529915
53.462265
104.244656
94.933058
88.900544
96.982974
89.634043
94.636964
84.250807
93.660616
106.117274
82.577485
75.671360
82.586644
77.341016
86.477232
65.192544
74.917582
100.646754
66.024602
72.542831
51.863636
73.023810
95.241448
92.122517
81.575737
78.272973
54.346828
75.770566
63.802062
82.224249
90.407259
99.828530
83.884937
87.333777
69.936308
94.903044
88.688924
46.524621
80.567489
71.911255
52.646571
68.957234
62.360065
53.121604
75.122039
73.097309
46.597661
62.048859
57.700002
65.706241
82.254760
62.680289
81.210318
69.967530
65.833333
84.535027
84.875514
73.910714
69.806345
50.069800
95.852161
81.578879
62.761785
97.599578
53.845698
101.291714
62.825374
64.454821
75.288076
52.555944
90.662067
58.225392
65.667352
60.160407
62.170064
83.812193
72.927520
72.784870
92.086283
64.832117
95.867430
55.892314
58.584600
84.395082
64.152002
65.625000
94.771372
69.426945
82.083967
85.300606
78.202168
127.334603
72.703125
99.345765
83.646820
64.713068
72.654282
58.085048
90.506789
90.430030
60.845238
58.898425
71.331615
47.214585
61.244786
75.770559
58.854108
101.923630
110.694215
108.110119
62.864583
47.601108
77.998311
94.517777
57.982106
62.136305
39.658393
66.023931
61.910631
60.428687
91.454317
110.660714
61.785801
86.960481
98.696393
95.160402
81.946605
92.038634
52.508478
68.914861
67.689879
49.383894
68.703514
74.113281
85.922782
80.937500
123.635417
55.200893
48.966794
90.595612
68.066251
72.449826
34.247971
59.385036
114.850925
75.458495
83.607157
88.520975
71.551890
61.565684
41.550224
84.672646
77.794844
56.040977
75.568859
93.333260
76.495323
31.724076
93.132353
55.993304
82.119575
81.383522
49.366004
55.025479
90.336161
62.364559
84.869326
64.742526
91.954830
94.125651
81.862240
91.227897
59.049107
70.699561
65.045618
115.306981
91.149240
83.680908
71.666667
84.919083
48.704720
81.364233
47.402597
107.809431
51.744048
58.958534
87.346147
61.906986
35.590659
64.017554
80.250000
66.607547
125.133596
59.972222
72.581852
62.009466
51.942894
72.643885
70.388052
76.702718
61.961355
68.320815
120.273892
67.528819
36.101346
39.539246
109.196565
71.879495
35.771810
88.905869
91.233871
81.344469
63.988680
47.743815
113.244856
114.160699
55.128123
100.092703
55.456036
88.128205
93.609047
49.702312
62.628250
49.229094
93.781547
54.235205
85.110516
70.242399
115.926404
96.422917
95.384293
53.091618
83.303522
92.118116
58.005107
84.318309
87.047679
86.969558
103.315476
72.439139
54.429034
116.216581
86.317058
60.972222
77.494852
53.489583
98.915408
107.059186
92.283126
66.690830
95.646615
44.642357
111.019841
95.598958
101.004543
57.208333
111.132408
83.072825
59.174603
76.495196
69.630274
57.921293
100.987610
49.812500
78.684798
73.470018
118.797619
64.733894
77.838225
69.159832
68.462332
86.548774
89.894180
101.283441
63.491813
87.009234
82.843344
71.237243
94.993560
37.523520
93.490801
74.957218
81.371540
115.626977
65.833333
106.410363
48.056748
54.594958
70.734068
58.922619
92.782747
122.372621
64.822609
52.314563
92.248381
67.399119
60.351083
66.532043
57.353590
95.739878
74.661779
125.490227
94.426498
84.067460
36.021825
48.303571
65.091318
67.796218
56.852801
87.616133
52.258605
108.259468
62.383204
66.887105
61.430633
51.343663
58.773093
73.250673
70.035203
64.224950
57.908375
98.895380
62.616416
69.542055
53.056772
73.369821
60.910714
65.349453
75.729571
69.260769
66.283098
31.750000
49.693841
69.659926
101.316747
68.198007
62.520572
112.103728
91.219944
121.456258
47.637527
69.424603
86.329467
70.062142
55.995207
60.844666
94.216178
85.691263
80.042964
57.463181
76.847901
93.602406
61.491593
79.636591
98.235058
82.896072
77.233405
84.751679
83.186022
80.207776
76.115803
64.922893
56.221914
53.741993
82.741791
76.511839
52.589647
59.193435
48.775502
72.124694
98.460041
59.044904
83.873041
35.833333
73.634196
149.183071
121.809782
84.791171
96.784420
79.753138
80.026573
43.750000
59.512151
65.065158
93.863310
86.497789
77.395833
43.583333
68.803192
110.757161
71.255127
72.388290
84.822088
60.204212
93.313400
69.080777
45.816288
86.507776
64.949495
85.034073
97.349182
54.315021
80.216187
75.235202
89.058197
80.272816
83.834727
81.777152
64.587105
71.618421
82.382107
81.525298
61.718750
91.383617
75.505264
72.009992
38.311745
43.541667
76.494354
107.052560
70.204691
79.887770
65.441869
67.749771
40.417358
79.068030
78.597965
51.170161
50.730715
80.470914
51.152086
63.637838
73.783240
86.484011
50.223214
65.327381
65.284091
52.480639
76.260870
61.655428
35.014145
89.891015
83.818930
111.423703
72.225962
56.483325
78.053054
68.093325
92.885059
46.085988
55.941358
101.242162
76.096788
65.381000
48.125561
63.911857
53.906250
62.516049
91.274904
85.432086
64.014764
86.065337
85.411026
71.279834
82.314673
74.915040
26.725222
104.165108
62.402087
46.347070
43.299994
67.733384
56.869956
43.368728
63.085267
68.880346
70.211779
67.693819
45.424107
85.014453
67.206191
66.634769
94.384398
68.274663
50.240264
78.329070
59.581198
50.078125
63.980655
89.889706
101.219742
95.579269
88.724298
84.517152
42.103481
114.153622
84.396949
79.266518
94.739895
90.719185
97.044924
64.661722
59.595672
75.068414
36.399664
59.307146
64.809319
105.273807
59.476473
72.144804
73.170437
48.735119
60.315721
36.000830
60.815809
77.378269
85.288232
58.601480
73.132275
59.237457
76.810413
68.807211
45.421106
73.317762
49.041142
106.262865
55.838068
71.382623
62.013075
46.151316
76.206092
68.416005
79.077381
90.652528
67.552071
111.142853
63.653023
85.500798
78.625000
103.303543
94.381931
38.031420
91.008399
86.904430
67.707853
102.141006
60.854516
107.431860
80.438844
59.786889
98.282547
50.374407
76.049154
123.330953
84.583333
95.914963
62.579879
58.893697
74.482656
84.511380
70.233421
62.766964
58.587623
84.129955
89.620322
45.163690
56.236276
41.830529
69.504784
87.043417
79.238856
84.366849
77.285562
66.751952
110.096559
64.839884
64.965278
44.129105
71.252523
76.857799
73.979167
50.250000
99.225523
57.238529
54.189473
80.666667
77.830946
73.538709
50.803571
93.456783
89.735967
100.998059
56.966388
67.472987
73.339113
77.973372
69.036932
76.361972
65.415023
91.165854
53.320066
38.280105
83.622887
91.623802
56.076389
97.099219
82.173958
91.770340
75.804578
63.845717
81.014799
62.910536
91.372657
74.099417
74.843192
83.302461
82.408966
83.510866
53.395833
78.153846
85.209150
67.709785
121.269111
81.493204
68.466335
73.418390
80.084542
58.898325
72.531497
68.957862
79.557740
59.901656
97.640317
86.291840
95.152260
77.713971
94.405834
40.015137
53.527162
53.551259
54.383333
82.692308
37.931818
105.242756
72.639827
56.656866
95.546913
87.678481
74.335512
107.536953
53.229167
84.691233
49.758239
78.782233
98.567475
57.865931
57.907590
55.869287
73.546700
91.408209
79.869196
103.787979
64.928855
84.076855
60.127432
54.985795
92.484235
87.365571
54.179293
60.208333
59.587413
74.419338
81.000000
56.730026
79.639501
58.034722
45.625000
86.119595
69.310743
78.897235
31.775298
59.561520
63.107787
95.826037
78.122693
38.565263
45.932106
59.623851
71.933429
69.345238
82.063600
110.270653
89.313250
77.387464
67.386749
98.726705
69.232955
67.414773
81.840802
78.435864
74.732843
80.648977
70.923616
81.279266
91.115748
64.166667
82.149791
98.762929
89.126673
93.131280
56.764319
115.310657
63.812940
79.401543
111.422509
71.631494
60.062229
70.605087
57.444084
77.044997
100.140429
88.985827
97.609383
57.599432
66.073661
86.855568
78.856469
62.186508
45.510749
92.723069
76.576949
88.139233
63.039904
96.225996
93.896299
78.774879
87.705736
89.470441
91.888860
78.226429
46.972403
52.928122
73.290446
64.457373
92.135307
85.736953
107.588900
64.264706
59.405915
77.640313
83.405462
79.196716
73.075219
75.525234
54.793473
68.137576
99.534291
57.600173
78.766743
82.024446
87.360810
55.178853
76.053113
53.207570
63.041305
90.717591
63.449770
80.040049
73.002570
81.145833
93.958544
84.732608
81.316053
56.250000
68.183498
83.467386
84.169854
66.137573
80.713415
69.084839
73.149510
62.699171
45.198974
65.596127
123.501093
95.089588
66.673970
98.846524
70.390457
68.995083
85.004846
40.972222
62.396416
80.848417
74.344056
83.979235
88.212422
82.813569
87.494414
62.860361
61.918331
83.410560
77.411932
70.788148
63.667640
40.370826
34.691086
44.585632
100.522600
80.277563
74.925238
60.011224
51.701177
47.138541
48.709677
98.084034
61.115513
83.242220
86.984130
83.829465
58.892909
50.551014
79.809306
81.305195
58.295712
61.456387
62.149145
54.829545
73.859649
70.799013
65.545793
75.928921
76.844381
70.240586
90.536083
114.301402
79.877018
63.677273
33.111111
58.646732
112.645224
79.646473
57.444084
68.275945
75.513909
76.549990
52.083333
97.054816
69.798712
64.151547
102.984785
54.018028
79.739499
78.729690
59.506092
71.283306
64.923613
51.066381
73.350529
102.661096
66.258117
86.566216
83.339372
81.484423
87.976671
76.818820
64.945898
70.894801
88.051566
53.580462
47.105013
71.476668
72.817460
112.987080
100.038004
92.130799
75.579815
78.519319
111.991945
56.349851
68.068120
86.374087
64.407090
77.531830
64.141044
49.367264
55.582591
61.880559
65.945451
128.954591
69.625168
87.489074
63.931419
81.919865
55.252193
68.895805
51.416667
74.360880
57.549792
60.895564
71.034084
77.392412
56.793051
72.677533
60.481063
76.160780
56.223846
76.147281
68.618059
86.801550
76.999991
84.168169
81.222362
124.727412
97.133762
74.263815
34.808370
88.185995
70.641345
123.572651
62.337662
65.317623
66.382289
77.450893
111.075061
70.144729
77.772207
96.707976
81.374826
52.232537
92.419840
54.385838
90.500000
99.974931
85.865443
71.761476
101.028381
87.256677
60.266998
76.673694
90.362259
79.380525
94.515948
99.619546
90.644474
79.168194
101.166381
63.268383
93.428571
79.488560
93.262046
54.576609
45.086647
82.987745
76.884389
96.123887
60.305707
78.337136
84.574538
60.000000
67.373825
49.848995
87.003343
67.886552
73.489027
86.162996
72.685984
99.217905
70.949666
63.525000
115.217971
123.739845
104.687500
89.766317
79.831975
82.636364
77.395833
45.506807
54.055302
53.052051
108.533807
69.113449
116.347011
87.733102
89.671875
117.296113
58.299426
125.158715
49.158993
104.637809
74.798881
84.756467
54.428215
49.469007
80.328145
84.968558
45.862413
79.184371
76.371247
107.324675
73.729373
97.430866
58.678366
76.388129
69.262266
81.234830
81.380104
51.005221
77.532211
108.464121
62.939011
88.229167
19.445986
52.321966
41.449675
34.242424
62.820586
53.999170
53.171875
54.240720
26.984447
27.627603
55.987842
63.601773
63.595238
72.853086
38.335318
39.483489
48.948303
29.833333
55.833333
72.257875
40.784774
49.375000
40.000000
