1164
   0	    1	 5.000000
   0	   15	 6.999104
   0	   30	 1.386665
   1	    2	 5.000000
   1	   16	 5.000000
   2	    3	 5.000000
   2	   17	 5.000000
   3	    4	 5.000000
   3	   18	 5.000000
   4	    5	 5.000000
   4	   19	 5.000000
   5	    6	 5.000000
   5	   20	 5.000000
   6	    7	 5.000000
   6	   21	 5.000000
   7	    8	 5.000000
   7	   22	 5.000000
   8	    9	 5.000000
   8	   23	 5.000000
   9	   10	 5.000000
   9	   24	 5.000000
  10	   11	 5.000000
  10	   25	 5.000000
  11	   12	 5.000000
  11	   26	 5.000000
  12	   13	 5.000000
  12	   27	 5.000000
  13	   14	 5.000000
  13	   28	 5.000000
  14	   29	 5.000000
  15	   16	 5.000000
  15	   30	 1.581107
  15	   31	 7.070361
  16	   17	 5.000000
  16	   32	 5.000000
  17	   18	 5.000000
  17	   33	 5.000000
  18	   19	 5.000000
  18	   34	 5.000000
  19	   20	 5.000000
  19	   35	 5.000000
  20	   21	 5.000000
  20	   36	 5.000000
  21	   22	 5.000000
  21	   37	 5.000000
  22	   23	 5.000000
  22	   38	 5.000000
  23	   24	 5.000000
  23	   39	 5.000000
  24	   25	 5.000000
  24	   40	 5.000000
  25	   26	 5.000000
  25	   41	 5.000000
  26	   27	 5.000000
  26	   42	 5.000000
  27	   28	 5.000000
  27	   43	 5.000000
  28	   29	 5.000000
  28	   44	 5.000000
  29	   45	 5.000000
  30	   31	 1.666667
  30	   46	 1.581107
  30	   61	 1.386665
  30	  106	 4.578661
  30	  137	 1.693138
  31	   32	 5.000000
  31	   46	 7.070361
  32	   33	 5.000000
  32	   47	 5.000000
  33	   34	 5.000000
  33	   48	 5.000000
  34	   35	 5.000000
  34	   49	 5.000000
  35	   36	 5.000000
  35	   50	 5.000000
  36	   37	 5.000000
  36	   51	 5.000000
  37	   38	 5.000000
  37	   52	 5.000000
  38	   39	 5.000000
  38	   53	 5.000000
  39	   40	 5.000000
  39	   54	 5.000000
  40	   41	 5.000000
  40	   55	 5.000000
  41	   42	 5.000000
  41	   56	 5.000000
  42	   43	 5.000000
  42	   57	 5.000000
  43	   44	 5.000000
  43	   58	 5.000000
  44	   45	 5.000000
  44	   59	 5.000000
  45	   60	 5.000000
  46	   47	 5.000000
  46	   61	 6.999104
  47	   48	 5.000000
  47	   62	 5.000000
  48	   49	 5.000000
  48	   63	 5.000000
  49	   50	 5.000000
  49	   64	 5.000000
  50	   51	 5.000000
  50	   65	 5.000000
  51	   52	 5.000000
  51	   66	 5.000000
  52	   53	 5.000000
  52	   67	 5.000000
  53	   54	 5.000000
  53	   68	 5.000000
  54	   55	 5.000000
  54	   69	 5.000000
  55	   56	 5.000000
  55	   70	 5.000000
  56	   57	 5.000000
  56	   71	 5.000000
  57	   58	 5.000000
  57	   72	 5.000000
  58	   59	 5.000000
  58	   73	 5.000000
  59	   60	 5.000000
  59	   74	 5.000000
  60	   75	 5.000000
  61	   62	 5.000000
  61	   76	 6.707131
  62	   63	 5.000000
  62	   77	 5.000000
  63	   64	 5.000000
  63	   78	 5.000000
  64	   65	 5.000000
  64	   79	 5.000000
  65	   66	 5.000000
  65	   80	 5.000000
  66	   67	 5.000000
  66	   81	 9.980040
  67	   68	 5.000000
  67	   82	 5.000000
  68	   69	 5.000000
  68	   83	 5.000000
  69	   70	 5.000000
  69	   84	 5.000000
  70	   71	 5.000000
  70	   85	 5.000000
  71	   72	 5.000000
  71	   86	 5.000000
  72	   73	 5.000000
  72	   87	 5.000000
  73	   74	 5.000000
  73	   88	 5.000000
  74	   75	 5.000000
  74	   89	 5.000000
  75	   90	 5.000000
  76	   77	 5.000000
  76	   91	 6.999104
  76	  106	 1.386665
  77	   78	 5.000000
  77	   92	 5.000000
  78	   79	 5.000000
  78	   93	 5.000000
  79	   80	 5.000000
  79	   94	 5.000000
  80	   81	 9.980040
  80	   95	 5.000000
  81	   82	 9.980040
  81	   96	 2500.000000
  82	   83	 5.000000
  82	   97	 5.000000
  83	   84	 5.000000
  83	   98	 5.000000
  84	   85	 5.000000
  84	   99	 5.000000
  85	   86	 5.000000
  85	  100	 5.000000
  86	   87	 5.000000
  86	  101	 5.000000
  87	   88	 5.000000
  87	  102	 5.000000
  88	   89	 5.000000
  88	  103	 5.000000
  89	   90	 5.000000
  89	  104	 5.000000
  90	  105	 5.000000
  91	   92	 5.000000
  91	  106	 1.581107
  91	  107	 7.070361
  92	   93	 5.000000
  92	  108	 5.000000
  93	   94	 5.000000
  93	  109	 5.000000
  94	   95	 5.000000
  94	  110	 5.000000
  95	   96	 9.980040
  95	  111	 5.000000
  96	   97	 9.980040
  96	  112	 2500.000000
  97	   98	 5.000000
  97	  113	 5.000000
  98	   99	 5.000000
  98	  114	 5.000000
  99	  100	 5.000000
  99	  115	 5.000000
 100	  101	 5.000000
 100	  116	 5.000000
 101	  102	 5.000000
 101	  117	 5.000000
 102	  103	 5.000000
 102	  118	 5.000000
 103	  104	 5.000000
 103	  119	 5.000000
 104	  105	 5.000000
 104	  120	 5.000000
 105	  121	 5.000000
 106	  107	 1.666667
 106	  122	 1.581107
 106	  137	 1.900706
 106	  138	 1.386665
 106	  173	 4.432870
 107	  108	 5.000000
 107	  122	 7.070361
 108	  109	 5.000000
 108	  123	 5.000000
 109	  110	 5.000000
 109	  124	 5.000000
 110	  111	 5.000000
 110	  125	 5.000000
 111	  112	 9.980040
 111	  126	 5.000000
 112	  113	 9.980040
 112	  127	 2500.000000
 113	  114	 5.000000
 113	  128	 5.000000
 114	  115	 5.000000
 114	  129	 5.000000
 115	  116	 5.000000
 115	  130	 5.000000
 116	  117	 5.000000
 116	  131	 5.000000
 117	  118	 5.000000
 117	  132	 5.000000
 118	  119	 5.000000
 118	  133	 5.000000
 119	  120	 5.000000
 119	  134	 5.000000
 120	  121	 5.000000
 120	  135	 5.000000
 121	  136	 5.000000
 122	  123	 5.000000
 122	  138	 6.999104
 123	  124	 5.000000
 123	  139	 5.000000
 124	  125	 5.000000
 124	  140	 5.000000
 125	  126	 5.000000
 125	  141	 5.000000
 126	  127	 9.980040
 126	  142	 5.000000
 127	  128	 9.980040
 127	  143	 2500.000000
 128	  129	 5.000000
 128	  144	 5.000000
 129	  130	 5.000000
 129	  145	 5.000000
 130	  131	 5.000000
 130	  146	 5.000000
 131	  132	 5.000000
 131	  147	 5.000000
 132	  133	 5.000000
 132	  148	 5.000000
 133	  134	 5.000000
 133	  149	 5.000000
 134	  135	 5.000000
 134	  150	 5.000000
 135	  136	 5.000000
 135	  151	 5.000000
 136	  152	 5.000000
 137	  173	 1.873810
 137	  225	 0.017831
 137	  277	 1.693138
 137	  278	 1.900706
 137	  279	 1.873810
 137	  280	 0.017831
 138	  139	 5.000000
 138	  153	 6.707131
 139	  140	 5.000000
 139	  154	 5.000000
 140	  141	 5.000000
 140	  155	 5.000000
 141	  142	 5.000000
 141	  156	 5.000000
 142	  143	 9.980040
 142	  157	 5.000000
 143	  144	 9.980040
 143	  158	 2500.000000
 144	  145	 5.000000
 144	  159	 5.000000
 145	  146	 5.000000
 145	  160	 5.000000
 146	  147	 5.000000
 146	  161	 5.000000
 147	  148	 5.000000
 147	  162	 5.000000
 148	  149	 7.070361
 148	  162	 3.535180
 149	  150	 7.070361
 149	  172	 0.529969
 149	  184	 1.212664
 150	  151	 7.070361
 150	  184	 1.666667
 151	  152	 6.999104
 151	  184	 1.581107
 152	  184	 1.386665
 153	  154	 5.000000
 153	  163	 6.999104
 153	  173	 1.386665
 154	  155	 5.000000
 154	  164	 5.000000
 155	  156	 5.000000
 155	  165	 5.000000
 156	  157	 5.000000
 156	  166	 5.000000
 157	  158	 9.980040
 157	  167	 5.000000
 158	  159	 9.980040
 158	  168	 2500.000000
 159	  160	 5.000000
 159	  169	 5.000000
 160	  161	 5.000000
 160	  170	 5.000000
 161	  162	 5.000000
 161	  171	 5.000000
 162	  172	 7.070361
 163	  164	 5.000000
 163	  173	 1.581107
 163	  174	 7.070361
 164	  165	 5.000000
 164	  175	 5.000000
 165	  166	 5.000000
 165	  176	 5.000000
 166	  167	 5.000000
 166	  177	 5.000000
 167	  168	 9.980040
 167	  178	 5.000000
 168	  169	 9.980040
 168	  179	 2500.000000
 169	  170	 5.000000
 169	  180	 5.000000
 170	  171	 5.000000
 170	  181	 5.000000
 171	  172	 5.000000
 171	  182	 5.000000
 172	  183	 7.070361
 172	  184	 1.212664
 173	  174	 1.666667
 173	  185	 1.581107
 173	  195	 1.386665
 173	  225	 4.638277
 174	  175	 5.000000
 174	  185	 7.070361
 175	  176	 5.000000
 175	  186	 5.000000
 176	  177	 5.000000
 176	  187	 5.000000
 177	  178	 5.000000
 177	  188	 5.000000
 178	  179	 9.980040
 178	  189	 5.000000
 179	  180	 9.980040
 179	  190	 2500.000000
 180	  181	 5.000000
 180	  191	 5.000000
 181	  182	 5.000000
 181	  192	 5.000000
 182	  183	 5.000000
 182	  193	 5.000000
 183	  184	 1.666667
 183	  194	 7.070361
 184	  194	 1.581107
 184	  204	 1.386665
 184	  236	 2.785353
 185	  186	 5.000000
 185	  195	 6.999104
 186	  187	 5.000000
 186	  196	 5.000000
 187	  188	 5.000000
 187	  197	 5.000000
 188	  189	 5.000000
 188	  198	 5.000000
 189	  190	 9.980040
 189	  199	 5.000000
 190	  191	 9.980040
 190	  200	 2500.000000
 191	  192	 5.000000
 191	  201	 5.000000
 192	  193	 5.000000
 192	  202	 5.000000
 193	  194	 5.000000
 193	  203	 5.000000
 194	  204	 6.999104
 195	  196	 5.000000
 195	  205	 6.707131
 196	  197	 5.000000
 196	  206	 5.000000
 197	  198	 5.000000
 197	  207	 5.000000
 198	  199	 5.000000
 198	  208	 5.000000
 199	  200	 9.980040
 199	  209	 5.000000
 200	  201	 9.980040
 200	  210	 2500.000000
 201	  202	 5.000000
 201	  211	 5.000000
 202	  203	 5.000000
 202	  212	 5.000000
 203	  204	 5.000000
 203	  213	 5.000000
 204	  214	 6.707131
 205	  206	 5.000000
 205	  215	 6.999104
 205	  225	 1.386665
 206	  207	 5.000000
 206	  216	 5.000000
 207	  208	 5.000000
 207	  217	 5.000000
 208	  209	 5.000000
 208	  218	 5.000000
 209	  210	 9.980040
 209	  219	 5.000000
 210	  211	 9.980040
 210	  220	 2500.000000
 211	  212	 5.000000
 211	  221	 5.000000
 212	  213	 5.000000
 212	  222	 5.000000
 213	  214	 5.000000
 213	  223	 5.000000
 214	  224	 6.999104
 214	  236	 1.386665
 215	  216	 5.000000
 215	  225	 1.581107
 215	  226	 7.070361
 216	  217	 5.000000
 216	  227	 5.000000
 217	  218	 5.000000
 217	  228	 5.000000
 218	  219	 5.000000
 218	  229	 5.000000
 219	  220	 9.980040
 219	  230	 5.000000
 220	  221	 9.980040
 220	  231	 2500.000000
 221	  222	 5.000000
 221	  232	 5.000000
 222	  223	 5.000000
 222	  233	 5.000000
 223	  224	 5.000000
 223	  234	 5.000000
 224	  235	 7.070361
 224	  236	 1.581107
 225	  226	 1.666667
 225	  237	 1.581107
 225	  247	 1.386665
 225	  280	 3.518229
 225	  281	 2.785353
 226	  227	 5.000000
 226	  237	 7.070361
 227	  228	 5.000000
 227	  238	 5.000000
 228	  229	 5.000000
 228	  239	 5.000000
 229	  230	 5.000000
 229	  240	 5.000000
 230	  231	 9.980040
 230	  241	 5.000000
 231	  232	 9.980040
 231	  242	 2500.000000
 232	  233	 5.000000
 232	  243	 5.000000
 233	  234	 5.000000
 233	  244	 5.000000
 234	  235	 5.000000
 234	  245	 5.000000
 235	  236	 1.666667
 235	  246	 7.070361
 236	  246	 1.581107
 236	  256	 1.386665
 236	  292	 2.785353
 237	  238	 5.000000
 237	  247	 6.999104
 238	  239	 5.000000
 238	  248	 5.000000
 239	  240	 5.000000
 239	  249	 5.000000
 240	  241	 5.000000
 240	  250	 5.000000
 241	  242	 9.980040
 241	  251	 5.000000
 242	  243	 9.980040
 242	  252	 2500.000000
 243	  244	 5.000000
 243	  253	 5.000000
 244	  245	 5.000000
 244	  254	 5.000000
 245	  246	 5.000000
 245	  255	 5.000000
 246	  256	 6.999104
 247	  248	 5.000000
 247	  257	 6.707131
 248	  249	 5.000000
 248	  258	 5.000000
 249	  250	 5.000000
 249	  259	 5.000000
 250	  251	 5.000000
 250	  260	 5.000000
 251	  252	 9.980040
 251	  261	 5.000000
 252	  253	 9.980040
 252	  262	 2500.000000
 253	  254	 5.000000
 253	  263	 5.000000
 254	  255	 5.000000
 254	  264	 5.000000
 255	  256	 5.000000
 255	  265	 5.000000
 256	  266	 6.707131
 257	  258	 5.000000
 257	  267	 6.999104
 257	  281	 1.386665
 258	  259	 5.000000
 258	  268	 5.000000
 259	  260	 5.000000
 259	  269	 5.000000
 260	  261	 5.000000
 260	  270	 5.000000
 261	  262	 9.980040
 261	  271	 5.000000
 262	  263	 9.980040
 262	  272	 2500.000000
 263	  264	 5.000000
 263	  273	 5.000000
 264	  265	 5.000000
 264	  274	 5.000000
 265	  266	 5.000000
 265	  275	 5.000000
 266	  276	 6.999104
 266	  292	 1.386665
 267	  268	 5.000000
 267	  281	 1.581107
 267	  282	 7.070361
 268	  269	 5.000000
 268	  283	 5.000000
 269	  270	 5.000000
 269	  284	 5.000000
 270	  271	 5.000000
 270	  285	 5.000000
 271	  272	 9.980040
 271	  286	 5.000000
 272	  273	 9.980040
 272	  287	 2500.000000
 273	  274	 5.000000
 273	  288	 5.000000
 274	  275	 5.000000
 274	  289	 5.000000
 275	  276	 5.000000
 275	  290	 5.000000
 276	  291	 7.070361
 276	  292	 1.581107
 277	  278	 7.062166
 277	  333	 5.000000
 278	  279	 7.001928
 278	  334	 5.000000
 279	  280	 7.070159
 279	  335	 5.000000
 280	  281	 5.000000
 280	  336	 5.000000
 281	  282	 1.666667
 281	  293	 1.581107
 281	  303	 1.386665
 281	  337	 2.785353
 282	  283	 5.000000
 282	  293	 7.070361
 283	  284	 5.000000
 283	  294	 5.000000
 284	  285	 5.000000
 284	  295	 5.000000
 285	  286	 5.000000
 285	  296	 5.000000
 286	  287	 9.980040
 286	  297	 5.000000
 287	  288	 9.980040
 287	  298	 2500.000000
 288	  289	 5.000000
 288	  299	 5.000000
 289	  290	 5.000000
 289	  300	 5.000000
 290	  291	 5.000000
 290	  301	 5.000000
 291	  292	 1.666667
 291	  302	 7.070361
 292	  302	 1.581107
 292	  312	 1.386665
 292	  348	 2.785353
 293	  294	 5.000000
 293	  303	 6.999104
 294	  295	 5.000000
 294	  304	 5.000000
 295	  296	 5.000000
 295	  305	 5.000000
 296	  297	 5.000000
 296	  306	 5.000000
 297	  298	 9.980040
 297	  307	 5.000000
 298	  299	 9.980040
 298	  308	 2500.000000
 299	  300	 5.000000
 299	  309	 5.000000
 300	  301	 5.000000
 300	  310	 5.000000
 301	  302	 5.000000
 301	  311	 5.000000
 302	  312	 6.999104
 303	  304	 5.000000
 303	  313	 6.707131
 304	  305	 5.000000
 304	  314	 5.000000
 305	  306	 5.000000
 305	  315	 5.000000
 306	  307	 5.000000
 306	  316	 5.000000
 307	  308	 9.980040
 307	  317	 5.000000
 308	  309	 9.980040
 308	  318	 9.980040
 309	  310	 5.000000
 309	  319	 5.000000
 310	  311	 5.000000
 310	  320	 5.000000
 311	  312	 5.000000
 311	  321	 5.000000
 312	  322	 6.707131
 313	  314	 5.000000
 313	  323	 6.999104
 313	  337	 1.386665
 314	  315	 5.000000
 314	  324	 5.000000
 315	  316	 5.000000
 315	  325	 5.000000
 316	  317	 5.000000
 316	  326	 5.000000
 317	  318	 5.000000
 317	  327	 5.000000
 318	  319	 5.000000
 318	  328	 5.000000
 319	  320	 5.000000
 319	  329	 5.000000
 320	  321	 5.000000
 320	  330	 5.000000
 321	  322	 5.000000
 321	  331	 5.000000
 322	  332	 6.999104
 322	  348	 1.386665
 323	  324	 5.000000
 323	  337	 1.581107
 323	  338	 7.070361
 324	  325	 5.000000
 324	  339	 5.000000
 325	  326	 5.000000
 325	  340	 5.000000
 326	  327	 5.000000
 326	  341	 5.000000
 327	  328	 5.000000
 327	  342	 5.000000
 328	  329	 5.000000
 328	  343	 5.000000
 329	  330	 5.000000
 329	  344	 5.000000
 330	  331	 5.000000
 330	  345	 5.000000
 331	  332	 5.000000
 331	  346	 5.000000
 332	  347	 7.070361
 332	  348	 1.581107
 333	  334	 2.785353
 333	  369	 1.386665
 333	  370	 1.581107
 333	  371	 1.666667
 333	  372	 1.581107
 333	  373	 2.767795
 334	  335	 2.785353
 334	  374	 1.386665
 334	  375	 1.581107
 334	  376	 1.666667
 334	  377	 1.581107
 334	  378	 1.386665
 335	  336	 2.785353
 335	  379	 1.386665
 335	  380	 1.581107
 335	  381	 1.666667
 335	  382	 1.581107
 335	  383	 1.386665
 336	  337	 2.785353
 336	  384	 1.386665
 336	  385	 1.581107
 336	  386	 1.666667
 336	  387	 1.581107
 336	  388	 1.386665
 337	  338	 1.666667
 337	  349	 1.581107
 337	  359	 1.386665
 337	  388	 3.333333
 337	  429	 1.000000
 338	  339	 5.000000
 338	  349	 7.070361
 339	  340	 5.000000
 339	  350	 5.000000
 340	  341	 5.000000
 340	  351	 5.000000
 341	  342	 5.000000
 341	  352	 5.000000
 342	  343	 5.000000
 342	  353	 5.000000
 343	  344	 5.000000
 343	  354	 5.000000
 344	  345	 5.000000
 344	  355	 5.000000
 345	  346	 5.000000
 345	  356	 5.000000
 346	  347	 5.000000
 346	  357	 5.000000
 347	  348	 1.666667
 347	  358	 7.070361
 348	  358	 1.581107
 348	  368	 1.386665
 348	  432	 2.785353
 349	  350	 5.000000
 349	  359	 6.999104
 350	  351	 5.000000
 350	  360	 5.000000
 351	  352	 5.000000
 351	  361	 5.000000
 352	  353	 5.000000
 352	  362	 5.000000
 353	  354	 5.000000
 353	  363	 5.000000
 354	  355	 5.000000
 354	  364	 5.000000
 355	  356	 5.000000
 355	  365	 5.000000
 356	  357	 5.000000
 356	  366	 5.000000
 357	  358	 5.000000
 357	  367	 5.000000
 358	  368	 6.999104
 359	  360	 6.999104
 359	  429	 3.333333
 359	  430	 1.386665
 360	  361	 7.070361
 360	  430	 1.581107
 361	  362	 7.070361
 361	  430	 1.666667
 362	  363	 6.999104
 362	  430	 1.581107
 363	  364	 6.707131
 363	  430	 1.386665
 364	  365	 6.999104
 364	  431	 1.386665
 365	  366	 7.070361
 365	  431	 1.581107
 366	  367	 7.070361
 366	  431	 1.666667
 367	  368	 6.999104
 367	  431	 1.581107
 368	  431	 1.386665
 368	  432	 3.333333
 369	  370	 6.999104
 369	  389	 5.000000
 370	  371	 7.070361
 370	  390	 5.000000
 371	  372	 7.070361
 371	  391	 5.000000
 372	  373	 13.970267
 372	  392	 5.000000
 373	  374	 13.387486
 373	  393	 2500.000000
 374	  375	 6.999104
 374	  394	 5.000000
 375	  376	 7.070361
 375	  395	 5.000000
 376	  377	 7.070361
 376	  396	 5.000000
 377	  378	 6.999104
 377	  397	 5.000000
 378	  379	 6.707131
 378	  398	 5.000000
 379	  380	 6.999104
 379	  399	 5.000000
 380	  381	 7.070361
 380	  400	 5.000000
 381	  382	 7.070361
 381	  401	 5.000000
 382	  383	 6.999104
 382	  402	 5.000000
 383	  384	 6.707131
 383	  403	 5.000000
 384	  385	 6.999104
 384	  404	 5.000000
 385	  386	 7.070361
 385	  405	 5.000000
 386	  387	 7.070361
 386	  406	 5.000000
 387	  388	 6.999104
 387	  407	 5.000000
 388	  408	 6.999104
 388	  429	 1.386665
 389	  390	 5.000000
 389	  409	 5.000000
 390	  391	 5.000000
 390	  410	 5.000000
 391	  392	 5.000000
 391	  411	 5.000000
 392	  393	 9.980040
 392	  412	 5.000000
 393	  394	 9.980040
 393	  413	 2500.000000
 394	  395	 5.000000
 394	  414	 5.000000
 395	  396	 5.000000
 395	  415	 5.000000
 396	  397	 5.000000
 396	  416	 5.000000
 397	  398	 5.000000
 397	  417	 5.000000
 398	  399	 5.000000
 398	  418	 5.000000
 399	  400	 5.000000
 399	  419	 5.000000
 400	  401	 5.000000
 400	  420	 5.000000
 401	  402	 5.000000
 401	  421	 5.000000
 402	  403	 5.000000
 402	  422	 5.000000
 403	  404	 5.000000
 403	  423	 5.000000
 404	  405	 5.000000
 404	  424	 5.000000
 405	  406	 5.000000
 405	  425	 5.000000
 406	  407	 5.000000
 406	  426	 5.000000
 407	  408	 5.000000
 407	  427	 5.000000
 408	  428	 7.070361
 408	  429	 1.581107
 409	  410	 5.000000
 409	  433	 5.000000
 410	  411	 5.000000
 410	  434	 5.000000
 411	  412	 5.000000
 411	  435	 5.000000
 412	  413	 9.980040
 412	  436	 5.000000
 413	  414	 9.980040
 413	  437	 2500.000000
 414	  415	 5.000000
 414	  438	 5.000000
 415	  416	 5.000000
 415	  439	 5.000000
 416	  417	 5.000000
 416	  440	 5.000000
 417	  418	 5.000000
 417	  441	 5.000000
 418	  419	 5.000000
 418	  442	 5.000000
 419	  420	 5.000000
 419	  443	 5.000000
 420	  421	 5.000000
 420	  444	 5.000000
 421	  422	 5.000000
 421	  445	 5.000000
 422	  423	 5.000000
 422	  446	 5.000000
 423	  424	 5.000000
 423	  447	 5.000000
 424	  425	 5.000000
 424	  448	 5.000000
 425	  426	 5.000000
 425	  449	 5.000000
 426	  427	 5.000000
 426	  450	 5.000000
 427	  428	 5.000000
 427	  451	 5.000000
 428	  429	 1.666667
 428	  452	 7.070361
 429	  430	 2.785353
 429	  452	 1.581107
 429	  472	 1.386665
 429	  533	 2.785353
 430	  431	 2.785353
 430	  534	 5.000000
 431	  432	 2.785353
 431	  535	 5.000000
 432	  536	 5.000000
 433	  434	 5.000000
 433	  453	 5.000000
 434	  435	 5.000000
 434	  454	 5.000000
 435	  436	 5.000000
 435	  455	 5.000000
 436	  437	 9.980040
 436	  456	 5.000000
 437	  438	 9.980040
 437	  457	 2500.000000
 438	  439	 5.000000
 438	  458	 5.000000
 439	  440	 5.000000
 439	  459	 5.000000
 440	  441	 5.000000
 440	  460	 5.000000
 441	  442	 5.000000
 441	  461	 5.000000
 442	  443	 5.000000
 442	  462	 5.000000
 443	  444	 5.000000
 443	  463	 5.000000
 444	  445	 5.000000
 444	  464	 5.000000
 445	  446	 5.000000
 445	  465	 5.000000
 446	  447	 5.000000
 446	  466	 5.000000
 447	  448	 5.000000
 447	  467	 5.000000
 448	  449	 5.000000
 448	  468	 5.000000
 449	  450	 5.000000
 449	  469	 5.000000
 450	  451	 5.000000
 450	  470	 5.000000
 451	  452	 5.000000
 451	  471	 5.000000
 452	  472	 6.999104
 453	  454	 5.000000
 453	  473	 9.980040
 454	  455	 5.000000
 454	  474	 9.980040
 455	  456	 5.000000
 455	  475	 9.980040
 456	  457	 9.980040
 456	  476	 9.980040
 457	  458	 9.980040
 457	  477	 2500.000000
 458	  459	 5.000000
 458	  478	 9.980040
 459	  460	 5.000000
 459	  479	 9.980040
 460	  461	 5.000000
 460	  480	 9.980040
 461	  462	 5.000000
 461	  481	 9.980040
 462	  463	 5.000000
 462	  482	 9.980040
 463	  464	 5.000000
 463	  483	 9.980040
 464	  465	 5.000000
 464	  484	 9.980040
 465	  466	 5.000000
 465	  485	 9.980040
 466	  467	 5.000000
 466	  486	 9.980040
 467	  468	 5.000000
 467	  487	 9.980040
 468	  469	 5.000000
 468	  488	 9.980040
 469	  470	 5.000000
 469	  489	 9.980040
 470	  471	 5.000000
 470	  490	 9.980040
 471	  472	 5.000000
 471	  491	 9.980040
 472	  492	 6.707131
 473	  474	 2500.000000
 473	  493	 9.980040
 474	  475	 2500.000000
 474	  494	 9.980040
 475	  476	 2500.000000
 475	  495	 9.980040
 476	  477	 2500.000000
 476	  496	 9.980040
 477	  478	 2500.000000
 477	  497	 2500.000000
 478	  479	 2500.000000
 478	  498	 9.980040
 479	  480	 2500.000000
 479	  499	 9.980040
 480	  481	 2500.000000
 480	  500	 9.980040
 481	  482	 2500.000000
 481	  501	 9.980040
 482	  483	 2500.000000
 482	  502	 9.980040
 483	  484	 2500.000000
 483	  503	 9.980040
 484	  485	 2500.000000
 484	  504	 9.980040
 485	  486	 2500.000000
 485	  505	 9.980040
 486	  487	 2500.000000
 486	  506	 9.980040
 487	  488	 2500.000000
 487	  507	 9.980040
 488	  489	 2500.000000
 488	  508	 9.980040
 489	  490	 2500.000000
 489	  509	 9.980040
 490	  491	 2500.000000
 490	  510	 9.980040
 491	  492	 9.980040
 491	  511	 9.980040
 492	  512	 6.999104
 492	  533	 1.386665
 493	  494	 5.000000
 493	  513	 5.000000
 494	  495	 5.000000
 494	  514	 5.000000
 495	  496	 5.000000
 495	  515	 5.000000
 496	  497	 9.980040
 496	  516	 5.000000
 497	  498	 9.980040
 497	  517	 2500.000000
 498	  499	 5.000000
 498	  518	 5.000000
 499	  500	 5.000000
 499	  519	 5.000000
 500	  501	 5.000000
 500	  520	 5.000000
 501	  502	 5.000000
 501	  521	 5.000000
 502	  503	 5.000000
 502	  522	 5.000000
 503	  504	 5.000000
 503	  523	 5.000000
 504	  505	 5.000000
 504	  524	 5.000000
 505	  506	 5.000000
 505	  525	 5.000000
 506	  507	 5.000000
 506	  526	 5.000000
 507	  508	 5.000000
 507	  527	 5.000000
 508	  509	 5.000000
 508	  528	 5.000000
 509	  510	 5.000000
 509	  529	 5.000000
 510	  511	 5.000000
 510	  530	 5.000000
 511	  512	 5.000000
 511	  531	 5.000000
 512	  532	 7.070361
 512	  533	 1.581107
 513	  514	 5.000000
 513	  537	 5.000000
 514	  515	 5.000000
 514	  538	 5.000000
 515	  516	 5.000000
 515	  539	 5.000000
 516	  517	 9.980040
 516	  540	 5.000000
 517	  518	 9.980040
 517	  541	 2500.000000
 518	  519	 5.000000
 518	  542	 5.000000
 519	  520	 5.000000
 519	  543	 5.000000
 520	  521	 5.000000
 520	  544	 5.000000
 521	  522	 5.000000
 521	  545	 5.000000
 522	  523	 5.000000
 522	  546	 5.000000
 523	  524	 5.000000
 523	  547	 5.000000
 524	  525	 5.000000
 524	  548	 5.000000
 525	  526	 5.000000
 525	  549	 5.000000
 526	  527	 5.000000
 526	  550	 5.000000
 527	  528	 5.000000
 527	  551	 5.000000
 528	  529	 5.000000
 528	  552	 5.000000
 529	  530	 5.000000
 529	  553	 5.000000
 530	  531	 5.000000
 530	  554	 5.000000
 531	  532	 5.000000
 531	  555	 5.000000
 532	  533	 1.666667
 532	  556	 7.070361
 533	  534	 5.000000
 533	  556	 1.581107
 533	  576	 1.386665
 534	  535	 5.000000
 535	  536	 5.000000
 537	  538	 5.000000
 537	  557	 5.000000
 538	  539	 5.000000
 538	  558	 5.000000
 539	  540	 5.000000
 539	  559	 5.000000
 540	  541	 9.980040
 540	  560	 5.000000
 541	  542	 9.980040
 541	  561	 2500.000000
 542	  543	 5.000000
 542	  562	 5.000000
 543	  544	 5.000000
 543	  563	 5.000000
 544	  545	 5.000000
 544	  564	 5.000000
 545	  546	 5.000000
 545	  565	 5.000000
 546	  547	 5.000000
 546	  566	 5.000000
 547	  548	 5.000000
 547	  567	 5.000000
 548	  549	 5.000000
 548	  568	 5.000000
 549	  550	 5.000000
 549	  569	 5.000000
 550	  551	 5.000000
 550	  570	 5.000000
 551	  552	 5.000000
 551	  571	 5.000000
 552	  553	 5.000000
 552	  572	 5.000000
 553	  554	 5.000000
 553	  573	 5.000000
 554	  555	 5.000000
 554	  574	 5.000000
 555	  556	 5.000000
 555	  575	 5.000000
 556	  576	 6.999104
 557	  558	 5.000000
 558	  559	 5.000000
 559	  560	 5.000000
 560	  561	 9.980040
 561	  562	 9.980040
 562	  563	 5.000000
 563	  564	 5.000000
 564	  565	 5.000000
 565	  566	 5.000000
 566	  567	 5.000000
 567	  568	 5.000000
 568	  569	 5.000000
 569	  570	 5.000000
 570	  571	 5.000000
 571	  572	 5.000000
 572	  573	 5.000000
 573	  574	 5.000000
 574	  575	 5.000000
 575	  576	 5.000000
