66.666667
25.000000
25.000000
25.000000
25.000000
25.000000
25.000000
25.000000
25.000000
25.000000
25.000000
25.000000
25.000000
25.000000
25.000000
54.166667
25.000000
25.000000
25.000000
25.000000
25.000000
25.000000
25.000000
25.000000
25.000000
25.000000
25.000000
25.000000
25.000000
25.000000
1193.910256
50.000000
25.000000
25.000000
25.000000
25.000000
25.000000
25.000000
25.000000
25.000000
25.000000
25.000000
25.000000
25.000000
25.000000
25.000000
54.166667
25.000000
25.000000
25.000000
25.000000
25.000000
25.000000
25.000000
25.000000
25.000000
25.000000
25.000000
25.000000
25.000000
25.000000
66.666667
25.000000
25.000000
25.000000
25.000000
25.000000
25.000000
25.000000
25.000000
25.000000
25.000000
25.000000
25.000000
25.000000
25.000000
66.666667
25.000000
25.000000
25.000000
25.000000
25.000000
25.000000
25.000000
25.000000
25.000000
25.000000
25.000000
25.000000
25.000000
25.000000
54.166667
25.000000
25.000000
25.000000
25.000000
25.000000
25.000000
25.000000
25.000000
25.000000
25.000000
25.000000
25.000000
25.000000
25.000000
977.564103
50.000000
25.000000
25.000000
25.000000
25.000000
25.000000
25.000000
25.000000
25.000000
25.000000
25.000000
25.000000
25.000000
25.000000
25.000000
54.166667
25.000000
25.000000
25.000000
25.000000
25.000000
25.000000
25.000000
25.000000
25.000000
25.000000
25.000000
25.000000
25.000000
25.000000
5778.937729
66.666667
25.000000
25.000000
25.000000
25.000000
25.000000
25.000000
25.000000
25.000000
25.000000
37.500000
53.125000
50.000000
54.166667
66.666667
66.666667
25.000000
25.000000
25.000000
25.000000
25.000000
25.000000
25.000000
25.000000
37.500000
54.166667
25.000000
25.000000
25.000000
25.000000
25.000000
25.000000
25.000000
25.000000
53.125000
1001.602564
50.000000
25.000000
25.000000
25.000000
25.000000
25.000000
25.000000
25.000000
25.000000
50.000000
352.083333
54.166667
25.000000
25.000000
25.000000
25.000000
25.000000
25.000000
25.000000
25.000000
54.166667
66.666667
25.000000
25.000000
25.000000
25.000000
25.000000
25.000000
25.000000
25.000000
66.666667
66.666667
25.000000
25.000000
25.000000
25.000000
25.000000
25.000000
25.000000
25.000000
66.666667
54.166667
25.000000
25.000000
25.000000
25.000000
25.000000
25.000000
25.000000
25.000000
54.166667
770.787546
50.000000
25.000000
25.000000
25.000000
25.000000
25.000000
25.000000
25.000000
25.000000
50.000000
458.333333
54.166667
25.000000
25.000000
25.000000
25.000000
25.000000
25.000000
25.000000
25.000000
54.166667
66.666667
25.000000
25.000000
25.000000
25.000000
25.000000
25.000000
25.000000
25.000000
66.666667
66.666667
25.000000
25.000000
25.000000
25.000000
25.000000
25.000000
25.000000
25.000000
66.666667
54.166667
25.000000
25.000000
25.000000
25.000000
25.000000
25.000000
25.000000
25.000000
54.166667
1360.576923
1144.230769
1168.269231
937.454212
458.333333
50.000000
25.000000
25.000000
25.000000
25.000000
25.000000
25.000000
25.000000
25.000000
50.000000
458.333333
54.166667
25.000000
25.000000
25.000000
25.000000
25.000000
25.000000
25.000000
25.000000
54.166667
66.666667
25.000000
25.000000
25.000000
25.000000
25.000000
25.000000
25.000000
25.000000
66.666667
66.666667
25.000000
25.000000
25.000000
25.000000
25.000000
25.000000
25.000000
25.000000
66.666667
54.166667
25.000000
25.000000
25.000000
25.000000
25.000000
25.000000
25.000000
25.000000
54.166667
458.333333
458.333333
458.333333
458.333333
408.333333
50.000000
25.000000
25.000000
25.000000
25.000000
25.000000
25.000000
25.000000
25.000000
50.000000
458.333333
54.166667
25.000000
25.000000
25.000000
25.000000
25.000000
25.000000
25.000000
25.000000
54.166667
158.333333
54.166667
50.000000
54.166667
66.666667
66.666667
54.166667
50.000000
54.166667
158.333333
66.666667
54.166667
50.000000
54.166667
66.666667
66.666667
54.166667
50.000000
54.166667
66.666667
66.666667
54.166667
50.000000
54.166667
66.666667
66.666667
54.166667
50.000000
54.166667
158.333333
25.000000
25.000000
25.000000
25.000000
25.000000
25.000000
25.000000
25.000000
25.000000
25.000000
25.000000
25.000000
25.000000
25.000000
25.000000
25.000000
25.000000
25.000000
25.000000
54.166667
25.000000
25.000000
25.000000
25.000000
25.000000
25.000000
25.000000
25.000000
25.000000
25.000000
25.000000
25.000000
25.000000
25.000000
25.000000
25.000000
25.000000
25.000000
25.000000
50.000000
408.333333
458.333333
458.333333
575.000000
25.000000
25.000000
25.000000
25.000000
25.000000
25.000000
25.000000
25.000000
25.000000
25.000000
25.000000
25.000000
25.000000
25.000000
25.000000
25.000000
25.000000
25.000000
25.000000
54.166667
25.000000
25.000000
25.000000
25.000000
25.000000
25.000000
25.000000
25.000000
25.000000
25.000000
25.000000
25.000000
25.000000
25.000000
25.000000
25.000000
25.000000
25.000000
25.000000
66.666667
25.000000
25.000000
25.000000
25.000000
25.000000
25.000000
25.000000
25.000000
25.000000
25.000000
25.000000
25.000000
25.000000
25.000000
25.000000
25.000000
25.000000
25.000000
25.000000
66.666667
25.000000
25.000000
25.000000
25.000000
25.000000
25.000000
25.000000
25.000000
25.000000
25.000000
25.000000
25.000000
25.000000
25.000000
25.000000
25.000000
25.000000
25.000000
25.000000
54.166667
25.000000
25.000000
25.000000
25.000000
25.000000
25.000000
25.000000
25.000000
25.000000
25.000000
25.000000
25.000000
25.000000
25.000000
25.000000
25.000000
25.000000
25.000000
25.000000
50.000000
458.333333
625.000000
625.000000
625.000000
25.000000
25.000000
25.000000
25.000000
25.000000
25.000000
25.000000
25.000000
25.000000
25.000000
25.000000
25.000000
25.000000
25.000000
25.000000
25.000000
25.000000
25.000000
25.000000
54.166667
25.000000
25.000000
25.000000
25.000000
25.000000
25.000000
25.000000
25.000000
25.000000
25.000000
25.000000
25.000000
25.000000
25.000000
25.000000
25.000000
25.000000
25.000000
25.000000
66.666667
