COORD
0	0	8325	0	0	8425
1000	0	8325	1000	0	8425
2000	0	8325	2000	0	8425
3000	0	8325	3000	0	8425
4000	0	8325	4000	0	8425
5000	0	8325	5000	0	8425
6000	0	8325	6000	0	8425
7000	0	8325	7000	0	8425
8000	0	8325	8000	0	8425
9000	0	8325	9000	0	8425
10000	0	8325	10000	0	8425
0	1000	8325	0	1000	8425
1000	1000	8325	1000	1000	8425
2000	1000	8325	2000	1000	8425
3000	1000	8325	3000	1000	8425
4000	1000	8325	4000	1000	8425
5000	1000	8325	5000	1000	8425
6000	1000	8325	6000	1000	8425
7000	1000	8325	7000	1000	8425
8000	1000	8325	8000	1000	8425
9000	1000	8325	9000	1000	8425
10000	1000	8325	10000	1000	8425
0	2000	8325	0	2000	8425
1000	2000	8325	1000	2000	8425
2000	2000	8325	2000	2000	8425
3000	2000	8325	3000	2000	8425
4000	2000	8325	4000	2000	8425
5000	2000	8325	5000	2000	8425
6000	2000	8325	6000	2000	8425
7000	2000	8325	7000	2000	8425
8000	2000	8325	8000	2000	8425
9000	2000	8325	9000	2000	8425
10000	2000	8325	10000	2000	8425
0	3000	8325	0	3000	8425
1000	3000	8325	1000	3000	8425
2000	3000	8325	2000	3000	8425
3000	3000	8325	3000	3000	8425
4000	3000	8325	4000	3000	8425
5000	3000	8325	5000	3000	8425
6000	3000	8325	6000	3000	8425
7000	3000	8325	7000	3000	8425
8000	3000	8325	8000	3000	8425
9000	3000	8325	9000	3000	8425
10000	3000	8325	10000	3000	8425
0	4000	8325	0	4000	8425
1000	4000	8325	1000	4000	8425
2000	4000	8325	2000	4000	8425
3000	4000	8325	3000	4000	8425
4000	4000	8325	4000	4000	8425
5000	4000	8325	5000	4000	8425
6000	4000	8325	6000	4000	8425
7000	4000	8325	7000	4000	8425
8000	4000	8325	8000	4000	8425
9000	4000	8325	9000	4000	8425
10000	4000	8325	10000	4000	8425
0	5000	8325	0	5000	8425
1000	5000	8325	1000	5000	8425
2000	5000	8325	2000	5000	8425
3000	5000	8325	3000	5000	8425
4000	5000	8325	4000	5000	8425
5000	5000	8325	5000	5000	8425
6000	5000	8325	6000	5000	8425
7000	5000	8325	7000	5000	8425
8000	5000	8325	8000	5000	8425
9000	5000	8325	9000	5000	8425
10000	5000	8325	10000	5000	8425
0	6000	8325	0	6000	8425
1000	6000	8325	1000	6000	8425
2000	6000	8325	2000	6000	8425
3000	6000	8325	3000	6000	8425
4000	6000	8325	4000	6000	8425
5000	6000	8325	5000	6000	8425
6000	6000	8325	6000	6000	8425
7000	6000	8325	7000	6000	8425
8000	6000	8325	8000	6000	8425
9000	6000	8325	9000	6000	8425
10000	6000	8325	10000	6000	8425
0	7000	8325	0	7000	8425
1000	7000	8325	1000	7000	8425
2000	7000	8325	2000	7000	8425
3000	7000	8325	3000	7000	8425
4000	7000	8325	4000	7000	8425
5000	7000	8325	5000	7000	8425
6000	7000	8325	6000	7000	8425
7000	7000	8325	7000	7000	8425
8000	7000	8325	8000	7000	8425
9000	7000	8325	9000	7000	8425
10000	7000	8325	10000	7000	8425
0	8000	8325	0	8000	8425
1000	8000	8325	1000	8000	8425
2000	8000	8325	2000	8000	8425
3000	8000	8325	3000	8000	8425
4000	8000	8325	4000	8000	8425
5000	8000	8325	5000	8000	8425
6000	8000	8325	6000	8000	8425
7000	8000	8325	7000	8000	8425
8000	8000	8325	8000	8000	8425
9000	8000	8325	9000	8000	8425
10000	8000	8325	10000	8000	8425
0	9000	8325	0	9000	8425
1000	9000	8325	1000	9000	8425
2000	9000	8325	2000	9000	8425
3000	9000	8325	3000	9000	8425
4000	9000	8325	4000	9000	8425
5000	9000	8325	5000	9000	8425
6000	9000	8325	6000	9000	8425
7000	9000	8325	7000	9000	8425
8000	9000	8325	8000	9000	8425
9000	9000	8325	9000	9000	8425
10000	9000	8325	10000	9000	8425
0	10000	8325	0	10000	8425
1000	10000	8325	1000	10000	8425
2000	10000	8325	2000	10000	8425
3000	10000	8325	3000	10000	8425
4000	10000	8325	4000	10000	8425
5000	10000	8325	5000	10000	8425
6000	10000	8325	6000	10000	8425
7000	10000	8325	7000	10000	8425
8000	10000	8325	8000	10000	8425
9000	10000	8325	9000	10000	8425
10000	10000	8325	10000	10000	8425
ZCORN
# layer 1
8325	8325	8325	8325	8325	8325	8325	8325	8325	8325	8325	8325	8325	8325	8325	8325	8325	8325	8325	8325	
8325	8325	8325	8325	8325	8325	8325	8325	8325	8325	8325	8325	8325	8325	8325	8325	8325	8325	8325	8325	
8325	8325	8325	8325	8325	8325	8325	8325	8325	8325	8325	8325	8325	8325	8325	8325	8325	8325	8325	8325	
8325	8325	8325	8325	8325	8325	8325	8325	8325	8325	8325	8325	8325	8325	8325	8325	8325	8325	8325	8325	
8325	8325	8325	8325	8325	8325	8325	8325	8325	8325	8325	8325	8325	8325	8325	8325	8325	8325	8325	8325	
8325	8325	8325	8325	8325	8325	8325	8325	8325	8325	8325	8325	8325	8325	8325	8325	8325	8325	8325	8325	
8325	8325	8325	8325	8325	8325	8325	8325	8325	8325	8325	8325	8325	8325	8325	8325	8325	8325	8325	8325	
8325	8325	8325	8325	8325	8325	8325	8325	8325	8325	8325	8325	8325	8325	8325	8325	8325	8325	8325	8325	
8325	8325	8325	8325	8325	8325	8325	8325	8325	8325	8325	8325	8325	8325	8325	8325	8325	8325	8325	8325	
8325	8325	8325	8325	8325	8325	8325	8325	8325	8325	8325	8325	8325	8325	8325	8325	8325	8325	8325	8325	
8325	8325	8325	8325	8325	8325	8325	8325	8325	8325	8325	8325	8325	8325	8325	8325	8325	8325	8325	8325	
8325	8325	8325	8325	8325	8325	8325	8325	8325	8325	8325	8325	8325	8325	8325	8325	8325	8325	8325	8325	
8325	8325	8325	8325	8325	8325	8325	8325	8325	8325	8325	8325	8325	8325	8325	8325	8325	8325	8325	8325	
8325	8325	8325	8325	8325	8325	8325	8325	8325	8325	8325	8325	8325	8325	8325	8325	8325	8325	8325	8325	
8325	8325	8325	8325	8325	8325	8325	8325	8325	8325	8325	8325	8325	8325	8325	8325	8325	8325	8325	8325	
8325	8325	8325	8325	8325	8325	8325	8325	8325	8325	8325	8325	8325	8325	8325	8325	8325	8325	8325	8325	
8325	8325	8325	8325	8325	8325	8325	8325	8325	8325	8325	8325	8325	8325	8325	8325	8325	8325	8325	8325	
8325	8325	8325	8325	8325	8325	8325	8325	8325	8325	8325	8325	8325	8325	8325	8325	8325	8325	8325	8325	
8325	8325	8325	8325	8325	8325	8325	8325	8325	8325	8325	8325	8325	8325	8325	8325	8325	8325	8325	8325	
8325	8325	8325	8325	8325	8325	8325	8325	8325	8325	8325	8325	8325	8325	8325	8325	8325	8325	8325	8325	
8345	8345	8345	8345	8345	8345	8345	8345	8345	8345	8345	8345	8345	8345	8345	8345	8345	8345	8345	8345	
8345	8345	8345	8345	8345	8345	8345	8345	8345	8345	8345	8345	8345	8345	8345	8345	8345	8345	8345	8345	
8345	8345	8345	8345	8345	8345	8345	8345	8345	8345	8345	8345	8345	8345	8345	8345	8345	8345	8345	8345	
8345	8345	8345	8345	8345	8345	8345	8345	8345	8345	8345	8345	8345	8345	8345	8345	8345	8345	8345	8345	
8345	8345	8345	8345	8345	8345	8345	8345	8345	8345	8345	8345	8345	8345	8345	8345	8345	8345	8345	8345	
8345	8345	8345	8345	8345	8345	8345	8345	8345	8345	8345	8345	8345	8345	8345	8345	8345	8345	8345	8345	
8345	8345	8345	8345	8345	8345	8345	8345	8345	8345	8345	8345	8345	8345	8345	8345	8345	8345	8345	8345	
8345	8345	8345	8345	8345	8345	8345	8345	8345	8345	8345	8345	8345	8345	8345	8345	8345	8345	8345	8345	
8345	8345	8345	8345	8345	8345	8345	8345	8345	8345	8345	8345	8345	8345	8345	8345	8345	8345	8345	8345	
8345	8345	8345	8345	8345	8345	8345	8345	8345	8345	8345	8345	8345	8345	8345	8345	8345	8345	8345	8345	
8345	8345	8345	8345	8345	8345	8345	8345	8345	8345	8345	8345	8345	8345	8345	8345	8345	8345	8345	8345	
8345	8345	8345	8345	8345	8345	8345	8345	8345	8345	8345	8345	8345	8345	8345	8345	8345	8345	8345	8345	
8345	8345	8345	8345	8345	8345	8345	8345	8345	8345	8345	8345	8345	8345	8345	8345	8345	8345	8345	8345	
8345	8345	8345	8345	8345	8345	8345	8345	8345	8345	8345	8345	8345	8345	8345	8345	8345	8345	8345	8345	
8345	8345	8345	8345	8345	8345	8345	8345	8345	8345	8345	8345	8345	8345	8345	8345	8345	8345	8345	8345	
8345	8345	8345	8345	8345	8345	8345	8345	8345	8345	8345	8345	8345	8345	8345	8345	8345	8345	8345	8345	
8345	8345	8345	8345	8345	8345	8345	8345	8345	8345	8345	8345	8345	8345	8345	8345	8345	8345	8345	8345	
8345	8345	8345	8345	8345	8345	8345	8345	8345	8345	8345	8345	8345	8345	8345	8345	8345	8345	8345	8345	
8345	8345	8345	8345	8345	8345	8345	8345	8345	8345	8345	8345	8345	8345	8345	8345	8345	8345	8345	8345	
8345	8345	8345	8345	8345	8345	8345	8345	8345	8345	8345	8345	8345	8345	8345	8345	8345	8345	8345	8345	
# layer 2
8345	8345	8345	8345	8345	8345	8345	8345	8345	8345	8345	8345	8345	8345	8345	8345	8345	8345	8345	8345	
8345	8345	8345	8345	8345	8345	8345	8345	8345	8345	8345	8345	8345	8345	8345	8345	8345	8345	8345	8345	
8345	8345	8345	8345	8345	8345	8345	8345	8345	8345	8345	8345	8345	8345	8345	8345	8345	8345	8345	8345	
8345	8345	8345	8345	8345	8345	8345	8345	8345	8345	8345	8345	8345	8345	8345	8345	8345	8345	8345	8345	
8345	8345	8345	8345	8345	8345	8345	8345	8345	8345	8345	8345	8345	8345	8345	8345	8345	8345	8345	8345	
8345	8345	8345	8345	8345	8345	8345	8345	8345	8345	8345	8345	8345	8345	8345	8345	8345	8345	8345	8345	
8345	8345	8345	8345	8345	8345	8345	8345	8345	8345	8345	8345	8345	8345	8345	8345	8345	8345	8345	8345	
8345	8345	8345	8345	8345	8345	8345	8345	8345	8345	8345	8345	8345	8345	8345	8345	8345	8345	8345	8345	
8345	8345	8345	8345	8345	8345	8345	8345	8345	8345	8345	8345	8345	8345	8345	8345	8345	8345	8345	8345	
8345	8345	8345	8345	8345	8345	8345	8345	8345	8345	8345	8345	8345	8345	8345	8345	8345	8345	8345	8345	
8345	8345	8345	8345	8345	8345	8345	8345	8345	8345	8345	8345	8345	8345	8345	8345	8345	8345	8345	8345	
8345	8345	8345	8345	8345	8345	8345	8345	8345	8345	8345	8345	8345	8345	8345	8345	8345	8345	8345	8345	
8345	8345	8345	8345	8345	8345	8345	8345	8345	8345	8345	8345	8345	8345	8345	8345	8345	8345	8345	8345	
8345	8345	8345	8345	8345	8345	8345	8345	8345	8345	8345	8345	8345	8345	8345	8345	8345	8345	8345	8345	
8345	8345	8345	8345	8345	8345	8345	8345	8345	8345	8345	8345	8345	8345	8345	8345	8345	8345	8345	8345	
8345	8345	8345	8345	8345	8345	8345	8345	8345	8345	8345	8345	8345	8345	8345	8345	8345	8345	8345	8345	
8345	8345	8345	8345	8345	8345	8345	8345	8345	8345	8345	8345	8345	8345	8345	8345	8345	8345	8345	8345	
8345	8345	8345	8345	8345	8345	8345	8345	8345	8345	8345	8345	8345	8345	8345	8345	8345	8345	8345	8345	
8345	8345	8345	8345	8345	8345	8345	8345	8345	8345	8345	8345	8345	8345	8345	8345	8345	8345	8345	8345	
8345	8345	8345	8345	8345	8345	8345	8345	8345	8345	8345	8345	8345	8345	8345	8345	8345	8345	8345	8345	
8375	8375	8375	8375	8375	8375	8375	8375	8375	8375	8375	8375	8375	8375	8375	8375	8375	8375	8375	8375	
8375	8375	8375	8375	8375	8375	8375	8375	8375	8375	8375	8375	8375	8375	8375	8375	8375	8375	8375	8375	
8375	8375	8375	8375	8375	8375	8375	8375	8375	8375	8375	8375	8375	8375	8375	8375	8375	8375	8375	8375	
8375	8375	8375	8375	8375	8375	8375	8375	8375	8375	8375	8375	8375	8375	8375	8375	8375	8375	8375	8375	
8375	8375	8375	8375	8375	8375	8375	8375	8375	8375	8375	8375	8375	8375	8375	8375	8375	8375	8375	8375	
8375	8375	8375	8375	8375	8375	8375	8375	8375	8375	8375	8375	8375	8375	8375	8375	8375	8375	8375	8375	
8375	8375	8375	8375	8375	8375	8375	8375	8375	8375	8375	8375	8375	8375	8375	8375	8375	8375	8375	8375	
8375	8375	8375	8375	8375	8375	8375	8375	8375	8375	8375	8375	8375	8375	8375	8375	8375	8375	8375	8375	
8375	8375	8375	8375	8375	8375	8375	8375	8375	8375	8375	8375	8375	8375	8375	8375	8375	8375	8375	8375	
8375	8375	8375	8375	8375	8375	8375	8375	8375	8375	8375	8375	8375	8375	8375	8375	8375	8375	8375	8375	
8375	8375	8375	8375	8375	8375	8375	8375	8375	8375	8375	8375	8375	8375	8375	8375	8375	8375	8375	8375	
8375	8375	8375	8375	8375	8375	8375	8375	8375	8375	8375	8375	8375	8375	8375	8375	8375	8375	8375	8375	
8375	8375	8375	8375	8375	8375	8375	8375	8375	8375	8375	8375	8375	8375	8375	8375	8375	8375	8375	8375	
8375	8375	8375	8375	8375	8375	8375	8375	8375	8375	8375	8375	8375	8375	8375	8375	8375	8375	8375	8375	
8375	8375	8375	8375	8375	8375	8375	8375	8375	8375	8375	8375	8375	8375	8375	8375	8375	8375	8375	8375	
8375	8375	8375	8375	8375	8375	8375	8375	8375	8375	8375	8375	8375	8375	8375	8375	8375	8375	8375	8375	
8375	8375	8375	8375	8375	8375	8375	8375	8375	8375	8375	8375	8375	8375	8375	8375	8375	8375	8375	8375	
8375	8375	8375	8375	8375	8375	8375	8375	8375	8375	8375	8375	8375	8375	8375	8375	8375	8375	8375	8375	
8375	8375	8375	8375	8375	8375	8375	8375	8375	8375	8375	8375	8375	8375	8375	8375	8375	8375	8375	8375	
8375	8375	8375	8375	8375	8375	8375	8375	8375	8375	8375	8375	8375	8375	8375	8375	8375	8375	8375	8375	
# layer 3
8375	8375	8375	8375	8375	8375	8375	8375	8375	8375	8375	8375	8375	8375	8375	8375	8375	8375	8375	8375	
8375	8375	8375	8375	8375	8375	8375	8375	8375	8375	8375	8375	8375	8375	8375	8375	8375	8375	8375	8375	
8375	8375	8375	8375	8375	8375	8375	8375	8375	8375	8375	8375	8375	8375	8375	8375	8375	8375	8375	8375	
8375	8375	8375	8375	8375	8375	8375	8375	8375	8375	8375	8375	8375	8375	8375	8375	8375	8375	8375	8375	
8375	8375	8375	8375	8375	8375	8375	8375	8375	8375	8375	8375	8375	8375	8375	8375	8375	8375	8375	8375	
8375	8375	8375	8375	8375	8375	8375	8375	8375	8375	8375	8375	8375	8375	8375	8375	8375	8375	8375	8375	
8375	8375	8375	8375	8375	8375	8375	8375	8375	8375	8375	8375	8375	8375	8375	8375	8375	8375	8375	8375	
8375	8375	8375	8375	8375	8375	8375	8375	8375	8375	8375	8375	8375	8375	8375	8375	8375	8375	8375	8375	
8375	8375	8375	8375	8375	8375	8375	8375	8375	8375	8375	8375	8375	8375	8375	8375	8375	8375	8375	8375	
8375	8375	8375	8375	8375	8375	8375	8375	8375	8375	8375	8375	8375	8375	8375	8375	8375	8375	8375	8375	
8375	8375	8375	8375	8375	8375	8375	8375	8375	8375	8375	8375	8375	8375	8375	8375	8375	8375	8375	8375	
8375	8375	8375	8375	8375	8375	8375	8375	8375	8375	8375	8375	8375	8375	8375	8375	8375	8375	8375	8375	
8375	8375	8375	8375	8375	8375	8375	8375	8375	8375	8375	8375	8375	8375	8375	8375	8375	8375	8375	8375	
8375	8375	8375	8375	8375	8375	8375	8375	8375	8375	8375	8375	8375	8375	8375	8375	8375	8375	8375	8375	
8375	8375	8375	8375	8375	8375	8375	8375	8375	8375	8375	8375	8375	8375	8375	8375	8375	8375	8375	8375	
8375	8375	8375	8375	8375	8375	8375	8375	8375	8375	8375	8375	8375	8375	8375	8375	8375	8375	8375	8375	
8375	8375	8375	8375	8375	8375	8375	8375	8375	8375	8375	8375	8375	8375	8375	8375	8375	8375	8375	8375	
8375	8375	8375	8375	8375	8375	8375	8375	8375	8375	8375	8375	8375	8375	8375	8375	8375	8375	8375	8375	
8375	8375	8375	8375	8375	8375	8375	8375	8375	8375	8375	8375	8375	8375	8375	8375	8375	8375	8375	8375	
8375	8375	8375	8375	8375	8375	8375	8375	8375	8375	8375	8375	8375	8375	8375	8375	8375	8375	8375	8375	
8425	8425	8425	8425	8425	8425	8425	8425	8425	8425	8425	8425	8425	8425	8425	8425	8425	8425	8425	8425	
8425	8425	8425	8425	8425	8425	8425	8425	8425	8425	8425	8425	8425	8425	8425	8425	8425	8425	8425	8425	
8425	8425	8425	8425	8425	8425	8425	8425	8425	8425	8425	8425	8425	8425	8425	8425	8425	8425	8425	8425	
8425	8425	8425	8425	8425	8425	8425	8425	8425	8425	8425	8425	8425	8425	8425	8425	8425	8425	8425	8425	
8425	8425	8425	8425	8425	8425	8425	8425	8425	8425	8425	8425	8425	8425	8425	8425	8425	8425	8425	8425	
8425	8425	8425	8425	8425	8425	8425	8425	8425	8425	8425	8425	8425	8425	8425	8425	8425	8425	8425	8425	
8425	8425	8425	8425	8425	8425	8425	8425	8425	8425	8425	8425	8425	8425	8425	8425	8425	8425	8425	8425	
8425	8425	8425	8425	8425	8425	8425	8425	8425	8425	8425	8425	8425	8425	8425	8425	8425	8425	8425	8425	
8425	8425	8425	8425	8425	8425	8425	8425	8425	8425	8425	8425	8425	8425	8425	8425	8425	8425	8425	8425	
8425	8425	8425	8425	8425	8425	8425	8425	8425	8425	8425	8425	8425	8425	8425	8425	8425	8425	8425	8425	
8425	8425	8425	8425	8425	8425	8425	8425	8425	8425	8425	8425	8425	8425	8425	8425	8425	8425	8425	8425	
8425	8425	8425	8425	8425	8425	8425	8425	8425	8425	8425	8425	8425	8425	8425	8425	8425	8425	8425	8425	
8425	8425	8425	8425	8425	8425	8425	8425	8425	8425	8425	8425	8425	8425	8425	8425	8425	8425	8425	8425	
8425	8425	8425	8425	8425	8425	8425	8425	8425	8425	8425	8425	8425	8425	8425	8425	8425	8425	8425	8425	
8425	8425	8425	8425	8425	8425	8425	8425	8425	8425	8425	8425	8425	8425	8425	8425	8425	8425	8425	8425	
8425	8425	8425	8425	8425	8425	8425	8425	8425	8425	8425	8425	8425	8425	8425	8425	8425	8425	8425	8425	
8425	8425	8425	8425	8425	8425	8425	8425	8425	8425	8425	8425	8425	8425	8425	8425	8425	8425	8425	8425	
8425	8425	8425	8425	8425	8425	8425	8425	8425	8425	8425	8425	8425	8425	8425	8425	8425	8425	8425	8425	
8425	8425	8425	8425	8425	8425	8425	8425	8425	8425	8425	8425	8425	8425	8425	8425	8425	8425	8425	8425	
8425	8425	8425	8425	8425	8425	8425	8425	8425	8425	8425	8425	8425	8425	8425	8425	8425	8425	8425	8425	
