27.625000
21.159656
42.561485
28.839286
35.625000
38.375000
43.178262
35.458026
41.732618
18.891088
24.026914
22.857143
34.362696
27.997691
24.687500
27.049740
26.407009
37.768182
31.598387
31.062153
19.649173
25.896791
33.633915
43.556548
40.114722
42.861842
26.666667
41.302656
24.666242
53.569144
23.959847
22.044478
26.133579
37.649425
38.916667
20.000000
31.029261
35.882766
33.750000
18.750000
40.826545
42.242857
22.054127
41.932514
39.332545
49.611632
26.344512
28.336943
32.015365
41.502976
45.520833
37.297318
22.542731
48.003388
41.789166
36.219837
48.814352
37.604387
55.919717
36.369883
48.199405
50.461404
50.877013
44.505014
49.979053
37.859908
60.222132
59.519231
43.538315
60.513360
40.906250
37.026394
43.614427
27.372673
39.769510
33.992862
32.896998
54.154010
37.602665
43.164618
47.018940
28.856943
14.673674
34.045810
55.531301
36.494219
47.125797
28.303323
52.532738
39.088961
46.112220
39.465569
62.147370
29.312500
42.641739
47.340868
34.565383
44.041667
69.172234
40.817816
54.988109
63.610555
32.791667
62.145833
48.879442
40.396200
43.970466
58.422619
53.383929
38.628718
27.380952
35.308651
36.606967
45.504432
27.664486
47.831402
30.178571
24.625000
30.999789
60.442174
34.787486
43.313599
36.644020
49.211706
45.228139
34.962742
52.064738
51.936012
59.432374
42.638287
49.451903
30.576027
34.084821
23.539950
45.474276
37.437620
50.389579
26.971768
44.318434
40.201357
48.385967
27.001573
42.097917
50.026014
44.910601
41.139645
37.533137
24.535714
37.415259
37.038690
40.721088
41.281219
33.556686
43.404827
32.693452
44.403631
33.374405
41.500000
32.399079
36.393587
42.918831
49.438807
36.412235
53.291056
34.252061
42.121753
38.112115
46.865815
46.899953
33.229167
24.426381
19.207599
45.860750
43.117880
45.287598
27.193627
31.250000
34.511905
56.618428
42.102694
54.284766
54.759304
45.379207
54.187763
43.018865
38.972352
52.171424
35.860594
51.196429
40.498088
29.392857
42.395833
31.383933
32.892292
52.965401
52.306474
35.662879
44.375000
53.304716
34.852617
39.824914
47.969718
35.501946
46.041365
30.885680
47.708333
44.135036
39.793414
39.645711
42.276830
34.017857
56.046327
43.066010
40.951735
34.925399
38.607837
42.244074
34.124328
20.098645
35.908377
45.354532
48.866067
46.790680
26.718420
25.416007
40.227273
26.796252
25.197489
38.619689
49.862750
21.210467
23.312506
26.623557
33.856335
32.314163
44.838015
42.340365
37.106067
38.237626
47.530332
35.631572
41.082732
53.707611
43.129563
40.849085
32.433458
48.559439
35.169472
48.602163
41.257780
35.416787
36.672577
41.573718
48.573613
38.886088
31.459964
49.979710
18.182339
31.935616
40.462410
37.482755
34.581688
34.283787
37.781686
30.583333
37.685957
50.773810
35.363222
32.006416
55.020013
30.416667
41.006775
46.807091
39.106500
58.193495
42.070924
35.569387
39.718748
38.474563
34.166667
42.262426
35.591581
39.724553
44.080906
49.653596
31.853017
39.987571
39.311271
26.031507
36.458333
49.740720
56.853896
64.796824
33.176372
40.931058
33.605868
21.675020
40.162879
55.594220
31.710494
42.007562
36.878582
36.106236
48.216527
45.468722
39.855340
45.930363
33.482245
29.863875
46.205531
47.347363
33.750726
50.336897
52.889206
44.093609
29.135966
36.376659
32.373472
30.243277
40.410918
37.511841
33.780935
46.145833
52.559935
33.360795
39.484472
44.005682
44.343750
37.570443
44.189336
34.905539
31.609608
32.125000
43.555736
31.797432
32.819553
33.333333
42.947630
54.479394
34.339957
51.317016
39.440951
40.622898
32.708333
22.062500
33.713115
30.957860
33.474702
32.660729
40.109042
34.062500
42.262752
45.623359
38.851411
60.193672
41.185897
51.395905
50.123576
52.589169
39.943663
19.587688
41.160714
39.583333
24.972345
34.920404
42.048134
30.290795
40.850240
40.693685
45.392857
37.371131
38.035360
32.083333
38.125000
40.179266
45.962574
31.123579
40.144436
46.930612
40.852491
37.392002
38.084447
43.380451
37.633744
38.403956
24.958333
34.265699
41.940085
41.625000
56.221893
47.942774
25.401975
29.940476
38.394898
50.837798
34.494522
35.833333
29.791667
30.521385
55.317327
51.815039
38.570758
36.277047
47.498088
25.250000
25.520833
31.296454
30.999833
29.361423
46.600029
44.605655
36.320897
43.958333
38.060345
53.451736
25.271261
24.500444
35.518413
33.895916
38.125000
35.886244
24.494364
41.848755
37.986447
39.546895
26.876450
26.446892
54.460830
45.000000
36.448291
47.802195
32.321429
36.647558
25.416667
40.142045
56.577891
50.755337
46.768405
56.181233
54.308712
43.654188
21.333333
38.001167
41.636539
31.130316
41.632457
40.480206
47.521229
30.895833
33.139923
37.408078
39.663856
44.632321
42.816502
41.977015
57.483598
39.285714
43.250000
37.000449
42.175381
37.682374
40.494347
47.453352
39.062500
34.000000
31.882582
37.812500
42.615304
58.441413
60.393557
45.711877
44.886854
35.452381
39.177328
36.917743
51.496039
41.180275
35.004833
51.330654
52.168039
52.395833
35.372196
31.404127
44.453235
55.505537
26.438683
30.023356
32.342676
41.542971
24.669285
30.755772
29.107143
38.335717
26.926073
44.879289
26.068150
53.080357
37.259322
36.087624
44.631734
45.542566
47.117681
33.136224
46.738041
33.977310
47.791842
36.736493
37.780968
39.440476
51.778699
38.235991
32.626234
42.183725
33.663516
44.017857
36.791461
53.193832
45.211688
28.565030
67.130336
45.437142
41.828696
34.464044
31.633349
28.772741
38.622052
33.932630
28.705357
33.866090
44.062596
52.380841
40.074472
30.896133
42.491156
34.744656
39.442760
53.400982
38.655373
27.083333
47.355030
42.248583
68.150759
36.535124
44.291984
44.743395
31.370297
28.127878
18.648810
25.971726
46.590372
39.572511
28.614890
31.084593
24.687500
46.598186
37.534038
35.841011
33.184524
41.876196
47.177316
33.942266
26.507795
39.211310
56.291613
47.026515
37.456439
30.008752
26.388408
56.458333
38.714774
42.324051
44.781226
46.810888
38.945552
31.416667
31.458333
39.166667
40.458869
59.323960
25.714286
34.360067
43.164837
36.570574
34.260045
35.437621
25.088146
41.733541
50.818021
27.535104
29.947685
29.461211
40.680390
33.755114
41.245554
24.977485
45.963219
41.001845
39.467206
42.548431
48.323929
60.174866
44.389205
28.053610
45.337089
30.000000
41.534729
30.256012
36.143282
41.581075
59.077728
36.616717
42.247206
32.380018
31.321649
28.423513
36.458333
35.292492
48.525365
20.853472
41.652065
49.537764
26.399707
29.548580
45.274212
44.689559
51.725908
36.922323
57.998890
40.943182
29.975416
42.453144
36.110138
22.292711
48.039719
23.201504
17.591417
23.569609
38.229212
35.757062
33.707866
43.911994
35.416049
54.089650
37.541105
49.935897
38.513444
59.609267
41.593466
27.546948
32.236299
36.352502
36.016959
25.047595
29.487153
37.326137
29.479167
35.284295
37.511935
30.805924
43.376788
41.205919
45.908457
43.668477
41.253795
41.202622
26.562500
31.875000
36.018809
56.272972
39.076473
29.647307
45.305721
35.069072
38.501822
29.166667
43.333333
49.628012
57.606311
36.782398
28.536793
42.063291
38.460498
35.772460
48.463250
42.042899
43.409380
42.145358
53.107202
33.266369
47.245408
47.420980
27.896221
48.977746
42.256238
40.126464
60.036549
25.606313
25.584795
46.723674
25.667667
29.801452
42.250365
29.760958
33.164695
36.164773
28.125000
48.391938
27.142857
54.558248
49.970083
36.055605
54.332033
27.333333
35.392857
35.714845
44.947397
36.072718
31.562500
30.805519
30.754027
28.355280
44.545146
43.125040
36.221607
48.598833
39.221705
56.046389
49.639913
30.329651
27.596275
49.867824
38.824405
29.062500
22.119208
24.820958
49.630750
51.506410
47.043269
20.000000
32.672520
38.825893
32.261905
38.504278
38.148802
39.383403
25.902134
36.157875
39.313187
32.566337
23.875272
38.295293
54.685859
38.501118
29.035705
30.208333
35.875000
38.704545
39.429078
34.651039
51.160991
25.486880
32.518319
32.643511
34.053571
44.955410
39.358631
32.383437
35.104167
21.858646
37.635527
53.368477
35.517196
48.397631
51.368108
45.212766
44.019231
37.990520
43.958937
51.341192
38.578526
63.536938
41.661275
30.458333
50.023268
47.764654
57.209015
45.576757
36.023861
38.381863
42.611300
33.353444
41.551677
36.289625
33.511905
36.667262
25.526778
21.028539
39.730913
38.234193
34.901110
29.108540
32.321825
37.311130
59.791163
52.092590
36.667265
51.741370
32.904547
33.459821
46.100002
29.294196
37.395833
51.019231
53.688187
27.750000
34.791667
31.523361
24.895820
49.130539
41.440378
46.416667
50.538951
36.558369
49.158324
44.676565
29.812154
27.321937
41.144176
47.800481
58.963627
33.054266
39.623026
31.565356
30.964286
38.065476
54.591241
32.715660
41.900268
35.797642
40.764734
37.645919
40.766296
35.975379
37.780211
37.943583
27.716826
47.769231
44.531143
34.151786
38.751082
44.683784
31.343853
30.154921
41.239467
29.166667
40.380598
45.588942
55.132472
39.378292
34.341456
24.897440
32.612491
32.410416
38.605769
45.233146
57.570237
53.086423
33.727384
37.202381
27.484184
38.892908
46.363706
32.836363
38.566575
33.255468
50.362976
34.852097
38.458333
40.910714
27.482143
40.042188
45.051844
43.622808
30.876535
40.186719
46.545618
44.754336
52.756455
39.062500
51.586851
32.990923
31.888721
43.740338
49.837454
43.789277
35.816740
29.880952
41.533185
31.250000
36.755952
40.133664
38.541127
51.844499
48.289256
58.257934
38.399755
52.158576
32.175646
31.610535
55.707308
41.016639
34.791667
39.178237
50.876389
38.723832
52.458103
43.951718
28.020833
53.677046
42.466814
42.591702
35.857876
38.121908
29.573002
40.373571
30.441611
47.175936
54.674127
50.437500
53.918656
45.659741
38.573272
47.541250
36.809759
37.787292
41.165051
30.490521
53.312500
30.144231
38.932265
44.447432
39.058639
35.592389
42.515866
38.412906
30.000000
33.162879
41.687500
33.232658
32.478049
36.041667
23.752237
38.869048
47.316719
23.198021
38.709049
45.078534
50.240857
40.468514
34.548446
33.185378
45.620680
38.709145
35.388326
50.390738
27.652177
42.198330
42.462636
30.252907
45.576284
49.822632
45.609309
29.800991
40.979414
50.435457
32.699686
37.430143
43.887243
35.208333
35.237077
38.125000
30.095068
38.226360
36.801924
24.851657
54.261551
34.647619
38.377976
40.804726
46.248507
46.253145
30.439073
35.156992
32.604160
48.204742
26.566907
39.523424
48.892498
36.197264
51.581833
32.335541
55.520833
48.352611
20.518918
48.324782
24.351495
33.467154
28.642704
35.098089
40.038358
47.159179
36.939940
36.666667
51.384663
28.926100
33.146602
49.373938
40.401786
44.378676
53.146237
53.581731
38.772019
41.584821
36.184651
32.066005
40.024747
26.461727
27.254670
32.154326
45.131913
39.311093
36.095170
39.587222
34.979213
34.766142
44.056557
53.086838
45.684264
34.692396
34.253371
29.750000
48.186440
52.888251
28.162563
39.940217
35.483883
42.282018
37.069129
35.859048
37.971017
29.236570
37.279952
21.381332
18.467908
33.607067
32.165179
28.802157
28.947926
41.910371
31.354167
22.202819
41.226028
48.213495
28.262042
41.604560
31.070410
44.189508
49.202015
48.787879
64.160037
46.179955
31.365022
51.666721
28.647559
32.769374
36.264980
41.944364
36.374551
32.701430
37.359546
45.501152
30.416667
47.515351
31.051749
50.333612
40.691877
37.975689
24.636888
24.365293
25.374355
23.924698
51.201103
28.229167
36.379731
29.020568
40.110659
31.160184
28.457056
49.452496
61.322664
59.240443
32.388748
29.653827
45.940302
34.682281
33.284632
37.835903
53.508116
30.458076
32.256184
39.611734
34.199543
29.200439
36.858803
31.249908
25.093849
36.546810
24.956084
31.858317
47.007079
36.815623
30.655544
34.297969
30.746373
32.083333
38.113129
28.177620
35.333313
67.388336
32.184070
43.159402
35.420057
31.553033
40.345368
33.076939
36.041023
42.574405
50.634750
55.762199
43.667711
33.918827
40.920565
45.600180
47.824636
49.838397
51.377597
23.043303
41.332342
37.956513
34.504469
35.276645
22.099139
44.584889
44.107754
29.262289
38.944118
26.752547
39.372405
37.187500
36.043742
21.415651
30.884575
48.481204
36.875000
47.943439
39.107559
43.680556
33.080357
44.976828
18.340552
34.409336
32.757305
40.931079
43.227754
31.630407
39.475740
46.731786
51.367755
46.808315
39.843750
46.432062
38.157237
35.653836
43.776227
38.165204
40.007320
35.739396
25.928008
28.341606
22.465531
30.815527
49.035491
48.601078
34.866538
26.169420
41.139579
35.629706
32.557853
36.941858
23.046441
36.267951
32.992447
20.937575
55.004666
45.498349
45.717093
41.458333
59.326916
34.115737
37.368067
33.621702
30.354931
41.534147
50.105366
63.050096
31.763955
57.658723
50.571103
44.405015
30.773256
46.591752
37.690640
50.983457
35.780496
35.670000
47.788306
28.427065
24.815860
27.599096
43.483772
31.203366
29.634621
30.943482
43.103354
34.450582
47.306590
36.044092
35.459321
32.949617
30.370652
39.243488
29.187017
54.165483
44.929937
50.199061
28.416048
38.958333
40.518588
47.838841
41.363931
44.112075
24.648232
40.444319
36.964286
31.972807
28.991837
29.118872
41.965496
36.713145
45.775792
61.940328
35.485000
37.385011
42.564118
39.620973
46.328418
35.781250
44.914503
46.765435
35.720185
24.015743
34.522507
46.624076
53.562333
46.682420
31.142857
40.113256
30.938066
37.395833
28.967172
35.480028
56.867086
57.545003
33.803324
30.281685
53.585476
41.476296
47.413502
43.291991
41.967808
42.506730
34.138669
52.403761
31.766075
38.666979
43.703383
49.755829
39.245516
34.692582
35.367341
38.294779
34.387951
31.468072
30.125000
50.952381
43.259529
40.809198
39.589017
42.644683
20.625000
29.416667
24.350013
38.200616
42.274214
31.304062
34.564048
27.714441
43.605054
34.747024
38.811837
30.579483
45.287077
40.340151
18.704482
29.878380
37.695189
46.863644
42.040504
44.096141
31.858631
40.393250
31.802744
33.524053
38.850555
40.826793
48.513246
38.336264
39.291312
31.250000
46.742821
40.982143
53.538643
36.602720
37.750000
30.104167
35.222736
23.249389
39.756234
28.215722
22.716036
18.686094
36.045867
47.608173
45.114279
30.865119
20.291588
27.833464
42.670961
26.118056
46.977571
28.175785
35.936048
50.494049
33.312500
52.587777
30.107525
49.838471
31.313784
45.726344
21.413475
33.188390
35.659397
39.427083
30.676964
49.285561
47.246786
28.728999
30.000000
41.337700
36.982249
42.528401
32.401316
33.333333
40.610340
39.078128
40.401698
45.284425
24.083293
41.011905
29.376288
41.388061
42.905971
45.590659
36.979660
33.198558
47.820673
34.623176
45.981031
44.729679
41.508246
27.125904
32.984933
37.820433
43.496331
36.987242
61.583391
46.193267
57.939842
36.539088
27.912431
49.135121
45.973754
61.691005
57.444391
29.008929
29.017857
32.762897
33.298096
39.096019
42.335617
47.941923
29.866850
42.214126
37.871093
49.080919
29.484321
33.176426
30.272144
39.469345
35.752324
41.545679
25.626393
40.078749
27.941771
36.174643
41.477273
38.125000
47.187500
41.028897
39.677428
39.347095
33.706192
39.473908
29.607508
31.324405
33.002458
36.934354
33.333333
28.728999
43.904754
39.997590
40.937500
39.266922
48.949504
35.718355
40.444744
35.221680
35.793803
41.626303
34.948378
25.149173
25.570661
26.525239
28.087292
26.001157
39.282160
64.433428
44.774009
34.171021
35.725052
35.933231
29.436079
48.762443
36.062500
37.367154
27.088089
49.784448
21.193060
34.426039
33.070197
42.650275
42.619809
37.606923
42.976180
36.602249
33.769075
41.351524
54.317898
38.623862
31.215809
45.906230
36.207491
36.677200
26.021181
37.522459
31.316831
30.348214
32.937532
35.706348
29.113322
40.397982
39.687500
45.172457
35.663515
31.044939
38.229167
44.481250
44.572511
34.244684
46.662957
26.786924
32.133832
41.135362
47.180135
34.186066
52.563499
58.692116
27.135226
40.026109
44.359575
31.202381
43.611898
43.924967
50.485571
39.995097
48.210929
42.988403
40.462155
19.434925
34.379631
36.696015
50.158396
34.910714
43.205369
28.908234
23.838492
38.622009
29.166667
33.523956
46.344730
43.160714
39.791667
29.500000
56.662180
63.336580
33.369356
60.869399
25.680819
55.096699
42.355498
59.091908
19.500000
21.667506
39.976940
40.684524
33.296402
47.963556
35.948653
31.343493
51.328057
38.491626
38.750000
40.947917
36.060918
35.312500
38.860418
28.704545
37.949675
30.721194
35.967262
41.555647
32.203954
40.416667
42.202381
39.728345
29.870536
38.451705
36.688478
47.788059
45.382234
34.272687
41.680565
26.642292
36.147898
48.346837
26.166667
22.424623
48.992917
40.260417
37.142857
51.942016
41.498044
56.937099
41.009958
38.933988
47.499892
36.755952
35.205468
47.547348
40.714286
57.091737
43.005952
34.047619
44.434524
51.857825
54.007232
31.319646
51.637044
42.110728
23.690217
41.768169
45.372221
31.718750
46.333486
49.074351
56.576809
48.221141
45.159511
47.445320
38.515420
40.103108
40.262526
38.952541
41.632216
36.875000
48.339286
33.178571
39.584345
37.767668
36.262818
28.132468
59.093195
36.235154
43.228896
44.001265
51.501233
42.416422
49.895833
53.807055
33.589670
36.093750
40.129233
56.151515
48.020482
29.810021
28.241542
53.766098
52.221878
50.323954
41.877511
37.936713
35.209482
41.309851
49.360353
36.794677
43.563850
33.125000
46.171438
36.951717
28.058036
23.312500
53.011747
36.042169
38.556548
40.075414
47.629370
45.877344
28.875000
29.955357
48.104283
54.463599
41.753551
43.672658
44.792580
27.500000
29.312500
37.076220
39.267796
45.778227
52.595324
48.072459
52.662879
33.891578
34.909615
47.566622
36.953445
28.343994
45.236231
32.916667
48.222971
29.137874
29.986769
38.986607
35.750000
41.338992
29.076838
37.515445
43.900974
43.795541
43.913690
47.429411
41.383117
26.670777
55.953155
44.561070
51.089365
52.623321
56.325841
23.331542
44.456025
20.625000
36.194940
54.435930
59.951712
40.327790
43.721864
27.439274
21.284091
35.632129
37.484965
56.313096
49.159226
47.000000
25.095724
33.781250
47.261285
33.930264
53.303571
44.955357
32.868638
34.284903
39.135890
41.539713
55.347961
38.792927
56.588501
50.722867
45.176285
58.756846
42.737196
31.746571
37.083333
64.533373
35.750861
28.996747
58.201911
32.553283
39.240653
56.514193
40.928896
36.742260
39.375000
37.262439
22.180048
47.182788
33.312500
46.891452
34.867795
37.470254
45.720238
30.551768
42.089712
51.076600
47.336370
48.305376
51.703049
35.206611
32.841012
32.373116
37.651219
59.030961
53.242390
42.205716
41.538354
34.798630
49.745420
38.708333
46.503711
34.127198
48.114583
25.625000
40.383477
34.374851
34.808719
51.453458
42.336527
34.107143
49.822382
37.374523
39.790915
51.435422
47.939408
43.958192
32.214805
38.479167
31.814902
37.089380
30.188507
32.687561
33.436170
23.058818
32.441156
42.491469
45.833333
31.990237
38.462921
50.862372
37.376618
41.322164
30.587658
38.281250
46.904762
20.399458
40.120685
37.468750
34.767857
37.302085
43.435543
30.299180
29.548674
45.993930
42.963151
24.010357
55.835425
46.436064
54.272609
27.914795
52.573513
45.058180
42.420796
45.234754
39.013407
34.618181
58.449780
53.642731
26.469841
41.695034
48.537156
41.090180
32.317476
44.682180
37.794687
49.930765
46.273978
38.010833
27.195676
20.833333
42.148810
29.344718
31.426032
25.208333
37.779929
36.297619
37.767857
32.912946
33.274441
21.454266
32.475696
58.802346
42.163057
43.151325
38.913117
55.530430
21.762694
42.495130
37.946471
39.303030
20.589080
38.949814
29.526515
22.053571
41.583888
22.500000
39.847479
41.218750
43.081478
43.532086
38.850555
44.442359
53.552083
47.461667
35.625000
28.187500
46.614583
38.125000
24.581984
23.963189
30.291489
32.565120
40.875509
52.623712
43.382372
56.360122
33.105160
54.645943
28.225014
39.905164
38.275238
37.532709
26.237846
36.077652
53.923577
44.757470
48.701757
38.802145
32.670361
38.974359
56.986979
58.099926
49.591577
43.139385
45.460557
43.918210
46.297147
28.634173
27.458333
42.187500
41.193523
48.317277
37.750795
44.724521
34.861693
39.131746
24.055938
43.548889
32.555645
36.825726
36.505682
35.900063
27.942067
54.406172
38.399478
42.378788
35.567856
42.221150
38.749452
61.471030
56.412281
22.187500
36.642560
38.313579
25.182404
25.866549
26.241761
31.504186
51.346024
54.751603
53.486842
38.142857
41.562500
38.750000
36.770833
32.876495
29.609574
34.125000
49.236707
49.014420
46.877234
45.716242
43.723516
27.492385
29.103440
39.760417
21.829654
45.264274
45.512218
28.156559
34.833472
38.307416
45.901998
21.440805
26.841216
49.359303
33.541667
56.086443
36.009398
59.333462
27.580357
33.229167
37.476078
35.595400
39.372243
66.282945
40.745071
40.870481
41.833283
42.090261
36.902813
31.952048
54.616071
42.497825
22.593750
37.769913
42.505895
29.081954
21.549107
51.163219
33.310980
43.698593
32.822515
42.005179
47.027306
41.918726
41.750850
41.726224
55.826282
62.737971
34.373724
47.312979
40.104167
27.759991
47.978971
46.050005
47.991071
40.781250
35.142663
26.753757
58.509208
63.697825
57.120582
42.041966
44.335055
49.440179
50.864583
46.287135
37.542854
49.585532
42.141924
37.901786
53.303571
46.193344
45.665957
33.125000
37.408916
32.982335
44.640835
36.082790
30.833333
40.142180
43.910490
32.715492
51.335102
53.118448
42.767857
31.687696
27.805094
31.592773
35.988929
34.571429
33.271937
48.005669
39.174490
47.495880
33.850852
40.932421
37.509995
38.659272
41.542781
51.170831
41.347403
38.263102
30.627756
49.581027
51.498621
60.835260
33.726082
39.360937
55.840526
27.969744
54.705461
35.769333
58.245186
56.248475
38.281250
50.406250
36.286546
36.335961
41.933507
35.906451
48.610244
40.022038
35.639758
49.847394
31.405353
34.295397
59.436628
27.409019
46.848670
38.713692
51.189501
47.341914
39.213241
49.751063
46.323258
39.599719
57.364828
49.367694
44.269806
46.247684
24.712941
44.378580
30.712473
39.492701
51.426962
35.030782
21.681643
34.250992
44.051677
30.345833
44.067267
28.839286
30.468750
51.090636
48.660714
58.258140
49.425081
40.414930
28.665179
36.450893
40.510697
31.352754
45.324562
59.138258
46.477021
37.616274
41.792438
39.464286
39.993737
28.760544
36.608814
36.954935
39.425101
34.360913
33.227557
48.238901
27.576706
37.784612
47.546603
46.749289
52.089984
32.440308
39.259469
50.126488
34.284004
36.806632
21.817348
47.106766
42.430519
46.988572
42.765618
39.566000
26.636539
47.914360
31.738066
35.988095
50.420731
34.139011
56.743310
33.053702
46.687398
37.351609
43.996388
48.294834
43.244000
39.494654
48.371394
48.360774
32.479235
35.690476
34.939742
47.552083
29.123726
38.873518
38.013358
62.139994
37.245733
33.754030
34.049049
34.511905
43.772968
61.250060
48.660253
53.130303
54.396966
56.114510
72.054838
51.648602
25.283029
56.637064
26.329216
43.465518
35.433219
38.007785
28.811307
38.398034
53.207159
40.295509
51.605168
37.360038
36.826761
29.598092
38.183193
30.358765
46.830357
31.130795
30.283613
25.582207
44.090841
37.859076
44.388802
54.256779
43.138074
45.052271
31.806077
42.009690
42.049472
31.028398
50.846055
29.017824
64.039958
51.947447
37.840856
46.098050
52.013620
40.949385
32.659896
44.166667
59.395367
43.087922
36.134977
38.380809
47.235724
40.599360
45.154822
55.368826
45.815085
41.180322
44.830270
36.875000
31.973114
22.570582
52.263224
33.555256
45.435492
35.071408
46.085452
41.748022
36.155253
41.545518
51.217608
31.793085
41.500284
26.279452
53.381813
32.839383
33.898674
29.937005
44.756727
49.478233
42.517176
28.106647
35.491071
45.218570
40.002653
31.932380
32.094989
39.364334
40.037672
36.566402
39.743642
38.782946
20.833333
60.197486
40.621666
53.226252
31.479495
23.262905
34.810606
50.637206
38.323413
37.916667
29.311758
39.588377
41.380208
43.802083
29.547490
39.885916
29.001472
36.129070
36.200205
24.620285
22.471169
33.570480
46.311439
28.210720
29.530939
49.753997
31.794125
41.115370
41.988636
39.104167
42.403756
32.009711
38.541667
45.686688
39.683019
57.985460
32.195573
35.276316
42.503569
35.655937
62.497594
30.031104
54.978242
24.653013
39.664328
38.231151
27.716128
27.029715
49.310858
40.312500
39.600014
39.200707
34.438947
22.378956
39.828023
41.795247
49.302821
36.516429
51.098396
30.205375
45.328622
57.045132
62.093659
40.104167
31.092687
32.604167
58.204642
36.749363
35.462638
40.525195
36.574288
29.416667
47.081053
32.872031
27.338919
31.250000
33.541667
23.698364
31.420557
32.316260
35.968750
44.296505
50.876465
50.798250
46.127622
59.516649
42.647533
32.391234
47.101699
39.642259
35.219973
47.441468
45.968100
72.303857
31.462239
31.250000
58.273638
37.562364
30.885587
41.327796
46.149201
46.864497
44.477287
38.967061
39.385488
44.778756
39.894692
47.744802
37.379873
57.624199
47.083333
43.686457
33.968964
29.375000
53.439862
47.256206
31.160714
29.292890
41.489878
55.479361
44.900190
38.792842
36.779358
57.494948
45.375000
50.270349
54.381419
48.407738
46.142844
31.409476
45.103859
32.284739
52.940692
43.848396
21.250000
35.099199
33.273667
50.217240
47.979212
37.594956
44.416584
41.964286
34.866071
29.894467
42.801182
27.056114
31.865247
47.119346
50.683300
47.815842
35.570750
38.477810
40.000000
63.912567
35.583919
37.160728
29.187806
37.011667
36.952590
31.792347
45.897427
27.899490
30.458615
32.666502
37.935930
53.934443
45.569056
30.634248
44.706295
39.121481
46.146681
24.861068
39.419034
45.934382
51.434045
45.759675
47.505736
40.376240
32.957762
58.972626
59.527162
40.518524
52.548021
39.136905
48.842452
32.050136
31.430222
22.474473
49.366615
24.668425
22.308690
43.199405
64.707245
29.853390
43.682037
38.282575
32.381661
30.396146
28.762999
29.792756
42.355223
37.486226
54.072153
46.804066
16.608014
49.161067
40.946381
53.649228
46.413897
30.078286
52.088284
47.391684
53.264230
24.429246
33.189435
35.489446
30.673922
41.532693
53.237299
31.990188
51.528969
41.679658
46.556373
33.472047
46.298410
28.748703
46.937779
61.872848
65.790837
37.126578
48.676000
45.708445
32.933505
63.982555
57.178158
36.505062
38.993506
52.625000
36.619355
47.730500
40.263178
46.971354
48.016311
35.006699
33.561760
24.744191
41.053580
28.215877
38.338657
26.893170
28.639699
40.170484
45.819527
44.568841
33.075397
48.214286
35.322736
42.092725
59.566689
31.411180
45.405148
41.289008
26.658234
42.591045
36.765465
42.855906
61.204252
49.077039
46.138187
34.084294
33.327261
57.893055
47.895392
36.304504
45.602229
45.920444
43.260710
36.104112
30.271681
48.528297
38.446308
22.844367
27.240858
35.000000
40.302288
43.462388
26.898797
27.869857
24.955678
42.903021
38.166667
52.559823
34.844444
34.858689
46.450510
56.898330
46.967544
28.321511
34.166667
45.633559
48.621358
59.789625
29.756704
54.294786
43.287825
29.754820
48.229267
41.478281
49.249130
20.055402
44.447460
56.206314
37.962623
32.181822
46.009921
14.970960
37.354482
47.395833
55.868824
62.784722
42.694276
45.683907
52.281186
33.673232
39.329793
42.440603
54.394585
33.159903
40.437711
58.283931
25.203668
38.501889
34.759487
27.786821
47.717543
30.964286
40.914872
46.330832
35.726976
36.904711
33.045735
20.865209
49.498078
42.548977
22.500000
32.717732
30.155745
36.911485
38.607955
26.145833
43.157707
39.523810
41.515596
32.180483
21.699314
31.845291
54.790243
47.069203
36.135417
41.679102
39.878034
33.908647
47.918923
32.665447
29.189919
40.274995
52.026284
50.137785
37.977273
37.722403
41.519666
42.336110
23.623789
43.989222
32.672598
60.608978
39.773633
51.468303
40.000000
36.337559
46.453842
27.083333
62.223214
63.708333
44.184061
40.934667
55.838175
45.204469
51.580896
28.120618
33.461603
27.821809
37.106618
27.395833
57.267688
40.334313
54.181073
54.011560
56.324702
24.111479
60.704354
33.644896
39.674276
39.291045
47.302255
44.212176
63.756024
31.528989
19.775000
54.387361
50.483649
33.816628
30.329457
45.946970
47.784943
42.479382
38.359756
49.078063
43.194926
42.843517
26.246039
34.875981
36.416667
43.593750
22.778547
32.992900
47.340377
37.767857
44.959416
35.190168
32.129748
43.410714
38.456409
42.100576
21.873667
26.587040
47.049613
39.338949
54.981474
42.039439
26.051416
45.627963
35.187496
51.083333
36.803715
55.007532
37.144509
45.152155
26.313762
43.921816
41.459743
51.883960
40.757037
28.646378
40.196982
32.260417
32.351190
34.746734
35.622847
29.416667
42.770019
33.584668
37.500000
41.289148
42.797619
31.775345
24.483844
50.193087
41.988814
33.206640
33.868739
23.891351
31.450903
44.340330
45.025205
39.046536
32.854167
44.761905
44.240076
35.984123
45.341362
31.250000
47.247295
26.477273
36.808003
38.645833
38.745707
46.217640
46.177074
48.908904
72.727704
39.169530
56.854167
33.819921
52.157598
47.950348
53.709207
31.847933
30.077072
48.562157
24.608594
37.863343
34.506665
30.116006
26.153475
45.067497
53.607345
54.161168
30.237702
36.451515
30.508120
37.938521
52.638514
48.827533
51.520612
39.136687
41.557813
38.875853
54.874807
58.102391
35.648558
34.328721
20.511117
51.727047
35.260417
44.624796
31.659716
45.978788
27.812500
28.935662
34.262434
43.341965
50.276597
31.312679
32.398773
42.511824
37.110216
34.739776
33.630952
42.914576
22.818909
26.906726
43.906250
24.642857
35.463433
41.979872
36.041667
45.625000
44.270833
27.586631
26.292822
15.216108
38.368579
45.202703
35.194242
33.333333
23.483280
36.047701
32.412231
31.346211
33.648810
33.337841
25.571755
54.481698
35.420521
43.615389
40.337515
36.965671
38.325372
47.215659
47.346383
41.134056
50.281653
51.875000
20.921443
25.505952
37.838564
43.121776
42.690002
36.631856
40.492582
40.235340
19.417007
30.339442
34.612186
41.206460
44.246090
26.314348
39.790565
46.324922
43.369377
34.298792
57.129129
40.922619
26.564649
36.993588
25.167288
26.726190
34.247951
30.302924
32.262912
33.055882
33.807016
56.710528
48.846137
53.145871
31.090793
31.441943
38.084170
27.058960
37.616296
32.442504
30.086536
30.208333
22.449322
42.178933
51.783409
43.023695
32.060817
35.416667
47.149591
35.250000
48.352814
29.375000
52.052092
28.099345
59.014881
41.327266
21.130717
21.821006
37.171676
56.250000
41.210314
39.232679
28.639216
49.172384
46.616228
28.122478
67.533539
33.811970
38.363179
46.267766
54.176569
35.366833
36.808221
39.741497
32.061976
31.243758
29.464286
50.604694
36.980608
44.524713
24.616675
44.650953
49.097473
36.400866
28.839286
32.811715
33.276228
38.907456
32.355353
26.433467
42.284903
47.881074
42.562377
38.370038
41.058766
27.648310
42.379425
43.181797
49.440554
32.291667
36.240545
45.091386
36.934048
47.834478
34.174862
53.551848
43.315472
48.532738
37.897053
25.550566
43.969242
27.924504
35.508283
47.165179
32.328377
14.972747
31.022005
35.229192
47.060415
30.375000
28.220156
23.372860
47.495694
39.270833
43.648487
38.750594
42.269605
31.343213
34.335229
49.238971
49.125000
34.562863
39.446566
29.474771
36.087623
49.164182
33.688716
39.764863
52.164157
25.635971
41.895833
51.233298
53.140128
36.519729
37.401785
36.866489
32.455357
30.000000
21.980927
51.348231
30.592209
41.095378
35.104167
47.000000
42.181478
36.489934
33.068358
27.222328
34.055291
38.770827
48.964323
36.827492
40.518837
38.230454
30.874917
37.239035
31.184211
43.509416
62.429184
42.500000
42.121212
47.786458
23.054842
45.395002
30.892857
43.235084
43.148101
39.906805
49.977372
28.919440
54.937954
39.139435
43.101256
51.884560
23.134276
28.366679
32.916551
40.146916
28.450275
34.097355
52.010257
28.406642
39.125256
32.100761
28.929854
37.900433
38.735795
28.125000
20.000000
36.666667
37.723841
47.880487
50.885536
39.858457
53.708038
31.414345
35.984745
27.860976
34.060606
36.128992
15.913764
41.904762
37.681154
42.455357
47.957911
50.606526
44.263796
50.873510
27.793185
30.881121
43.359377
34.985999
36.208333
26.960482
36.564468
28.392857
46.505504
42.619298
31.393973
31.734490
33.511905
37.552934
49.030334
47.414070
45.416667
54.062340
31.335293
34.809609
30.574892
40.239583
53.286401
45.786664
34.744973
32.395833
47.189007
34.841170
40.855655
42.773076
51.675167
36.718750
57.460292
65.026082
38.762309
36.794867
36.117539
37.841194
37.210861
50.882428
44.589692
28.718689
37.294643
26.250000
34.102564
36.370593
28.125000
44.230177
29.523208
53.857601
40.999974
37.500000
54.280105
44.221370
26.564391
35.975311
50.141945
45.553571
46.166667
38.375000
52.093628
58.125000
34.902496
45.398205
46.592203
37.260701
44.856249
43.906482
40.320684
43.877591
29.758140
33.912843
37.232143
40.107335
36.027778
44.084637
32.103896
23.125000
48.265152
50.679468
42.057319
31.195223
49.354271
59.449441
44.000000
30.858611
45.673561
47.984848
56.024483
46.808089
30.493464
33.229167
35.898810
53.162879
54.505788
39.898469
20.931079
42.901652
50.697660
61.887697
32.310606
45.987233
42.232094
35.763052
49.537664
49.773571
37.750000
56.997641
54.385589
39.969153
34.810840
41.308990
41.935775
44.034118
17.172396
37.557517
45.119047
26.666667
34.017857
49.214015
42.616279
39.352231
42.056367
47.101662
38.437500
37.808945
41.318390
48.125000
41.670504
47.918359
54.212946
21.775812
37.304567
45.416667
25.763580
49.215003
53.154762
50.535072
47.157738
42.020513
39.041580
38.620707
43.484660
38.792254
24.738046
27.321429
41.864332
26.802169
40.986177
31.498291
42.380820
26.875000
38.297303
39.213472
46.010672
42.589286
51.723214
56.819260
52.485642
39.220779
55.534324
48.581288
41.259712
36.713234
27.531296
36.370636
35.179730
51.716167
30.500876
30.613902
37.421670
44.613095
42.291667
41.536797
31.375000
27.335607
31.315199
33.684482
52.026905
32.192564
30.598214
50.975654
40.790079
30.938807
41.541252
45.156926
41.476307
38.270231
33.045459
35.265548
32.584117
37.943448
29.880952
29.375000
35.430783
48.656328
39.791667
51.421409
50.674857
46.399746
48.957643
41.563943
51.227273
35.599106
30.124595
29.317052
46.972134
40.744331
27.431802
34.883786
21.250000
40.987024
45.454545
47.075893
29.933036
45.260417
47.663156
40.964720
48.680966
33.768939
45.877976
43.368376
33.616695
43.914127
61.931114
38.186057
28.416667
32.162813
40.212543
50.486756
37.062500
42.362530
47.739500
60.409266
24.166667
29.687500
45.503241
36.695813
42.938312
41.821429
41.702658
29.896833
42.301267
42.936464
41.045415
55.166790
26.435791
43.381670
26.288328
27.681040
40.695606
25.627203
35.504246
45.343766
35.081925
36.145833
38.092267
37.190934
46.142188
49.702709
33.502893
49.454536
37.696154
30.354600
25.671674
33.693037
29.246235
34.357830
46.904802
35.833333
30.949103
37.671974
50.899708
36.517045
45.358704
41.119150
47.842624
51.923483
53.930749
28.210019
33.337272
38.928571
43.117911
39.583333
27.519691
36.239788
40.500000
37.146090
37.886905
38.754609
44.333333
43.322511
41.625349
45.382698
38.776498
42.590277
41.399815
33.828880
35.049107
37.020115
31.709098
29.903058
29.427705
43.565821
47.026062
26.629073
44.786970
49.583333
48.237552
47.851463
37.291667
29.464286
55.184803
46.250000
51.662580
26.087354
55.037748
57.976559
35.149013
35.921125
34.734715
20.658678
41.357338
42.472501
36.190476
31.432642
35.365322
42.127174
51.051119
30.993971
61.190317
52.825255
54.597531
53.192046
64.318182
46.193087
42.380952
47.083333
38.361607
34.598214
41.636905
50.249064
47.690357
30.416667
27.767857
43.092283
46.841387
47.203121
31.604241
37.865890
52.415970
28.845028
32.608657
30.182579
49.957700
34.343674
30.669517
55.021369
30.125916
26.440321
37.892147
41.233760
41.698553
37.375338
52.351190
43.770453
46.558276
39.808814
56.070648
42.276786
37.958561
30.852885
47.786797
32.211590
30.340180
42.393375
42.162938
49.575993
36.620162
48.456027
32.674848
26.672035
30.558894
48.254638
32.274417
30.165915
50.592026
21.970791
46.535469
44.830988
42.449104
28.556194
52.860513
47.210523
32.446340
45.972149
24.926112
43.202182
32.976190
38.604877
50.745742
43.125000
40.387900
31.250000
38.142857
39.664502
36.911520
42.639564
29.025123
22.541148
27.500000
30.871664
31.689931
40.797018
31.606857
56.714744
35.867146
32.883346
37.612767
30.512395
58.958563
53.187500
44.695576
28.210533
50.229167
42.522321
49.238397
27.917566
30.047777
29.362921
40.127706
23.333333
50.986106
29.382218
55.824421
41.666667
33.134999
59.139544
36.963423
34.026817
27.523277
45.380587
30.476852
36.228911
39.298031
31.979167
33.333333
41.664773
45.970879
31.662285
59.036028
44.124406
36.681987
36.054422
18.614729
43.045534
48.593021
52.541209
45.591599
33.180941
27.434330
36.530410
42.168580
43.619813
31.196270
45.833333
38.179890
48.836776
31.900403
37.012987
29.197774
39.945674
39.908778
43.558290
30.267857
22.434923
21.530831
40.714719
45.874713
33.260056
27.756487
31.507304
35.975058
36.235952
24.085003
47.477689
41.523722
31.996387
19.428523
31.607143
43.379147
38.611706
35.712212
60.846471
47.250000
46.473214
40.346582
32.179754
44.497817
45.794989
26.297065
35.318462
23.479516
25.606647
31.347403
28.839286
26.361540
40.045921
50.259803
33.660714
44.835729
33.895114
45.853709
38.281842
34.691076
37.287714
52.855870
51.585081
41.195680
39.168313
18.333333
41.994111
49.788326
46.392265
43.854228
43.779572
38.272673
31.549526
39.240080
49.176136
56.026786
50.057373
47.431365
22.558311
51.250000
36.309524
37.533796
37.642165
43.584020
38.008839
53.476826
44.185606
28.110247
28.919801
39.109165
46.648753
19.826939
57.121212
37.243612
44.157097
43.011204
29.954130
37.142857
50.653930
44.800225
27.696291
32.994675
30.905032
33.065218
43.966892
36.591591
23.834061
35.013501
35.156250
29.069958
43.182062
40.458333
42.302654
42.079853
38.559721
31.892308
44.076875
42.974419
28.337735
49.516984
39.588341
26.321719
35.317417
26.767988
37.684325
40.049337
62.410509
28.966581
36.304899
61.864465
63.450374
31.551546
34.657738
38.780575
42.944762
31.572407
32.678571
33.152893
27.223427
29.500000
39.975493
30.000137
34.736930
39.289396
30.880952
28.928571
41.118045
36.675443
42.818182
34.160051
44.736094
30.244314
39.011184
37.781318
27.903234
47.015503
47.106228
28.220315
35.825663
42.854582
31.742079
26.966382
38.221917
35.494643
37.172745
41.672331
47.838456
51.616164
36.510503
39.597722
45.378471
33.871895
38.016596
30.588346
39.966218
20.962126
35.424107
39.922155
36.440476
58.851984
38.605044
51.881297
37.916667
40.625000
44.724702
38.043129
45.881442
40.925964
40.523602
35.286260
32.883327
32.286240
50.656763
41.577193
42.221606
38.293797
47.997898
33.129917
64.182387
30.714286
32.792641
47.578444
35.891432
48.892045
54.270833
41.833035
42.453515
41.184458
49.750029
38.245739
24.328000
35.597757
32.142857
53.126218
41.666667
50.999277
60.696336
40.345238
29.378539
37.196970
28.928037
32.307861
62.735455
49.801563
45.842908
24.178853
25.340172
27.083333
34.048413
32.745138
31.298093
32.961075
37.284280
45.158263
38.014380
25.802053
35.989321
43.430022
38.481245
30.661644
41.478065
32.250000
28.726716
26.250000
36.851326
30.267857
37.165476
30.563145
47.729735
33.338901
24.092112
32.797619
48.124527
43.828242
32.480853
56.250205
35.587404
31.449088
54.058547
46.065391
34.627870
34.786121
42.943365
39.101184
53.231157
54.248877
27.797619
45.196054
47.681152
27.905277
24.095306
36.857295
22.928571
39.987888
35.364583
22.500000
42.330309
27.604167
52.086195
44.278274
47.652035
45.601190
42.083333
23.173997
27.381232
26.562500
29.166667
49.235819
45.200893
51.000794
55.428118
27.345373
49.203191
44.377179
45.255682
33.958333
36.367408
49.978638
41.288690
47.054103
38.815935
43.118702
41.812500
30.184937
36.460615
29.911170
37.533151
42.742623
44.981598
30.860453
43.330298
43.203463
59.539093
53.250000
44.363374
61.652052
51.770833
31.041667
43.346577
57.141510
28.644513
44.290769
36.065654
35.584238
35.576698
39.505153
35.107916
36.986780
25.596007
38.249159
58.119748
40.125000
46.451083
21.731962
35.833333
37.758513
32.681863
32.337619
32.813737
40.958910
43.849040
33.476818
27.376509
35.505952
40.684524
37.559524
50.094504
42.872024
39.918956
46.316964
34.588701
48.188578
46.037124
73.309410
40.302452
35.759740
41.264881
26.041667
35.333199
39.708248
41.755088
38.010947
40.563660
34.075530
33.562500
27.586616
52.763218
38.046537
45.112341
61.647217
36.191107
41.335505
34.947424
31.761642
43.258320
40.554029
36.425864
45.931730
35.147618
35.002069
38.959662
39.857259
42.172289
36.679476
47.284903
35.812590
42.405303
37.523829
45.992979
41.026198
38.005952
26.093750
21.402961
30.000000
37.725163
44.738832
60.369211
46.937551
45.424087
35.562531
54.475108
36.166667
62.997888
40.542690
41.582293
40.517995
31.555107
30.911085
44.094323
28.185562
51.057692
50.439764
37.053058
42.414773
21.594391
42.657623
43.917224
41.437094
39.598214
29.140959
35.416667
45.437353
43.926371
30.058247
30.439531
43.958333
29.375000
45.873941
25.593750
26.585498
30.947868
49.346744
32.857143
30.268473
37.399423
38.295578
31.833333
36.119676
35.839645
28.914254
31.749806
49.447211
50.052953
49.437817
39.996770
31.084653
32.088369
29.346295
47.314665
36.487631
27.360750
20.250000
30.235372
42.134795
24.015118
24.687500
33.115013
34.180535
45.976376
37.510355
42.068528
27.085643
46.566871
45.959077
31.812500
22.604167
39.030666
32.519300
35.170350
34.761905
30.560230
34.693786
32.603231
43.333333
33.843344
40.273684
29.601570
41.438910
46.994048
39.649233
35.489408
30.741064
36.892440
57.490599
37.717105
32.681833
46.650157
30.216476
53.528841
40.416667
34.112246
20.788347
8.200872
17.361228
24.165759
49.065462
44.896271
42.499302
43.313812
34.597998
54.343814
48.529936
37.310387
45.104637
43.958333
48.013773
32.925336
27.157166
50.187575
37.388827
37.965418
35.047899
45.108225
25.903068
29.195424
43.051715
42.619576
41.467425
51.460759
33.584376
21.523934
36.300289
32.069935
38.641775
33.732843
20.519074
31.221354
55.190712
54.991454
34.270833
40.833333
51.865396
38.502191
32.967403
38.855255
36.415189
43.954602
22.242515
39.869120
49.988586
38.439400
40.441884
62.707555
42.261202
37.586588
31.769340
34.966390
49.523810
44.280979
18.333333
47.104446
37.020013
44.872334
28.113646
26.547619
43.817334
35.712845
25.428571
31.458333
49.996511
45.166667
39.746491
45.082071
42.872434
34.762453
41.439392
39.791667
39.676911
60.114243
45.932501
40.385417
39.761905
44.248618
30.484165
50.094867
40.694538
49.943458
44.900792
49.936602
57.291667
38.549107
33.806840
32.348863
24.512676
27.027961
26.892469
32.113134
44.383620
35.332576
39.576067
45.691609
40.995602
27.083333
43.605620
30.209763
52.539950
45.280799
59.899423
47.091051
41.150229
48.005952
40.434400
42.785681
41.354657
47.768426
37.951141
46.618628
23.407112
47.280844
48.416977
47.930954
44.982853
42.645308
62.822917
34.571190
31.609470
42.826265
44.992257
25.072601
30.591816
39.035947
61.999284
47.753447
51.424413
25.253835
28.050392
41.446524
42.106524
36.902568
33.958333
36.458333
35.203407
43.670635
37.112660
38.283584
36.199228
37.088321
44.498187
27.670373
42.311221
46.383017
40.533475
19.682880
39.866244
35.722300
38.625000
40.892857
41.607143
43.742640
55.907435
43.974516
31.849953
49.672325
31.192030
45.151729
40.225855
35.702595
61.081816
43.274114
37.386832
46.279043
27.584626
52.894192
31.723565
31.816108
35.498606
13.431466
46.259930
32.836596
54.375000
37.500000
39.166667
44.876162
34.008504
64.864184
49.550056
47.200266
34.357143
46.384803
37.736235
38.690551
45.288752
33.110011
33.857831
32.022811
44.065642
20.027395
36.559435
34.081641
40.554752
34.748633
21.613523
40.508977
45.000000
48.915361
29.166667
41.054515
37.884808
32.490004
26.261538
45.373377
49.368228
30.618716
32.727493
64.260231
39.063684
34.854383
34.247823
40.948001
44.687500
51.791667
33.206288
50.630682
21.680492
45.799635
41.629454
44.150124
44.140819
20.833333
38.712525
35.662975
44.210172
39.869755
49.818842
34.249809
42.121212
39.276948
47.000000
22.880138
37.152842
58.124353
42.598392
58.520583
43.533219
30.982143
32.925919
43.604833
30.624751
57.592509
34.289547
30.000000
30.119048
34.363606
39.468750
26.452330
25.412375
31.841554
40.511157
29.650092
36.005548
39.904018
31.206280
32.649185
41.762641
29.335508
45.152247
48.311531
32.790000
49.534845
38.359667
37.391335
45.407839
26.250000
30.419554
37.193569
48.731507
35.795006
22.656236
43.798727
26.826511
52.839099
43.952496
38.958582
31.967021
40.158674
40.608671
51.875091
24.082006
36.655844
32.460409
32.907879
62.366799
34.506185
34.455643
53.973776
36.130952
40.110023
54.592972
45.666667
46.625000
47.420103
60.474109
38.474702
38.165179
33.768939
33.682561
51.644561
44.515650
48.861225
36.239461
33.382763
32.227887
51.659602
37.967778
50.695044
35.416667
29.798564
30.500000
26.323460
27.103614
40.868405
30.978307
36.114595
34.068182
45.300651
36.520080
41.569157
45.297480
42.121456
37.562500
39.466320
30.611501
33.920802
47.102273
40.000000
45.049656
59.760891
25.000000
31.346874
48.915996
61.449096
44.532908
33.341300
34.371488
29.807656
47.447891
33.382921
41.390202
39.745362
66.735307
22.900367
52.174095
46.791667
47.357539
46.258406
38.437923
31.163641
48.705371
33.011868
25.428571
44.657046
40.240216
32.781611
48.400110
44.163603
37.939388
37.372588
31.083333
37.000000
29.954545
20.813676
41.988404
35.523071
38.716158
32.706906
39.301425
28.880059
36.055361
35.060972
29.337265
22.958281
37.497667
37.093201
45.544509
46.667300
47.035042
34.360687
42.380144
49.914773
31.944310
34.892929
47.423820
33.537571
39.150704
63.738887
43.589255
34.559652
36.875000
38.583333
47.500000
51.790960
28.002988
32.812500
27.138232
44.457028
28.958333
40.034798
33.062502
50.763025
46.942797
39.384356
53.170241
35.489146
35.413836
26.998384
31.605436
50.019114
42.328726
21.368560
32.911319
23.749913
47.919643
55.254050
50.299814
21.500947
12.728919
32.283417
38.059583
29.971115
50.801160
35.717625
34.986702
37.767130
37.076165
51.680060
52.455357
54.183678
34.978481
36.607143
35.520833
46.336442
34.139759
45.377591
36.460414
40.461821
37.738109
39.474130
42.553248
42.812500
46.121643
25.043724
34.062155
28.886743
14.047619
22.237221
42.257992
36.801178
32.437500
36.938657
35.682492
42.085580
50.162542
59.359175
41.089487
43.404934
34.862814
27.289925
40.573648
26.941879
46.499752
33.469518
29.333930
33.687426
41.244441
40.558475
42.166935
35.856513
45.387544
39.412202
45.693526
40.285379
45.528259
25.824484
47.180659
38.201481
29.312087
48.336907
28.184377
35.318572
27.893750
27.724848
36.533650
34.124527
39.000000
47.804019
54.935433
24.318341
44.195204
49.209412
40.008728
47.195352
32.470228
37.140531
32.604148
28.166667
32.305288
36.558720
54.113602
35.455400
16.670714
26.112487
23.125000
27.726473
30.148810
44.270718
48.253113
28.689169
31.545995
47.881179
39.226190
59.125979
53.836488
30.907416
37.886559
44.991071
38.645833
38.989315
41.807037
41.007948
61.416348
38.890806
47.723621
32.243335
42.576884
43.539892
43.229506
31.635417
31.125579
37.356247
37.861186
32.840064
24.916566
37.351796
43.246723
48.202266
37.190357
40.302086
42.341856
25.428571
45.165927
33.547619
37.730710
53.078528
47.915814
33.627976
29.491071
43.139881
40.346042
39.381766
60.558036
55.625000
48.750000
38.787746
47.128108
41.227309
42.134828
41.022004
32.759610
50.359007
36.858038
45.821617
48.262363
41.022189
50.691705
37.075299
43.985408
31.136905
40.029353
27.547212
46.176523
46.160714
35.744048
50.953797
44.410888
31.017857
41.762581
40.814158
47.552433
54.431953
42.027002
44.367894
39.492591
43.249010
37.320531
48.633804
34.422086
43.750000
26.821691
31.675201
38.068156
42.632562
37.668409
26.982004
35.574350
56.075893
38.173622
46.156309
37.016069
38.708333
55.769088
41.953052
49.508972
21.939484
33.833750
50.272088
41.236264
42.179654
58.532738
38.274859
33.858592
48.752944
37.244680
37.929708
41.666667
36.201230
41.341601
31.199346
48.335786
49.234978
50.729167
35.778037
34.771677
28.426388
43.242703
47.373137
53.310914
40.892857
35.250000
39.036393
35.409352
45.928791
44.556924
40.445540
38.838086
32.744545
37.880112
46.820157
32.678571
46.239177
45.364133
47.487957
38.183216
45.293207
33.025693
27.843109
32.473712
52.287568
57.805581
38.205681
42.086148
34.200744
34.272551
31.783070
40.943668
42.455341
44.709821
51.346866
30.678633
34.385108
36.864583
28.318182
33.861418
29.853298
41.093697
37.947903
45.625000
38.946324
35.789536
54.932005
30.589939
32.059899
46.345600
30.149290
39.570224
55.035499
35.183989
34.114583
29.166667
31.716406
35.721032
39.426059
30.726351
36.868120
39.205504
51.186869
35.226524
31.906258
19.583041
29.757099
48.154685
28.805839
31.517469
42.386108
43.342413
38.422501
42.019281
39.508658
43.914868
38.308452
28.278226
33.750000
56.384118
55.681006
52.023810
37.189932
34.893497
42.883750
48.704533
28.343750
57.185292
47.581492
40.618322
28.279114
37.096119
41.150743
39.245130
39.907119
55.833333
45.055139
22.214227
44.530996
46.141098
46.635025
44.628706
38.952329
41.236653
40.294491
30.208299
31.212391
35.822335
49.119125
46.864583
33.531704
42.191558
36.562500
46.090455
37.704545
26.100488
52.727159
44.594156
36.848776
38.908427
39.726292
42.248680
30.191099
24.319683
38.839286
38.420188
38.298699
45.778715
43.917738
56.430502
36.427491
40.593750
36.979167
38.596795
34.419356
41.316305
39.657597
36.126899
38.870298
35.761905
27.489449
28.749432
27.503847
38.643054
41.042959
25.505952
33.751942
38.092851
41.537902
47.914292
39.699668
45.178044
29.154479
49.839744
49.666027
46.827772
30.624871
29.288857
30.650601
41.193182
34.231065
44.415699
30.546631
30.208333
26.961211
52.604891
50.972142
39.553008
48.824829
41.980584
30.156250
21.187500
50.064262
45.023328
32.293984
36.194617
38.564997
35.642367
41.559524
37.995208
44.041667
55.229167
59.562183
35.702857
19.849695
24.107143
31.435253
27.270185
40.159955
54.819058
33.500198
42.106331
45.648268
29.539773
26.828097
33.376010
35.321577
32.067043
48.555868
56.966158
33.483616
29.110624
19.657422
39.115009
35.415207
50.047001
23.437500
30.276434
33.584320
37.401520
42.659262
39.538619
31.979167
25.862176
46.208693
44.137895
25.789185
31.025298
41.153577
32.125000
39.642857
54.791667
59.937945
38.228288
30.147929
61.808726
33.831348
29.603090
34.843192
40.959821
33.875020
31.291667
46.235795
30.566565
23.981374
29.577888
43.431618
34.755950
43.868318
32.468750
20.000000
32.120029
38.242523
44.197434
53.238241
33.900198
42.672873
48.698539
33.354691
43.007823
43.431240
48.784732
61.385846
42.018552
35.715685
38.315882
38.757125
29.278229
39.865492
44.129252
39.293155
37.236607
53.840294
59.184039
48.628436
40.479167
37.500000
30.589143
45.824477
31.994429
42.510723
26.708333
34.697646
38.740281
43.204666
40.157650
45.358384
21.250000
45.621123
31.562131
34.169910
28.654390
25.416078
38.462270
37.932989
43.689155
42.398024
43.005952
39.780303
42.994196
57.674542
49.272830
33.922955
38.627248
34.926789
40.845195
38.368982
55.827969
33.437500
30.531161
61.101468
35.770488
45.055045
34.969612
39.230732
49.377878
52.491240
36.068264
39.730052
41.882358
33.251488
37.053571
46.873282
48.538202
48.382012
45.226403
27.672488
38.541667
43.703638
50.042160
63.379464
45.424164
45.319369
44.974522
22.455263
47.221406
33.526786
58.291821
55.957986
44.115664
40.634386
63.385417
62.640415
45.373254
44.048787
38.911882
34.771451
40.725446
34.520017
30.990281
41.888270
35.697482
33.930922
37.875704
33.801894
44.685933
40.000000
53.838921
44.976398
43.630972
42.200725
47.697525
22.153570
18.621827
29.869305
44.023623
47.773503
40.981717
35.502304
40.336724
58.612441
28.566647
33.437981
35.924773
46.560178
31.112272
28.862732
38.929195
30.312500
42.790102
35.246934
37.029010
44.755916
40.416959
44.713406
47.480784
48.293676
37.133747
25.627047
34.732143
40.517302
41.980930
33.923095
55.677083
47.781250
38.395833
50.039991
37.574405
51.671647
40.688494
32.193610
36.563543
41.686895
49.685762
43.407738
47.183533
33.824405
23.890064
23.307183
24.724338
40.804615
53.191947
35.154021
44.338706
46.071627
43.256890
38.005952
49.829406
30.779308
37.356686
30.348876
56.353428
44.330096
39.761905
40.240485
40.765092
40.169712
35.948382
38.282182
41.743279
28.160459
49.141037
34.883085
41.537378
33.177760
18.743231
37.146652
31.963360
40.378250
36.613457
30.276229
42.413942
29.097630
42.914787
37.784044
32.320290
47.083536
42.595006
30.445929
51.295953
30.311628
33.692431
39.788244
27.193646
49.864523
43.044821
40.912818
59.988837
34.663517
54.731863
42.680522
48.532552
40.468750
43.643127
32.920801
31.570083
37.843705
59.952137
42.649875
38.020283
30.792365
28.551809
36.260501
41.460419
41.620805
34.363974
47.602278
51.708538
39.246684
44.324269
34.520727
37.862678
41.672140
48.534903
36.337143
29.993816
29.539909
42.771674
18.194230
33.836690
38.660699
27.742629
39.196391
46.052856
37.301106
39.648339
30.918831
57.102532
37.712565
47.874368
40.768085
37.109185
32.291667
47.908276
47.622793
25.997659
37.214197
38.742549
33.019717
54.050562
37.559081
44.036284
26.622479
35.153945
43.961697
35.073145
42.921246
35.918401
41.121817
49.939993
35.533530
43.917298
43.359672
29.144718
21.250000
34.077804
32.010458
48.398864
49.456923
25.461294
50.449025
32.436198
25.555207
41.164773
35.434117
36.562500
56.458333
35.462149
42.652805
31.296864
53.682605
34.285572
50.696397
57.750964
52.225622
44.854167
20.467665
49.247428
32.709521
40.893409
38.288283
36.975439
36.188084
56.043244
56.743637
38.309273
24.217192
43.690328
37.664053
34.329545
37.840987
55.954896
46.777197
39.572090
44.649732
49.534086
45.684524
35.493209
66.753269
38.276306
27.729716
29.475261
31.370130
40.659968
43.556998
32.427764
40.422062
25.656301
47.449959
36.185528
48.968049
41.966587
34.419319
25.018782
39.375315
29.357143
49.815476
51.562500
35.487792
36.467463
35.979167
32.101974
32.437036
43.999572
52.583356
45.448577
41.351129
40.598004
29.565390
30.000000
36.000000
34.236703
24.335562
50.900482
28.844573
40.624863
31.624260
30.270669
40.994179
24.823447
37.965568
41.190154
40.666164
42.743347
36.526619
35.822511
45.102230
32.447716
36.562500
52.901786
39.348816
44.071429
34.790112
30.241371
31.410686
28.953343
24.915169
49.175077
33.196078
36.839641
39.866747
40.907207
37.743393
43.186126
37.789216
27.410243
48.939031
34.961070
35.117063
46.023463
42.787581
35.868005
54.771509
57.220911
34.253126
49.101064
61.182413
25.073678
42.123083
34.637388
38.881531
52.366734
42.750934
40.623462
23.128254
33.738782
34.095910
46.290944
38.320404
42.069684
35.767231
22.313723
55.475694
40.855655
38.875000
41.917542
33.289591
33.185714
36.622428
42.520314
36.504117
31.979435
27.403249
39.498462
31.753239
35.324908
33.355876
32.723289
40.972558
36.662932
33.443149
39.690542
31.519514
36.731921
29.780808
67.106848
55.898116
44.795834
46.550471
52.792510
60.780117
33.197912
51.224744
38.333317
35.443663
51.468819
52.952612
44.075598
35.099879
46.205114
30.309748
42.557933
41.278672
36.346560
34.408290
44.836158
28.350528
41.458333
35.000000
35.353125
42.907986
54.349081
33.664773
31.479199
28.432244
26.190476
21.103150
45.222777
45.406395
38.975647
43.522903
41.270819
36.132848
36.710182
21.426124
19.560389
33.160013
39.034474
37.241496
34.853022
29.998932
26.149894
33.663187
44.041667
35.675504
30.477795
38.134636
23.259492
42.479634
35.579545
53.537180
35.626875
50.788318
39.705097
35.785151
38.629302
40.115134
45.191741
33.207118
55.667545
37.801746
36.054102
35.839286
31.850578
40.267857
27.048286
23.995636
62.918181
44.899374
42.809758
29.085680
50.629762
28.244048
27.753174
43.686989
43.293183
36.155439
42.073799
53.953297
44.826811
33.389610
31.651786
37.111204
54.617621
51.699567
60.585523
25.025449
33.755242
54.268178
28.902749
35.781250
28.158632
26.802241
31.328975
20.385833
46.705943
37.020567
36.253779
44.402279
25.178571
39.784200
28.094916
55.267823
23.388099
26.760380
49.635417
37.566964
33.920458
42.403822
48.648862
32.747776
25.999907
41.023821
59.457998
40.762543
44.718750
49.007244
26.438754
56.858709
44.264069
42.531250
29.965503
38.916975
22.384002
44.769350
20.532564
26.987725
49.648269
60.786641
42.144842
43.924416
24.893089
35.625000
46.588905
50.438620
41.354167
33.125000
37.946429
30.224497
42.834750
45.743006
40.191697
36.676914
36.893536
41.477884
51.077658
41.664474
33.529214
29.695218
52.190616
26.412319
39.940476
29.270818
32.935600
38.688652
47.267733
41.712799
34.763790
33.660834
32.972439
35.698209
37.097365
38.306818
21.666667
39.807956
31.383880
58.402730
60.778429
64.309089
38.420620
41.988899
35.989170
42.799546
24.690607
43.643457
53.034754
27.548730
38.839286
31.565476
33.229167
28.976790
33.103210
38.844279
32.836833
33.932301
27.800919
43.018841
36.776134
37.998337
34.927774
37.216036
37.298880
41.414296
48.223175
38.792193
37.969388
49.465104
44.848274
29.674242
32.291667
45.909325
38.159668
54.880952
40.769283
34.751025
23.064855
36.433271
48.342962
60.428030
39.991495
33.482143
41.773721
43.769108
46.716715
29.413499
37.083535
35.552559
50.128551
42.658975
42.540341
21.458333
38.398810
36.812500
43.888063
37.725516
25.656323
32.429166
29.351603
41.547635
25.081632
20.458673
26.894602
34.665696
37.748971
35.870536
22.045143
42.113586
39.151515
53.190643
43.301380
32.387326
42.375000
27.163053
40.773810
28.600313
46.994029
43.243661
37.754759
54.849147
38.895833
58.430355
40.729167
22.609606
30.037449
50.603306
47.021475
43.694819
39.439826
41.894555
42.717957
61.528222
47.666245
37.326952
37.499424
29.035985
37.723145
24.981660
21.067211
38.861085
47.244955
38.108705
40.518758
27.448337
44.872730
41.562500
46.836921
38.007898
35.273341
33.284991
38.874982
39.617497
55.950358
44.649705
26.305061
44.166667
37.522737
17.875000
36.245027
48.000000
53.011220
47.367006
49.901597
48.782908
30.458333
33.347614
45.905187
40.882557
46.647950
27.558699
49.218610
38.668125
50.017234
43.260242
38.333333
37.994505
26.220216
23.474479
25.178941
34.620756
41.807602
43.559020
31.678117
22.634434
38.958333
33.754464
35.357668
11.250000
28.843344
51.812785
39.083446
29.571429
36.234968
50.179924
32.327587
19.907077
27.120445
49.387193
39.579369
35.515266
36.734037
37.856470
45.521353
37.190934
42.667178
36.148987
25.615079
35.625000
24.862214
35.154269
31.020110
44.522535
61.953125
39.614661
26.250000
33.334770
39.502763
65.430233
30.932042
39.848699
28.218828
45.285230
59.123605
37.763047
16.718412
19.762792
57.185557
36.185459
34.330995
50.046011
59.087803
44.220521
28.115294
37.935826
33.169643
33.419729
35.092452
46.409495
25.737640
41.991472
31.676908
51.720151
21.997223
30.740088
34.864127
34.298188
33.802083
45.056818
54.783405
35.715428
42.066122
36.188769
56.127751
46.808908
48.771846
23.437500
41.384767
33.864897
36.217052
39.534639
43.225579
44.821429
58.398499
28.750000
54.735264
42.695211
50.415808
34.000000
33.946123
39.783299
23.785977
50.080604
43.606493
43.453248
38.660714
31.768160
33.598485
34.964271
40.080847
62.047317
45.941163
36.885453
33.893452
39.945266
39.685897
41.826178
35.074405
38.015600
47.096159
30.179395
46.948549
23.370810
29.629113
39.596607
47.532468
26.542195
31.655151
38.547319
23.432924
35.572491
26.934524
28.480758
28.014225
29.890004
45.606114
39.767857
46.854015
29.414809
51.046747
40.244888
36.784963
54.843750
37.786570
33.199765
30.543386
22.500000
33.437500
52.018138
39.166667
25.000000
27.294260
33.240152
39.721514
26.851596
28.961341
50.843692
46.380637
42.705282
45.957532
41.298924
37.052357
57.932248
32.813805
40.402254
42.445696
27.252422
24.947082
42.416667
32.559524
37.639405
45.808036
37.401044
44.271124
24.351511
38.110414
41.542447
34.057693
28.098979
57.176621
34.166667
36.559574
39.598684
23.111600
27.085236
28.125000
46.569221
27.020833
33.813346
34.978609
44.504714
30.059524
26.806929
25.074405
36.376464
46.815068
37.024598
45.357143
42.083333
30.625000
39.767004
37.892857
34.791667
45.791490
49.204503
46.633005
34.716187
38.301550
35.407443
30.198648
45.537913
49.583333
36.173361
46.984380
39.576108
35.181818
57.604502
43.322574
37.432172
34.901484
51.702803
51.708333
42.481061
35.562500
37.253676
36.203921
38.222548
48.985011
64.541312
36.885026
44.541154
37.970941
34.483240
35.794950
44.868209
35.280604
44.912100
48.133776
27.760797
45.408109
34.166667
33.900878
51.767366
47.668059
39.287129
38.403701
36.369624
50.016218
38.156847
54.084393
55.308442
44.222113
54.267390
40.627997
36.141548
54.334658
32.511531
20.100115
33.744044
35.857205
41.926077
43.847737
35.520833
39.527417
36.720789
41.578178
54.974070
37.245000
61.759018
50.789919
49.125805
30.736720
49.739799
51.008095
43.676909
57.672292
44.643884
33.568930
38.671861
40.843963
50.147749
37.811410
29.322917
27.177602
31.677202
41.969600
32.978823
29.288470
32.177935
31.198338
36.255515
49.395577
40.637710
38.984127
39.414187
48.417334
35.611377
39.667803
40.441265
39.910234
27.500000
44.031250
50.445044
37.714286
27.404197
51.896282
40.689313
47.872450
43.097487
53.108492
41.310259
50.148810
37.681818
37.587859
36.822917
28.121362
35.153832
48.482367
40.930466
34.791081
37.000000
50.406096
54.368948
32.628217
54.441847
41.279129
39.808592
59.774510
43.060993
32.367709
29.930612
38.875000
67.566444
35.947917
38.859959
23.193849
57.581401
50.052912
42.993421
44.732143
30.311978
48.822613
54.882335
25.833333
52.075893
35.878323
33.047147
36.961312
38.223739
31.506676
37.390022
33.498814
29.437449
47.327083
47.549996
43.792373
20.861513
30.596144
42.439234
30.381196
33.284969
45.555881
43.095063
36.963101
36.945920
29.316514
46.078125
23.000000
32.891054
40.891021
33.803761
34.490850
35.574837
46.166820
42.903581
55.574905
32.347333
55.766709
35.720316
38.920365
59.094853
38.500000
28.675205
29.241049
38.071421
31.742187
43.127976
43.858572
30.514022
48.636616
27.093291
37.771941
53.030303
53.248023
40.805159
47.865846
31.979167
31.359848
51.863088
49.762987
28.720238
37.991842
49.041136
29.982266
26.474023
39.474964
40.711310
35.892857
34.168082
34.231599
45.480370
47.912186
33.250509
44.685935
36.553410
36.288781
32.413309
31.666667
42.028977
29.025224
36.549457
23.967233
37.869539
39.195277
52.973108
41.710213
33.079200
27.474085
32.218107
31.540513
20.651976
28.595443
24.000000
37.988787
32.869897
38.455905
48.830886
38.083333
36.696424
40.646774
48.728035
53.928571
46.107143
38.083767
30.313099
36.327728
52.006725
23.199405
36.344139
41.556677
25.888854
37.072972
36.866188
36.434524
38.417045
28.668054
42.441343
37.972406
39.739583
39.326923
24.532850
41.715909
33.750000
44.693920
35.104167
52.582273
41.175231
37.559524
51.943452
49.295968
46.229918
27.371682
23.300442
32.395833
29.308036
27.116016
19.767857
44.289773
47.858428
36.934920
42.546396
41.487240
34.047619
46.061192
26.864187
21.039125
21.529184
29.259137
29.427729
39.056848
46.563984
29.062500
36.562500
50.181630
43.333333
27.656250
43.178571
30.000000
65.666112
51.557825
49.644540
49.810193
33.568633
37.932208
40.166588
30.175676
31.532404
39.318182
35.968750
52.071947
35.297316
45.968408
44.571960
34.517857
54.115260
29.483079
46.910884
44.238606
46.741496
35.653298
44.293527
42.961854
36.214658
44.071023
45.096536
41.148931
46.718319
50.666667
65.190864
31.511692
36.359606
38.427667
47.924314
44.642857
43.785050
40.869755
27.465035
41.668713
32.291667
46.027717
36.484753
37.516206
35.315625
60.283482
40.101509
47.442054
28.510135
34.136580
27.040927
36.322039
28.704115
30.005920
13.333333
50.431483
28.318452
30.729167
27.500000
37.684513
37.978896
36.755489
43.810897
33.323260
40.746467
35.612064
43.875000
31.059663
38.581855
62.197271
38.839286
42.487041
49.478011
40.601190
29.309928
50.601388
41.605292
46.257018
47.053571
52.332112
51.006410
39.065476
33.764787
48.572959
50.669643
41.967263
39.927384
23.785665
37.566183
38.681446
36.697820
36.724677
44.966627
42.644945
30.569444
47.038444
41.839977
48.125000
38.888531
40.146126
59.899119
37.919089
42.145778
42.728830
29.037879
29.464522
19.894318
28.066884
25.922028
57.910714
54.019163
50.867015
35.296505
57.320891
35.836121
38.512575
41.353263
43.897567
25.188700
47.282974
37.405312
44.224001
46.752360
27.913899
46.353040
38.396763
36.409109
52.186237
34.688597
35.000000
45.115895
45.664483
35.813963
28.607084
38.541667
40.242228
37.107736
38.958333
47.018707
46.569947
19.472630
46.715812
31.076144
59.196611
41.322651
44.848400
33.673727
34.587026
40.846841
35.622804
32.799305
46.751082
50.339827
40.658577
42.370726
27.046483
48.817940
38.290141
35.416667
38.701734
40.419690
33.514766
54.326643
56.009053
39.365871
46.867131
26.958896
31.254353
22.671013
26.528167
30.376238
43.786053
59.653399
29.346552
55.644558
38.839013
45.624952
35.937500
41.867576
35.754110
33.729903
31.469194
48.120957
36.600191
40.025249
28.202768
38.349436
32.884663
39.095517
29.272961
60.357428
33.397133
48.623106
33.905948
27.291667
40.535841
38.710392
35.220848
34.889530
35.849562
23.457000
30.877574
37.877091
40.866150
26.411785
40.602679
28.177944
48.303571
44.871578
48.196198
31.138495
36.328010
41.027629
49.760385
22.628823
45.826015
45.150890
54.868142
34.981209
26.694379
39.424132
53.671630
33.939853
29.524191
42.673611
35.334097
37.149840
31.733922
30.357143
42.057497
53.820346
42.760100
45.108906
41.917389
41.193766
39.723114
43.131833
34.459635
43.768525
31.566025
33.095144
39.923545
48.861607
30.443886
44.944239
26.390523
32.617582
43.265523
37.864618
35.726098
33.625000
39.351444
28.608715
48.871767
37.102369
39.668823
34.552999
24.546073
40.129532
47.845185
56.522621
30.176482
31.170910
33.339286
50.869175
27.098374
37.464721
45.765361
40.464521
37.100673
39.494522
35.936423
42.379658
28.309317
53.653274
29.206794
36.327940
39.826353
40.162329
34.930852
32.284366
56.295684
36.757091
56.378022
36.952924
32.173980
38.054095
37.923347
30.246440
39.020918
48.199196
50.430978
52.403464
39.260769
30.907738
32.396553
35.476181
33.983823
40.864486
44.817603
60.107610
31.046296
29.345416
30.969495
38.437500
41.407088
51.434524
20.335880
41.863684
36.507313
50.201179
51.958532
35.156355
42.306263
41.066964
41.145718
41.183967
38.406250
46.914290
38.039619
44.481331
38.097662
38.747304
34.970912
43.047614
54.193064
34.297177
22.297825
42.468275
37.261905
47.158230
35.539065
54.425785
50.068182
52.502301
43.672448
36.323304
24.215722
29.695247
35.663911
30.053977
26.477273
23.376210
44.804371
29.060802
39.401339
36.908746
34.459918
31.994048
40.171172
44.187788
47.112543
31.791319
42.297301
36.437500
39.353549
45.538585
40.297393
38.404913
38.714286
39.625000
34.856029
33.007998
29.964250
45.523525
29.373443
38.839286
30.416667
48.282928
42.420573
36.040843
55.988050
37.492778
36.250000
52.175321
45.210320
25.499023
47.633509
34.480187
34.046956
31.574840
42.989583
50.119747
37.504898
29.566865
36.832625
35.092999
33.040466
36.940582
42.871832
36.875000
39.122834
44.939493
19.107319
25.647157
37.881255
38.994101
51.219153
41.230384
38.543980
42.345101
27.314947
19.833333
41.989341
37.094195
58.079257
37.928517
55.593457
37.504225
41.121726
30.500000
40.999065
39.679341
49.475301
14.790737
27.862880
31.543112
40.554559
31.613584
30.762987
18.125000
47.544643
27.526525
35.082317
31.881064
39.417471
44.769726
25.579200
27.767857
27.654142
41.198659
26.695689
35.854330
44.649777
33.398463
36.105955
43.657046
51.299367
41.342974
37.315999
43.798611
43.014196
30.748524
40.416667
29.708333
54.940319
37.448386
42.249990
23.552199
45.769345
39.534367
34.918980
38.787202
28.909725
50.074208
29.713287
14.575623
23.661184
38.607955
38.398257
34.744701
37.504107
21.562500
32.187500
48.316171
44.859144
51.174431
25.663864
36.982525
60.468750
30.472439
47.439630
68.837371
32.068323
54.487859
60.447917
33.666667
43.787568
38.811535
47.301012
35.188914
25.207214
41.126315
42.997198
42.734348
30.242548
24.619818
35.833333
47.027323
42.613756
31.173252
22.560380
19.583333
25.834059
22.410998
30.000000
40.555034
37.340037
31.811161
34.145335
42.561507
25.560312
42.956968
34.256205
51.538680
38.555236
22.015432
44.879550
48.643219
39.942456
31.597234
56.643943
25.665836
41.166667
37.955604
50.255952
44.905960
45.505734
29.434039
26.635782
48.223976
31.127884
47.521003
53.254615
40.025177
46.772237
27.789172
50.815557
38.169643
35.937334
50.970166
47.478082
41.995893
56.069930
37.545480
30.513562
29.721072
42.306548
43.109697
48.781790
39.810912
32.408906
44.537743
27.742228
40.701453
37.423097
45.778837
33.617945
27.305310
46.630975
36.224744
40.250000
32.029123
47.536591
41.366136
35.760852
38.072917
39.369042
38.609978
40.411932
45.919643
40.618024
46.903622
30.833333
57.325091
34.884868
32.146439
28.781677
36.443372
34.858980
39.217479
36.410860
28.618645
31.724076
52.910926
30.178304
32.054273
48.411037
47.786982
29.419643
37.916667
28.419387
26.999468
31.521808
46.973837
42.436174
31.949405
37.779999
35.250000
46.082047
49.373749
37.682594
50.178021
40.352788
34.182618
39.352330
41.776837
34.889360
52.901786
40.161943
24.647654
28.059790
35.953317
46.589838
33.511324
44.375000
62.663696
28.024950
49.274301
54.093532
28.334621
44.924741
36.078629
55.650948
32.453528
45.531250
41.981032
42.175564
35.723390
28.303323
44.124729
27.277788
41.181305
40.102559
24.516026
49.023810
41.565109
48.479281
53.729669
51.362894
37.786352
31.042291
23.266296
35.853176
67.846116
39.476864
45.003229
50.910057
48.279112
33.879426
30.637148
53.726641
42.260858
39.733926
35.823104
24.687500
32.303256
27.425784
35.391255
42.260446
52.075408
32.570716
31.118800
33.919440
18.720296
21.777027
25.630696
44.729488
33.173664
52.077903
54.637081
40.940646
27.276920
25.704502
36.325406
48.400525
57.946282
45.692598
42.942829
48.759303
24.747108
21.848134
42.410714
58.195593
51.294999
39.583333
34.974976
54.921328
28.062500
69.359377
40.681501
36.854536
45.168155
35.001244
34.127459
52.054575
41.868555
28.034856
46.507062
53.138523
47.444510
29.649799
31.453528
47.729037
55.624672
27.110912
37.673297
35.307654
26.594512
50.144155
46.450613
38.109335
34.844838
18.043842
46.423160
32.126731
50.866645
38.769686
46.057018
53.813288
27.373446
20.140430
25.494064
32.427098
31.883287
43.571429
54.010715
33.271111
44.041906
43.167999
30.724345
48.398997
31.677083
33.370225
43.418257
30.838306
59.292749
34.325851
44.206319
51.893571
54.898214
54.243007
24.099738
46.930346
34.523810
48.445857
29.392857
36.433795
35.641358
36.197917
48.378373
52.000458
43.615469
34.707778
34.561516
36.050349
44.587643
37.418745
42.094188
55.204722
42.447748
38.123909
49.915685
52.574028
57.133345
30.321054
45.995701
56.360931
49.376239
44.484587
41.650568
51.153184
37.860835
45.973787
44.219615
41.782418
53.505323
35.231939
50.435153
29.050926
57.471015
55.526318
15.000000
37.600871
37.326511
40.859670
34.583714
43.327100
61.912222
69.302294
31.890416
42.921863
44.323032
41.437564
30.288780
33.411291
29.226190
41.333361
35.584261
41.420106
19.529731
34.350897
47.431818
38.432787
50.742397
35.939827
33.501807
34.839044
53.164329
27.485795
42.319428
44.311548
27.750773
37.496618
40.635233
30.219390
51.512956
49.819857
52.725546
45.320559
36.743446
39.823013
39.744127
36.045933
38.954861
54.498106
34.479167
51.748781
31.011754
40.704116
57.710665
44.812500
43.809312
30.254363
43.958133
40.032559
30.470785
38.905562
54.218997
44.590340
39.351293
42.857143
29.385507
35.750758
30.741126
41.652087
39.016164
38.839332
42.177906
41.648791
46.025198
46.064849
47.108576
27.686401
43.632270
52.875994
37.356109
50.747176
41.964286
49.045455
31.849851
37.506810
50.910831
32.181228
27.013657
51.593027
31.142391
51.594305
62.913129
26.885030
44.175584
39.165646
29.699116
45.307252
42.630345
62.375107
39.862083
41.039263
43.628506
45.587377
24.179850
32.308211
31.036713
44.007670
27.978576
43.974459
27.228913
31.343750
39.255952
44.104770
49.241419
45.767045
50.558105
44.743017
27.476070
36.081820
40.437881
24.766369
31.475927
43.754673
43.274090
31.648866
38.920583
43.801604
32.130117
28.726238
25.427691
34.397214
31.955301
26.875000
37.250000
46.603553
46.472167
35.034718
32.594327
42.206306
32.009923
37.530735
41.910714
55.510200
49.482784
29.821053
31.412096
50.018458
28.750000
26.939163
37.697730
36.182812
39.630952
42.576713
43.685458
31.764915
50.376377
48.850741
50.504866
52.343527
65.297675
42.458064
27.359288
37.611607
37.182487
30.660163
35.783518
31.794424
35.171811
31.720220
37.301024
38.164732
38.479721
74.773669
46.905076
33.726785
44.926177
55.992354
47.100690
37.173077
38.870276
34.075220
45.937500
27.500000
46.319766
40.477273
35.907232
54.668831
28.548195
47.253192
38.785714
25.576657
32.135592
37.578795
35.746995
41.961070
27.356348
31.414797
38.250570
44.307775
34.117025
29.813531
43.504473
44.977594
33.333333
47.932545
44.065434
38.548077
39.983279
74.818358
40.203071
33.750000
53.259701
40.489774
44.482610
23.547276
30.191657
38.861235
40.880223
32.913692
49.438548
34.440476
54.851030
31.025986
33.839286
28.886969
34.036294
46.986631
31.655844
49.469179
36.160714
33.791377
31.692356
47.857143
35.374028
34.000000
43.684792
33.468555
45.375578
43.983516
47.474435
12.964703
41.790254
50.208333
38.578673
33.430983
33.886905
33.265870
47.445041
52.153128
39.495320
42.646015
41.654938
32.023810
37.046128
46.966520
42.642857
42.243852
34.860736
44.120353
27.229167
47.339888
36.434524
44.948157
39.402504
51.788919
40.898812
45.844028
29.527020
41.815476
33.980797
53.964132
48.130585
18.937681
34.675704
50.328713
44.513135
40.955282
38.693148
40.337894
42.828464
23.763424
40.103799
22.061868
46.644314
51.122310
41.797939
45.355675
47.301663
45.791941
36.114896
39.827590
33.056769
35.897158
25.476190
43.638384
54.275447
40.178571
20.281442
27.767857
32.369420
52.269792
16.141466
48.341560
40.104167
40.293859
55.949009
43.779551
43.531073
24.815333
25.248436
55.146420
30.337366
29.940476
35.579935
36.583333
49.306837
51.942606
44.961803
19.753510
47.673952
35.934212
33.258784
39.233861
39.312293
53.314512
34.506156
41.791667
39.883679
31.708896
23.608836
30.757115
41.255952
41.979643
32.601490
18.005316
39.607396
32.666667
42.368354
56.595721
45.557692
52.922168
41.658026
25.554159
41.610146
34.379521
42.427187
52.705933
33.494190
40.292302
33.479175
43.644536
48.071791
45.384500
34.435392
42.839962
31.328201
33.157095
29.723214
27.057007
41.934059
44.165549
34.410528
35.886080
34.913540
33.339644
30.331548
28.079900
50.669014
47.400241
29.366392
39.395919
39.641087
29.361010
52.712896
24.884428
49.901444
46.081447
42.778032
23.329631
18.618943
44.705333
31.815073
35.582767
40.215239
38.891865
36.750000
34.862523
24.591667
42.992868
38.303891
44.331634
23.553168
15.492733
43.015607
34.100419
37.691051
36.458599
37.040381
40.108202
38.583333
37.297619
35.937500
35.230536
53.635971
40.374181
36.476451
41.735469
43.932037
36.291667
39.948916
51.496753
56.617119
38.991580
48.000785
43.193310
46.118970
35.587881
39.951770
36.878606
31.513209
44.198233
36.627364
31.543902
43.535877
29.062500
32.260891
41.542840
48.356999
50.362540
39.156593
51.501551
53.292377
21.501593
40.209308
51.954545
63.805814
38.391373
52.897352
53.850415
35.750435
52.048918
38.125000
32.753839
36.973727
31.250000
37.388966
35.107971
28.009116
45.618975
34.687500
32.140227
32.125553
31.897635
52.967592
27.691213
46.428097
33.596424
29.620536
37.004047
46.343508
44.691038
44.020900
37.884796
42.594807
30.178571
37.868988
57.037141
30.825890
28.810106
41.476066
44.318182
41.321483
30.448518
30.748385
26.280647
34.379264
43.975309
43.425671
49.540932
42.551902
27.865541
29.707605
52.770839
31.819750
38.073679
40.116962
37.253856
43.277056
52.685496
41.424107
44.894075
43.304394
40.751082
29.798065
36.127211
46.377556
57.997383
27.860754
55.666667
44.748772
29.719963
36.351241
52.495092
38.712574
42.891916
50.906568
48.977055
58.745740
32.642429
38.273810
28.648843
37.284312
45.122711
41.091034
40.856406
25.641640
45.996025
37.919481
50.678421
47.485894
46.066528
38.034723
43.541667
45.446555
53.239583
40.190476
57.677083
45.134006
44.286714
32.924993
53.509790
48.879554
30.046522
37.637366
42.744997
38.111111
48.793074
37.558764
34.152987
32.351190
39.119048
38.516669
33.718273
22.607752
28.511905
35.720513
37.755610
36.658550
53.413590
43.151786
43.246776
30.745027
30.880952
43.391173
29.479167
33.248106
51.149326
32.354512
34.280107
35.650980
35.669375
39.362809
36.656039
40.233360
28.884615
55.273008
29.816402
41.666667
45.009451
44.119199
40.918705
44.384902
32.400012
34.272277
37.518291
46.156582
35.307823
33.522174
35.714286
35.436756
51.410623
37.250751
44.416862
46.389342
53.414773
32.812500
27.894934
20.250000
43.303334
41.907152
22.345750
58.932184
46.956416
38.750000
62.865275
38.749465
33.846261
37.439880
59.190754
41.506379
30.615281
37.769231
58.689055
35.059524
41.658476
36.715135
28.616579
32.164980
38.143275
45.807135
47.138491
37.278386
29.344359
29.880952
49.279651
32.566519
29.877642
46.609848
34.085498
44.211039
29.958333
27.525845
40.023873
35.280559
32.330133
27.281172
36.502725
33.918122
52.291819
28.822143
46.411133
46.793903
40.593823
25.685639
20.294052
35.376070
41.182870
27.624340
33.563295
35.322651
33.043558
41.480099
46.769832
43.646457
28.082452
45.405364
42.780033
32.668502
35.120638
24.661870
46.872856
22.900600
45.145740
36.612274
34.419643
35.962843
52.044846
32.975536
34.791099
40.066171
26.246079
37.967883
44.671548
30.054652
38.631138
34.190477
33.406793
38.932630
43.883650
31.645833
37.992359
43.077381
37.833560
48.824279
32.709659
43.772614
39.918163
55.144438
26.291523
41.035272
32.487588
41.273117
23.113532
30.312474
24.896198
38.971797
33.421509
38.857143
35.937500
39.388393
34.218750
31.803571
34.656622
46.673035
24.807216
39.506782
51.600974
37.310958
35.348531
37.017045
39.893365
29.358609
32.045516
44.817157
47.793100
41.731958
59.385073
31.082111
44.295561
38.121147
42.694129
23.096474
39.340488
28.378046
23.130233
38.169643
29.612689
44.815476
36.367176
30.862330
41.201844
40.499912
28.793827
41.291117
53.336638
45.168938
51.741082
39.054597
49.676796
43.818938
27.267983
28.193087
21.828341
26.045011
27.957211
41.633255
18.750000
38.630952
41.273332
43.096154
51.592312
40.767961
45.249017
48.209324
36.220934
43.397289
33.871228
37.095702
41.945236
51.859085
25.956439
42.191741
47.338024
30.480626
21.189108
44.423332
43.505597
45.912036
35.925450
52.039771
36.747731
39.609307
39.081868
18.390086
27.647020
27.603934
58.739640
28.313431
44.735719
29.069616
38.094174
52.394616
37.994459
26.553871
35.937500
34.791667
36.354167
38.376389
49.172473
27.662324
30.132451
46.553932
40.786951
46.285280
35.592303
21.291781
41.232220
49.011159
38.874489
43.560720
28.977537
43.248324
24.968750
41.227582
36.130952
18.880995
16.614970
27.809160
47.367650
46.999624
40.028906
36.470567
46.268806
35.945844
22.500000
34.966070
32.842063
43.272921
36.197085
41.376868
43.476591
32.708333
45.003472
35.048005
42.717527
43.640063
36.211791
19.937500
31.670065
49.335729
31.497777
50.267557
56.210776
44.609557
32.919762
23.947529
47.875909
52.656600
33.233811
29.556935
33.333333
34.104097
48.548329
40.972939
44.781312
39.671876
46.935495
51.477273
30.416667
37.482586
41.407216
39.034704
36.620890
29.355418
36.309077
39.473620
40.657624
33.342812
35.930736
45.908135
43.281250
27.120265
49.683442
41.708333
45.976085
34.313393
43.771470
44.800304
37.990153
44.796524
44.005255
29.392857
44.773384
39.360119
51.848809
36.122498
37.092318
50.237732
40.225857
29.166667
48.274367
36.670713
36.444566
39.388708
35.765176
38.134280
33.731434
44.769444
30.000000
31.555865
27.020833
50.390625
39.914773
35.145833
33.361116
31.287487
48.438856
56.220263
32.500000
35.296909
33.607693
36.248900
29.166667
37.068452
42.187500
50.000000
55.715278
38.545546
48.638271
48.623764
35.203598
56.740780
46.138435
43.026617
34.220760
41.481272
38.086540
42.019524
34.132878
48.136828
30.273704
34.797619
43.308841
27.394878
33.865156
54.366727
27.901261
46.240450
62.254679
55.296174
39.656630
38.723550
33.403229
37.106541
37.789960
49.089264
30.813802
51.492270
47.395833
42.340301
45.714851
37.808206
43.536890
46.608958
34.658645
56.182380
57.073511
30.304952
47.070822
36.588524
26.037181
32.648810
45.425781
47.414773
35.833333
49.831439
44.315476
43.827661
35.723454
34.123241
38.587154
53.480271
45.051331
34.750909
30.101085
26.640975
35.495415
31.214231
24.684497
37.361611
43.292552
37.799525
47.782738
41.324405
45.681779
40.941894
28.645833
35.662781
26.280548
45.311260
34.583333
37.873458
36.662746
50.685696
32.608306
37.148709
39.638026
40.129639
25.277098
54.136905
54.323909
43.607585
47.409115
40.215606
34.566036
46.401642
41.362792
42.395199
38.451936
39.478527
27.820263
26.521351
34.375000
56.598749
36.630802
31.572144
42.887726
38.184524
33.791803
23.000000
38.882325
32.187484
36.287357
44.169372
34.550843
35.480458
40.015028
32.462605
51.498507
42.466946
50.380307
48.395623
31.263824
39.329545
36.242902
37.512403
37.289870
43.777473
48.249928
49.412202
65.144611
46.360493
45.411267
31.434524
41.667814
19.697527
23.857403
23.080357
54.415497
54.874336
46.742216
47.385153
47.490186
56.732902
49.094151
40.411881
37.523766
30.672276
31.878788
60.509002
54.166667
35.237678
35.321413
48.578640
35.510596
40.714646
41.440537
30.883899
52.839320
26.896871
53.468785
28.168831
33.633930
42.792744
45.603439
44.812085
31.053923
28.457922
43.782468
42.752976
48.938181
42.408795
28.545404
46.798601
35.434524
54.576683
33.393554
62.258707
41.511265
53.665473
41.401636
31.215336
25.513158
38.581224
40.166667
36.119799
44.213842
52.917227
38.049597
25.376768
46.818246
47.017021
44.791667
37.500000
36.584416
33.024860
31.505857
40.891150
32.952814
42.666278
39.634719
37.842087
42.932292
37.411446
38.738300
37.246597
31.091790
39.959207
43.311281
39.083333
33.392857
34.461009
21.432617
55.702534
43.495884
52.426696
24.872380
27.119295
38.120642
46.260717
17.155816
28.218740
58.552349
26.835362
29.327553
38.278041
41.009466
28.689712
30.865912
36.770833
28.630952
49.312675
30.392739
24.758350
44.534972
41.115097
50.585021
39.179852
60.229360
47.812984
39.432347
32.411798
34.048573
27.767786
49.760234
40.660714
44.197116
34.191556
36.933708
62.063911
35.076458
35.581222
23.250593
53.164341
62.202413
32.379622
39.243026
37.769799
41.713452
57.149638
29.482999
31.554324
34.686894
41.703125
32.868585
38.599607
40.692632
56.876129
44.697666
41.999626
29.371399
47.091708
42.064013
34.880407
35.858968
53.132815
37.911119
24.919820
32.421203
29.626629
34.320894
38.960881
38.570458
35.211146
35.612995
41.705490
36.785671
37.342399
41.503526
69.832071
44.712327
33.829051
42.974080
54.093463
41.834378
35.114171
37.175578
40.942871
33.283907
28.282723
51.772198
34.393939
46.892588
37.681291
36.273171
38.314616
30.625000
41.045145
20.950803
32.477657
48.273555
33.934764
38.141847
31.213667
40.306637
24.028558
34.392659
46.855424
45.591023
28.542691
56.306849
46.549175
36.204293
38.682627
50.123478
47.467986
52.684384
34.728624
47.415373
49.138990
50.285812
48.888731
51.076766
42.198528
38.750522
38.764771
26.156319
55.164535
41.076164
19.834090
39.816410
34.695168
49.197077
27.272537
45.913795
37.181637
41.963533
38.659018
21.034706
30.833333
34.418549
40.346143
36.812495
41.690476
33.690476
42.689770
60.383540
30.208318
35.638719
51.004861
36.631436
28.821113
37.402539
29.531250
25.255617
51.082251
29.320466
31.689665
30.457154
32.905792
44.408974
49.004655
45.823750
36.199000
46.551515
24.364144
18.299556
34.336028
38.950094
45.203316
36.583661
45.376840
28.495721
29.251392
37.992101
36.915820
55.232143
39.665179
20.000000
58.242730
39.090588
70.706255
55.950165
24.707819
36.628460
37.886905
37.812500
50.359848
35.406319
49.955305
46.803069
47.306193
23.879776
42.979153
40.633855
37.321617
35.179110
36.996879
51.797296
39.289417
43.700420
40.828979
46.381767
52.392484
45.151793
33.559843
34.223108
38.012362
36.553349
37.198185
37.297735
57.361209
30.167237
37.180413
54.079380
36.827381
43.991500
24.677380
45.000346
44.238461
34.764090
36.317316
33.962277
25.224832
34.083173
43.626560
44.101535
32.366695
30.312951
47.403630
32.489583
26.666667
37.377670
36.293002
50.924188
30.191926
39.245463
52.477273
41.008291
30.392857
35.255114
31.093750
34.391374
37.488514
54.845238
60.385894
29.038224
41.641089
42.245986
32.462619
40.508310
37.069605
35.312500
30.312500
27.812500
36.979167
15.834315
37.741548
49.084282
42.727273
42.662440
51.875000
42.439774
29.788514
31.432043
61.417453
49.265086
53.822096
26.500000
30.000000
48.250000
42.666667
49.729167
33.787386
28.350912
31.789545
35.236514
31.666667
32.537541
50.436381
73.175420
33.365549
21.913972
36.664030
40.644587
46.568321
45.789068
51.720373
25.270434
26.228171
39.788856
41.250000
56.014963
39.166667
44.988782
40.762210
40.304552
45.123358
39.040281
50.000000
32.407239
26.621716
38.336209
48.057179
33.384295
20.943079
45.061573
50.266691
31.901224
37.300382
48.324981
40.250457
52.895833
40.142668
40.583333
31.610836
36.059910
41.601779
46.995096
50.312500
40.216358
33.919056
44.791667
55.083333
36.615746
56.564104
19.335169
37.320535
36.160714
22.767857
28.571429
35.000000
33.297864
34.992028
34.500000
36.500000
33.696193
10.500000
18.713601
29.400350
22.466307
25.660551
29.301609
16.266068
41.106061
20.742620
34.824178
25.540698
27.140571
30.607143
37.732143
17.466595
40.256176
35.270833
42.143036
20.186494
28.660153
38.125000
28.958333
