628
   0	    8	 37026.199449
   1	    4	 17217.264833
   1	   22	 13529.230991
   2	    4	 98827.871004
   2	    9	 4675.638711
   2	   10	 5843.726571
   3	    6	 6869.486190
   3	    7	 9641.382014
   3	   18	 11407.574933
   3	   26	 3140.957478
   3	   34	 17000.774040
   4	   10	 26119.006324
   4	   21	 3617.803747
   4	   22	 12720.773626
   5	    6	 43943.808250
   5	   11	 10081.013556
   5	   12	 43061.239071
   6	   12	 9202.837084
   6	   18	 21558.276275
   6	   29	 420.313048
   7	   19	 13715.208926
   7	   26	 28157.273894
   7	   35	 6377.445545
   8	   11	 24022.844151
   8	   13	 38577.064008
   8	   14	 531.161613
   9	   10	 22806.977895
   9	   15	 24306.566885
   9	   16	 19940.028048
  10	   16	 5840.419660
  10	   20	 8796.634593
  10	   21	 26347.471181
  11	   12	 4861.139988
  11	   14	 113815.013937
  11	   24	 17999.335052
  11	   28	 16003.293700
  12	   24	 44268.898140
  12	   29	 23852.912629
  12	   37	 7744.131985
  13	   14	 39476.991780
  13	   17	 35335.727793
  13	   25	 10188.101611
  14	   17	 40905.979050
  14	   28	 3085.707183
  15	   16	 4028.810528
  15	   19	 12976.370524
  15	   23	 86673.796182
  15	   36	 148.938958
  16	   20	 29780.456076
  16	   27	 24415.039320
  16	   36	 129.855072
  17	   25	 84379.997345
  17	   28	 10552.139029
  18	   29	 79271.425235
  18	   34	 12946.602859
  18	   43	 10624.818484
  19	   23	 4151.992879
  19	   32	 61625.331225
  19	   35	 23250.862809
  20	   21	 51237.227282
  20	   27	 20870.380434
  21	   22	 17758.397827
  21	   27	 6037.715055
  21	   39	 18130.007002
  22	   39	 6906.900125
  22	   54	 10868.887841
  23	   32	 18029.656931
  23	   36	 45332.819119
  24	   28	 35295.011227
  24	   37	 21283.189834
  24	   38	 19343.617526
  25	   28	 2112.127921
  25	   30	 33608.519343
  25	   33	 44343.333946
  26	   34	 23421.881562
  26	   35	 32473.355395
  26	   50	 13798.360307
  27	   36	 17573.907235
  27	   39	 21779.352234
  28	   30	 41375.058960
  28	   31	 27877.382312
  28	   38	 10476.290273
  28	   42	 2125.988447
  29	   37	 25762.367849
  29	   41	 4082.710667
  29	   43	 14559.867639
  29	   52	 2741.772437
  30	   31	 169168.077343
  30	   33	 8562.498506
  31	   33	 44596.540016
  31	   40	 3222.346957
  31	   42	 13129.096703
  31	   48	 1277.429450
  32	   35	 7425.808298
  32	   36	 7250.209716
  32	   44	 28119.839348
  32	   45	 2458.823611
  33	   40	 53424.577058
  34	   43	 37870.611301
  34	   50	 8616.251720
  34	   69	 1594.137782
  35	   44	 10686.285783
  35	   47	 5562.990371
  35	   50	 13843.284444
  36	   39	 6784.551151
  36	   45	 30153.545722
  37	   38	 75421.433340
  37	   41	 26887.434412
  38	   41	 28492.427053
  38	   42	 29830.533384
  39	   45	 4725.590114
  39	   49	 181.355394
  39	   53	 5165.149443
  39	   54	 6941.641511
  39	   55	 6366.402720
  39	   56	 5431.820122
  39	   57	 19649.522924
  40	   46	 56165.891375
  40	   48	 18535.238956
  41	   42	 48406.495640
  41	   52	 34609.451986
  42	   48	 37013.159544
  42	   52	 13888.537132
  42	   63	 1136.046144
  43	   52	 1707.561402
  43	   66	 4969.130996
  43	   68	 15910.582918
  43	   69	 22977.290825
  44	   45	 13522.608531
  44	   47	 270145.298845
  44	   61	 929.246952
  45	   49	 91066.974693
  45	   61	 4775.430841
  46	   48	 21820.050990
  46	   51	 21317.662051
  46	   59	 12728.005320
  47	   50	 5383.626948
  47	   61	 15169.408155
  47	   71	 13430.830358
  47	   83	 2931.313371
  48	   51	 65934.958656
  48	   63	 7937.794030
  49	   53	 16837.064719
  49	   58	 10033.884019
  49	   60	 15472.089903
  49	   61	 13015.459532
  50	   69	 12554.181859
  50	   71	 29921.038565
  50	   85	 7542.760980
  51	   59	 32637.976980
  51	   63	 19033.006966
  52	   63	 5210.630199
  52	   66	 31305.560360
  52	   70	 33956.378744
  53	   55	 31615.099116
  53	   58	 59104.385809
  53	   62	 20522.125626
  54	   57	 7244.349434
  54	   65	 8184.362125
  54	   79	 22711.066239
  55	   56	 51219.273904
  55	   62	 46183.340290
  56	   57	 55862.579373
  56	   62	 3407.366977
  56	   64	 13037.982756
  57	   64	 10342.957333
  57	   65	 26903.458174
  58	   60	 49982.247033
  58	   62	 15639.822518
  59	   63	 17166.344369
  59	   72	 30575.392171
  59	   74	 3693.102080
  60	   61	 30559.050518
  60	   62	 405.636129
  60	   86	 8539.600977
  61	   83	 12525.615000
  61	   86	 5980.962114
  61	   87	 2971.293092
  62	   64	 19221.153356
  62	   86	 6558.157250
  62	   88	 5940.302987
  63	   70	 5762.101689
  63	   72	 12165.382014
  63	   73	 14295.263805
  63	   77	 8756.423347
  63	   80	 4835.696082
  64	   65	 46593.486488
  64	   88	 10964.442473
  65	   79	 11296.420092
  65	   88	 11517.072004
  66	   67	 93261.193110
  66	   68	 25047.998800
  66	   70	 1827.150788
  66	   75	 3341.181837
  67	   68	 18590.766858
  67	   75	 48319.564255
  67	   78	 351.129667
  68	   69	 3341.808781
  68	   76	 21614.055890
  68	   78	 21395.696724
  69	   76	 14019.786876
  69	   81	 28247.674823
  69	   85	 6260.208648
  69	   93	 6253.477492
  70	   73	 115502.363686
  70	   75	 17593.001509
  71	   82	 25671.740423
  71	   83	 3592.489467
  71	   84	 15012.082129
  71	   85	 3238.696571
  72	   74	 20677.686223
  72	   77	 49759.725537
  73	   75	 361.392720
  73	   80	 58045.037000
  74	   77	 20476.639756
  74	  112	 1662.765106
  75	   78	 7828.908963
  75	   80	 11185.231176
  75	   96	 12054.624687
  75	  114	 367.154318
  76	   78	 50237.847137
  76	   81	 19029.985436
  76	   90	 141.706371
  77	   80	 4060.088802
  77	   95	 15403.176910
  77	  112	 1821.829247
  78	   90	 2089.450180
  78	   96	 14031.855197
  79	   88	 735.177680
  79	  100	 29434.881182
  80	   95	 29876.766873
  80	  114	 1967.894811
  81	   90	 17726.112892
  81	   91	 17947.845256
  81	   93	 4746.270477
  82	   84	 2071.211316
  82	   85	 20068.669299
  82	   89	 32649.510149
  82	   98	 9908.346446
  83	   84	 11779.732357
  83	   87	 9405.532344
  83	   92	 17789.609818
  83	  101	 10356.416647
  84	   89	 7898.903815
  84	   92	 14612.284870
  84	   94	 16122.497012
  85	   93	 19825.201573
  85	   97	 27986.656114
  85	   98	 2674.160387
  86	   87	 58242.590182
  86	   88	 11113.199314
  86	  102	 12345.072505
  87	  101	 2894.472686
  87	  102	 11883.547163
  87	  107	 7884.905421
  88	  100	 16988.647731
  88	  102	 9323.975669
  88	  104	 13540.079948
  88	  108	 9174.975974
  89	   94	 22802.375073
  89	   98	 2363.442994
  89	  103	 7875.713000
  90	   91	 37065.848921
  90	   96	 11265.780666
  90	  105	 10976.610170
  91	   93	 17881.819542
  91	  105	 8912.431596
  92	   94	 11274.836717
  92	  101	 14988.207418
  92	  110	 77.328561
  93	   97	 10107.140717
  93	   99	 4650.294724
  93	  105	 6393.112110
  93	  124	 66.188486
  93	  125	 1705.959748
  94	  103	 1402.977248
  94	  110	 6839.519612
  95	  112	 18054.897766
  95	  114	 4399.173961
  95	  118	 11505.760048
  96	  105	 8062.050265
  96	  109	 22220.831066
  96	  114	 2924.684032
  97	   98	 8836.401210
  97	   99	 30491.035393
  98	   99	 17771.166196
  98	  103	 41398.721185
  99	  103	 3317.954877
  99	  117	 6549.670238
  99	  125	 835.429231
  99	  128	 1884.250080
 100	  104	 70349.435148
 100	  116	 20664.621923
 101	  107	 11724.555959
 101	  110	 10929.037703
 101	  126	 4270.679952
 102	  106	 35818.681224
 102	  107	 4956.828631
 102	  108	 8426.319347
 102	  111	 3448.907105
 103	  110	 12321.546669
 103	  117	 4929.715602
 104	  108	 14615.095195
 104	  116	 13041.110225
 104	  120	 8547.609783
 105	  109	 2165.648258
 105	  115	 27646.645534
 105	  124	 89.532751
 106	  107	 27855.621813
 106	  111	 18934.949841
 107	  111	 5402.727317
 107	  126	 8395.953999
 108	  111	 6267.589356
 108	  113	 30917.139282
 108	  120	 10662.628936
 109	  114	 34433.813616
 109	  115	 3273.123586
 109	  119	 14390.982292
 110	  117	 12979.062906
 110	  126	 134.472837
 110	  132	 1024.715094
 110	  136	 4557.130796
 111	  113	 22058.622852
 111	  126	 4377.119182
 111	  135	 360.455834
 112	  118	 8832.519154
 112	  123	 18000.144692
 113	  120	 1068.185670
 113	  121	 14380.895181
 113	  135	 1986.750048
 114	  118	 22505.105208
 114	  119	 1565.074904
 114	  122	 13035.354051
 114	  140	 1887.332507
 115	  119	 20494.435563
 115	  124	 14017.680340
 115	  130	 2745.334599
 116	  120	 14719.010989
 116	  127	 35941.375763
 117	  128	 10089.702541
 117	  132	 8582.808081
 117	  133	 4073.288353
 118	  123	 6957.165860
 118	  138	 7845.797263
 118	  140	 11432.899496
 119	  122	 80933.702832
 119	  130	 3177.526461
 120	  121	 68948.982962
 120	  127	 5855.643380
 120	  129	 189.948761
 120	  131	 6849.679246
 121	  131	 10210.930461
 121	  135	 14085.038222
 121	  142	 2205.871918
 122	  130	 23637.797739
 122	  140	 7489.905443
 122	  159	 1963.930198
 123	  138	 11941.550272
 123	  139	 11206.849457
 124	  125	 93687.334149
 124	  130	 24054.743116
 125	  128	 31226.367735
 125	  130	 1117.712317
 125	  162	 9183.272699
 126	  135	 14050.446620
 126	  136	 10184.124179
 126	  150	 12618.945932
 127	  129	 92490.489507
 127	  137	 24244.475478
 128	  133	 8502.254238
 128	  134	 12180.434769
 128	  145	 8881.154157
 128	  162	 284.152553
 129	  131	 159202.383009
 129	  137	 12782.513587
 130	  159	 17503.798462
 130	  162	 6799.838470
 131	  137	 12077.813325
 131	  142	 14641.125763
 131	  165	 5728.814807
 132	  133	 7539.319081
 132	  136	 9167.889992
 132	  141	 6538.682107
 132	  148	 5702.696869
 132	  151	 1406.808234
 133	  134	 77884.429648
 133	  141	 6424.222562
 134	  141	 10472.031777
 134	  145	 14740.116007
 135	  142	 21771.087811
 135	  147	 17705.941804
 135	  150	 689.367315
 136	  146	 14011.007065
 136	  148	 1732.900560
 136	  150	 2849.224232
 136	  154	 3457.042342
 137	  165	 38413.624649
 138	  139	 10136.951426
 138	  140	 3101.201293
 138	  143	 55801.135117
 138	  144	 2501.622130
 139	  143	 6461.353467
 139	  170	 6189.228126
 140	  144	 24020.680780
 140	  149	 10591.099749
 140	  159	 8552.872021
 141	  145	 12837.910996
 141	  151	 11669.250496
 141	  160	 7841.222960
 142	  147	 14930.621151
 142	  153	 10966.011660
 142	  165	 5562.335806
 142	  166	 16861.920311
 143	  144	 3197.270269
 143	  152	 4215.792280
 143	  168	 10147.621213
 143	  170	 6254.811730
 144	  149	 25751.502435
 144	  152	 9987.995712
 145	  160	 12625.428855
 145	  162	 17928.024010
 145	  169	 9435.694878
 146	  148	 7821.322207
 146	  154	 9470.863865
 146	  161	 9470.825726
 147	  150	 1383.138886
 147	  153	 51393.793613
 147	  158	 15731.256585
 148	  151	 7329.552891
 148	  156	 20648.238228
 148	  161	 1239.985034
 149	  152	 21007.102789
 149	  159	 9358.203455
 150	  154	 1635.139303
 150	  157	 14048.418889
 150	  158	 17009.987008
 150	  167	 17822.483519
 150	  172	 2189.605025
 151	  155	 37734.896011
 151	  156	 3149.552668
 151	  160	 6998.331168
 152	  159	 4667.435260
 152	  168	 20429.247416
 153	  158	 12470.264405
 153	  164	 15737.641012
 153	  166	 24678.989303
 154	  157	 27205.682159
 154	  161	 6147.839720
 154	  163	 3048.613746
 155	  156	 19259.148521
 155	  160	 25034.121341
 155	  174	 467.329330
 155	  180	 2731.362486
 156	  161	 5068.384921
 156	  163	 11276.427470
 156	  180	 4156.926849
 157	  163	 11103.833726
 157	  172	 12970.937965
 158	  164	 93067.749874
 158	  167	 749.940305
 159	  162	 3971.091312
 159	  168	 2098.711201
 159	  175	 20798.080193
 159	  190	 1287.854196
 159	  192	 973.322510
 160	  169	 16273.936768
 160	  174	 6522.539878
 161	  163	 42803.842981
 162	  169	 20660.671280
 162	  175	 10660.997028
 162	  176	 6354.941450
 163	  172	 10463.744572
 163	  180	 790.143890
 163	  181	 2444.805532
 164	  166	 5186.496952
 164	  167	 49889.504886
 164	  173	 3977.150817
 165	  166	 9947.840007
 165	  171	 76065.933876
 166	  171	 9543.067079
 166	  173	 47727.733606
 166	  178	 2280.597264
 167	  172	 21807.173512
 167	  173	 6133.219995
 167	  177	 17780.739734
 168	  170	 16313.100217
 168	  190	 15369.928992
 169	  174	 31020.761327
 169	  176	 9236.828650
 170	  190	 3917.577021
 170	  205	 5745.543563
 171	  178	 16519.161882
 171	  182	 28169.927670
 171	  201	 8218.316723
 172	  177	 3645.762782
 172	  181	 6681.339913
 172	  187	 11492.567568
 172	  189	 9047.152324
 173	  177	 48831.577048
 173	  178	 36238.302528
 174	  176	 5504.053173
 174	  179	 41148.912441
 174	  180	 9934.683974
 175	  176	 15053.426060
 175	  186	 30086.725287
 175	  188	 563.572401
 175	  192	 2692.729069
 176	  179	 5002.301149
 176	  185	 20005.880550
 176	  188	 5485.163244
 177	  178	 5938.835388
 177	  183	 8027.801521
 177	  189	 9248.551352
 177	  191	 7413.727186
 177	  197	 9837.132255
 177	  203	 9870.453971
 178	  182	 34456.368207
 178	  183	 36655.635156
 179	  180	 4752.951540
 179	  184	 10383.824705
 179	  185	 8794.299557
 179	  193	 1797.574439
 179	  196	 222.748789
 180	  181	 26478.509554
 180	  184	 11656.723353
 181	  184	 13059.459904
 181	  187	 11763.181529
 182	  183	 53221.462357
 182	  191	 13070.695727
 182	  201	 19876.238503
 183	  191	 53017.514231
 184	  187	 1041.948611
 184	  196	 13731.806728
 184	  200	 2471.501849
 185	  188	 14764.423274
 185	  193	 8615.385531
 186	  188	 6518.894814
 186	  192	 17212.805744
 186	  194	 21276.311897
 187	  189	 41639.881072
 187	  200	 7621.970424
 187	  202	 10007.309735
 188	  193	 11624.121946
 188	  194	 2178.782387
 188	  199	 3943.856175
 188	  211	 540.402112
 189	  195	 71316.003571
 189	  197	 5516.169509
 189	  202	 3.930368
 190	  192	 3031.620741
 190	  198	 14225.647657
 190	  205	 18979.888395
 190	  210	 9460.175356
 191	  201	 18691.415771
 191	  203	 21242.926998
 191	  206	 40708.859950
 192	  194	 11867.066346
 192	  198	 45314.963984
 192	  199	 3857.548557
 193	  196	 2833.992013
 193	  211	 2594.296142
 193	  212	 8077.192166
 194	  199	 41546.848282
 195	  197	 49045.710750
 195	  202	 445.469809
 195	  204	 23396.403108
 196	  200	 20577.398462
 196	  207	 8735.454075
 196	  212	 2063.161275
 197	  203	 36039.021652
 197	  204	 27929.412691
 198	  199	 2481.773564
 198	  210	 19661.119349
 198	  211	 1457.956487
 199	  211	 12788.639396
 200	  202	 52470.287789
 200	  207	 2181.745787
 200	  208	 235.565077
 201	  206	 13322.309604
 201	  209	 70390.988196
 202	  204	 5634.583194
 202	  208	 15210.461959
 202	  214	 93.969456
 202	  215	 9417.780948
 203	  204	 2108.511868
 203	  206	 28078.201248
 203	  213	 11099.432873
 203	  216	 11283.520112
 203	  218	 5702.899259
 203	  226	 4995.640332
 204	  213	 27625.163075
 204	  214	 22157.548802
 205	  210	 1299.518850
 205	  217	 14334.475041
 205	  219	 13664.050428
 206	  209	 45302.070623
 206	  226	 32332.802899
 207	  208	 41875.881047
 207	  212	 7022.564781
 207	  220	 2298.490373
 207	  222	 2259.222144
 208	  215	 8260.084776
 208	  220	 10136.826564
 209	  227	 46857.396373
 210	  211	 3569.111715
 210	  217	 18075.778023
 211	  212	 3121.299228
 211	  223	 13568.363344
 212	  222	 14494.591910
 212	  223	 3306.696004
 213	  214	 22689.239309
 213	  216	 46236.083440
 213	  221	 12711.413731
 214	  215	 28556.881788
 214	  221	 16365.030383
 214	  225	 6744.567562
 215	  220	 15593.024945
 215	  225	 15649.610568
 216	  218	 80828.883146
 216	  221	 18695.426564
 217	  219	 9891.758666
 218	  221	 4969.071277
 218	  226	 42774.572324
 219	  224	 18232.319620
 220	  222	 5363.523103
 220	  225	 3413.228904
 221	  225	 10700.127227
 222	  223	 4981.158922
