328.181818
833.111111
541.066276
3597.822096
1570.907422
1476.776786
1819.654375
3929.334633
1068.936700
1994.215873
1005.642911
1618.473292
1583.402310
641.693182
199.022568
2698.998982
440.065076
212.940625
2596.160490
3525.681446
192.725609
1582.199686
3127.446079
958.726467
1105.433188
320.546875
3575.505845
853.517737
608.293915
2103.488968
75.000000
390.139809
1634.784374
635.294732
4340.963601
2835.115468
1629.171636
1006.836212
479.667913
3123.338013
888.994391
974.311249
1138.735991
3684.637302
1364.733679
1485.015816
580.904047
2206.759139
869.201248
626.863467
4578.020925
408.394280
2008.810232
576.527979
2681.635530
418.650774
306.975740
1121.001248
365.095694
718.097482
693.406658
2096.249547
887.689607
1255.722787
514.709567
1508.016303
1135.714945
281.636363
1271.299233
3400.583123
867.936544
2529.354713
388.089353
538.601883
528.698106
1633.776225
732.018133
1259.398321
700.126833
2363.969279
1680.373464
953.045390
962.315082
2126.547238
785.590400
1941.103126
1293.918242
1146.958947
2272.784222
472.751415
618.365169
672.625561
554.459479
2257.414080
556.281199
2924.265624
1924.514876
512.724497
431.581105
1205.917598
2127.551881
2418.632241
823.056465
789.699429
1033.860273
1447.855408
290.089286
1733.396925
944.754431
1112.777480
2239.024057
858.000045
2419.634260
676.564504
2504.721392
1482.829665
2504.039064
2160.701885
3453.683481
696.276512
966.519269
1214.491565
1595.445011
1706.964101
1177.257491
1649.039491
3263.378565
1126.274077
1882.245381
229.105756
2344.095086
1236.474607
1488.730157
565.781103
318.411835
1611.138382
2298.595219
2028.926364
1450.787015
1125.045650
2109.169054
518.303571
1407.480913
1332.780306
425.500352
1115.382045
448.587053
495.732879
523.129895
536.019536
1639.825552
326.232888
1223.623173
426.076637
337.800330
480.486477
728.326465
705.938177
424.629792
4353.202585
823.515107
176.858941
2894.136085
795.322624
436.201944
2364.622222
1444.947387
1438.815365
3374.537515
1279.255046
3543.469975
2838.114631
2523.238607
1099.124058
1050.556171
3182.000922
1609.707505
2432.374374
895.203900
1146.262969
963.072996
1096.828602
1295.027807
564.206422
1033.857977
733.286268
1416.775817
1742.557104
1169.080950
1479.036291
4740.161016
1747.216338
1698.292730
1759.067566
509.945739
503.273379
1374.617053
1078.722680
2236.438069
1277.085990
598.177500
2881.446836
1036.277807
2382.119001
1034.105152
4280.952096
2820.934238
1073.938391
709.397650
2529.512821
3995.697169
3432.736731
2259.957930
747.801177
869.711633
1146.427103
608.333333
2124.342028
700.605159
1399.322593
1229.673787
614.829292
1334.542070
1385.582294
165.312500
494.156253
1409.537101
949.487179
