65.397101
82.268044
245.070465
178.802659
20.592350
25.218252
36.159426
96.205015
68.963824
96.752391
36.327953
100.296376
108.657724
82.240311
77.331689
126.218055
56.658345
47.144669
29.310941
116.206674
107.018635
164.102498
127.340646
76.310151
102.402054
68.412760
182.043842
113.734105
41.795184
90.161893
261.706728
166.370650
114.275494
50.116810
116.630305
189.367155
168.411503
230.735010
96.975618
213.899530
175.633968
158.948356
184.544092
148.067421
215.525006
143.658670
138.956193
128.528969
133.022433
137.964518
82.518925
199.697815
141.836067
130.642315
44.650499
99.082571
168.335508
184.892802
182.272690
92.461621
118.295822
88.564638
98.036442
141.612947
145.995848
148.608380
161.179930
137.067891
231.772637
77.148218
52.399146
76.514321
94.369003
61.119022
133.001943
225.157131
212.631463
51.491231
243.391727
49.593458
61.276171
32.866202
91.905482
260.543165
273.632450
225.701781
61.899287
99.385275
109.622980
108.327774
136.955848
91.007706
151.922836
30.543393
34.584656
77.166727
73.705037
89.752728
137.209077
118.605875
193.449108
166.480037
136.690544
144.438336
77.452445
53.260304
160.969705
153.628831
111.403353
160.875119
165.308976
117.417207
96.008359
125.314624
80.747895
98.959793
172.594516
72.083051
54.108858
145.773178
114.316655
34.772617
92.435543
86.657045
145.567351
78.137268
90.496477
129.961611
207.175654
176.864400
130.471133
81.743121
56.533841
247.269121
54.107899
48.906531
142.635066
106.442070
152.411651
179.308990
178.904079
49.103896
66.299611
179.338141
78.300255
52.302715
86.001702
32.162499
122.819972
50.585807
54.010686
108.296915
74.453041
58.613545
161.307080
44.394333
101.577427
149.814506
126.606566
193.491985
185.301238
84.506875
102.072999
88.435794
87.280027
186.470992
114.345210
104.431257
73.058611
44.932553
138.009293
276.230786
152.398614
36.151144
141.173326
129.568196
297.217025
167.110843
35.538054
117.199974
220.943407
83.778943
51.337436
155.025441
117.490001
68.684377
151.487454
78.753965
84.423311
108.506579
90.307723
88.089617
272.493477
84.435891
67.663570
119.712292
119.922762
143.096753
123.895758
44.674772
176.726289
71.413105
74.278658
165.930333
60.048520
90.060947
140.583605
170.787768
82.492054
122.435377
95.093512
83.429779
107.083570
63.205162
221.090036
156.001162
40.122750
83.343490
86.069710
125.827958
52.504015
63.791007
174.384679
162.174218
129.616954
286.048516
109.257222
54.952178
81.226539
128.175019
143.055250
97.300357
38.791572
36.805755
79.888538
108.513510
165.620687
112.785198
169.388496
80.653702
82.914635
39.730161
46.700101
63.683710
74.044255
122.028073
70.585516
109.725647
211.756054
282.349083
148.974531
204.193548
65.020980
31.383753
40.917106
46.759878
129.444650
123.816834
46.381030
91.756316
108.206532
76.901034
242.112117
111.747830
151.837765
107.600705
146.841007
132.646168
115.305213
110.482653
110.691428
167.893520
128.740080
89.504191
94.613727
73.676517
83.064662
74.113230
219.885227
281.893361
212.938180
161.614596
41.629307
119.707699
295.006686
364.738520
125.280029
108.927223
201.890809
75.966851
95.845827
205.896249
143.443556
155.934562
213.827218
285.622019
86.440705
116.309998
56.542318
175.654656
176.000581
127.804531
178.235171
182.884906
183.644914
55.698175
158.417764
145.036486
192.430866
68.424878
119.474779
266.282993
132.493093
118.787524
128.247325
197.269608
101.835808
212.760650
230.753149
239.709360
201.588961
112.619067
49.298653
194.518705
159.412887
200.811339
96.068813
247.123564
159.852625
173.310327
53.911670
97.555535
157.456297
42.893668
81.654967
110.083000
115.356620
163.107955
57.966427
180.249223
170.397154
204.189463
137.048788
117.437381
142.951725
83.073851
45.864052
137.632688
103.773993
48.942693
187.476475
87.383962
23.514139
60.265918
320.201300
69.907233
112.232312
70.736823
163.865703
156.729444
82.857352
95.422189
169.440177
273.999593
93.211185
345.091779
125.769160
61.730295
202.189366
123.198060
63.581976
63.738507
52.261025
91.126044
53.404213
273.964826
143.147258
158.820584
43.795294
40.912479
139.736365
124.210477
209.826528
151.737386
234.499328
96.803102
121.459860
27.934917
51.256455
191.098709
145.289026
192.895265
81.959631
54.924832
67.808421
155.707583
74.998579
97.088319
132.272215
118.623350
146.799847
264.747582
181.494915
177.450123
152.269214
153.283210
243.068479
144.194045
324.979485
91.947694
79.816448
110.749729
126.924027
121.721161
70.090314
47.662874
102.965770
104.894635
108.180835
148.118797
97.000536
93.797112
102.231897
300.879177
246.546415
92.335272
143.552247
151.851009
106.160374
112.161080
183.491181
70.262089
187.597147
77.493202
102.804870
145.771314
120.818472
213.250148
116.833657
99.330984
110.568070
128.318834
90.994658
124.261859
78.330564
173.865592
123.559621
163.500888
149.690762
145.510176
161.250207
60.937937
102.420072
88.581172
153.196431
109.670278
40.277762
51.697823
129.110457
122.571181
108.008306
77.482407
111.793585
123.778415
61.447904
71.771837
119.527389
50.359708
122.299423
108.879647
65.040189
103.615072
40.864690
136.932687
288.391142
164.774193
130.225845
205.975349
43.627573
27.628447
88.960114
76.160634
90.828125
97.159316
105.872540
124.095885
194.569315
49.875334
188.529031
135.089907
92.196971
36.080258
63.842356
136.577365
197.354034
250.584213
332.610601
59.400587
152.228338
67.581094
124.558722
64.162940
97.623385
113.321508
146.553967
60.502220
78.787366
82.561025
115.920837
130.681600
158.433424
63.687792
86.664391
120.214010
104.781193
114.430215
153.983901
77.314104
138.025616
60.900907
57.235495
218.175230
180.157676
149.062911
115.462511
122.316211
47.352162
61.634855
133.274621
42.064398
102.074577
96.269229
102.291895
81.918853
62.465866
127.437328
115.994433
84.962754
107.984496
109.938634
113.750281
46.023286
34.912191
149.426997
179.011315
190.079681
81.639240
71.185635
96.127520
35.441253
69.266924
29.068031
75.298279
88.980637
294.601879
110.477218
182.399661
240.901391
190.055274
105.137676
56.034594
60.861534
200.450459
70.319827
145.293073
85.680586
67.679577
100.466408
33.306058
178.139580
159.833431
142.580419
87.117040
93.289350
90.825988
166.091840
182.816157
48.969049
58.176116
94.278604
134.679770
57.899606
124.318350
131.370575
98.930176
80.764834
167.811867
164.502202
104.886114
203.750646
172.979630
106.366359
103.864913
83.802679
111.789498
78.581340
100.953596
188.975363
263.118699
141.704714
50.832152
56.884256
47.475747
182.778446
108.285780
42.994288
135.285611
115.476932
198.894251
213.686592
75.052994
200.869296
84.699671
120.964858
200.254361
93.556695
21.904359
25.080062
183.840247
106.433284
139.249962
202.104878
70.440998
90.869940
132.564598
165.779928
70.733375
132.125223
91.453157
85.948374
225.874125
158.730975
105.441805
84.083825
56.097320
63.768550
103.038016
144.958490
56.435923
48.867305
200.421642
183.335364
139.006975
92.938105
113.507919
162.424485
76.531981
118.644194
78.391389
193.688506
152.426886
127.557913
112.796784
211.134586
234.470519
89.268406
102.763247
198.113777
94.926177
207.462567
119.305148
73.828269
64.376015
35.835955
53.868549
180.768160
87.868429
94.983122
98.441056
126.053994
84.721209
32.764158
92.422764
74.514299
94.810250
189.734428
82.990188
134.857510
102.724716
74.769138
60.968232
82.754581
161.696461
90.561062
101.070844
109.745187
49.239794
199.877102
187.883915
136.490785
62.006151
91.076211
48.186976
124.058864
214.855575
41.108141
89.897183
153.866445
109.827619
147.451249
166.940080
63.294115
84.552687
141.277429
44.232705
83.400256
177.134625
115.581220
138.560281
143.769356
188.314643
89.676645
121.058569
109.482398
80.300012
63.509443
118.290367
125.935938
104.154919
278.643450
150.390519
191.193343
62.713400
75.139125
165.414879
82.781166
27.041806
100.608720
106.135977
156.676374
83.621105
92.474609
63.492289
66.720866
125.273639
109.727588
105.617206
96.205706
160.918696
227.274551
61.307262
191.454979
70.190165
77.019115
115.020049
83.620893
50.055845
201.985287
121.619915
60.891402
104.999992
104.348728
78.437614
62.312355
249.992162
50.275301
192.277022
77.307169
132.194693
77.193364
78.474601
139.903086
78.692257
129.953673
52.478555
66.955924
138.942228
94.717435
119.621803
123.453165
48.281618
107.389650
149.951903
83.233456
143.721794
68.388221
109.994128
23.954743
298.150166
91.683506
162.866072
98.804029
163.957734
98.311087
98.099978
120.379878
161.974492
19.362227
97.718657
67.435512
120.164230
176.469521
241.877303
144.034085
172.832008
128.714324
167.434121
19.593770
74.507683
148.818046
111.967215
203.183870
193.485092
55.057322
66.232413
129.070114
90.545741
128.752358
89.217541
114.401188
177.518118
73.242472
91.966628
78.143648
200.384364
173.039618
77.847547
132.692535
282.874450
199.190029
69.472215
111.404286
114.343714
83.558857
128.762983
39.181940
57.618751
45.275705
102.159145
166.698141
128.511193
67.697371
185.563660
197.020955
184.219695
195.258036
146.607531
67.863237
60.455018
81.032012
135.511415
152.789049
91.620622
101.902631
90.785196
55.230345
75.815396
113.014302
168.731859
63.235221
113.112951
91.676225
48.683531
119.016446
130.043134
34.771869
163.013157
174.864015
61.449594
20.111457
76.392615
140.134614
66.090861
106.881343
161.280003
68.277936
61.201676
30.369616
216.081400
43.850751
127.438719
100.600418
128.903264
49.345651
138.129176
47.517560
110.101899
89.855771
140.963119
138.774670
33.282004
62.543682
48.162432
108.505305
181.849340
41.473886
56.287872
165.539687
77.413034
48.211233
59.965233
24.184589
165.844358
224.155076
125.677713
258.614584
77.189700
79.819135
95.125862
39.018429
56.117701
152.369815
57.710866
38.997733
49.085846
75.145701
72.650112
130.251451
163.468141
151.973500
230.326859
113.630222
25.629797
260.466484
74.820331
102.561406
123.230012
66.015048
154.479477
47.691993
71.603414
67.050884
58.766279
152.689239
71.906347
49.460042
108.743573
51.598479
114.818760
148.122344
115.053890
143.616417
269.291333
68.671800
144.445079
46.009830
91.511586
90.616172
174.182567
207.547122
234.410724
175.528892
48.015134
59.097889
328.291788
142.164706
200.726890
84.370733
56.246629
72.794526
56.279822
86.506829
160.702473
120.398052
117.884949
67.443989
73.811410
185.917810
128.060611
27.795168
128.498663
95.452904
104.026983
116.085343
76.060689
139.577331
115.790896
61.477618
77.951625
106.452148
80.436743
132.920118
247.896063
80.106925
220.060540
46.287758
93.799571
98.295964
176.273297
44.532737
67.470362
218.279355
79.265420
87.239183
210.673396
116.534369
211.321903
103.436911
53.099724
104.488018
159.702658
96.273508
96.188324
137.628678
309.262998
110.751042
197.228329
211.418568
88.539390
117.558772
109.354206
128.224687
69.021719
114.674623
110.371204
78.488840
77.611179
148.256054
105.204696
121.036791
148.309693
173.429046
90.689682
85.687732
61.459900
157.742780
59.736846
79.448407
145.555171
156.988202
147.044748
189.548641
96.349637
290.245457
86.970219
114.461649
130.737837
76.321261
143.508091
34.158868
71.716873
113.524007
90.919195
102.154746
123.277572
173.236590
200.428294
49.494174
49.761225
82.099296
168.607139
115.270451
173.654575
181.679893
112.450900
134.895017
139.734353
87.355737
185.274730
93.601791
41.420844
35.588509
77.426522
91.251157
143.470572
153.889635
377.162242
172.747883
71.000059
162.509840
218.618895
73.394315
125.600490
98.782026
36.527454
31.246162
62.869365
89.597341
107.630678
189.444477
100.866061
168.193599
153.719698
141.071831
131.551103
80.951342
127.250661
446.111893
47.542780
138.443668
67.888313
64.560307
49.320306
81.329844
80.232212
152.586359
194.199280
110.777719
152.058724
110.191076
104.696152
64.657050
68.806075
54.385095
178.872806
28.785574
84.055851
123.768638
128.581750
118.351339
115.263504
50.929512
81.974200
152.726014
78.956182
54.552311
258.674249
142.081028
158.341536
151.893170
59.291081
87.212646
81.990156
199.148604
20.989325
180.680579
128.054886
152.448361
104.845707
150.723753
98.625635
83.586564
131.288012
112.432072
76.761244
150.442913
103.696276
136.616833
263.237582
106.327820
197.589712
192.229698
117.656926
81.102369
289.510736
211.174689
165.008998
41.561884
133.215779
96.567528
171.312382
171.707122
240.563759
177.246202
214.604997
117.355597
111.989435
108.438935
166.602267
43.722055
181.465972
249.945299
61.447761
144.887341
142.423048
153.352780
147.162557
162.211843
119.643464
60.683708
169.120453
134.328635
57.750952
190.025582
90.617365
204.833880
256.313987
126.244897
35.288746
184.824765
32.797344
49.835926
151.978611
126.058734
123.168675
175.146388
149.595139
55.377224
185.688963
173.036441
41.973337
73.336619
48.924652
102.093781
101.722141
126.216463
90.460820
104.005745
51.040878
87.061667
25.222550
51.240043
80.764039
80.234393
123.993380
44.833770
58.727506
31.522640
140.638994
132.342875
54.005131
57.316251
73.270496
60.677880
63.630100
66.533052
36.019381
95.229345
34.744380
20.017793
76.440188
181.392323
236.719594
239.119786
126.100240
87.020653
80.057681
138.902736
44.653546
119.940423
76.167669
117.165796
185.537536
52.704404
267.162139
131.484917
92.323263
37.586745
167.514208
219.847618
155.441648
74.770503
29.240205
33.214517
143.210251
79.068722
127.916947
84.316304
268.588628
164.893585
81.590271
38.590657
114.061810
121.041119
146.520007
124.698466
154.016983
113.596800
193.965115
208.859100
90.158277
133.879223
55.745306
46.532481
118.040032
147.225402
142.230491
26.640079
57.513162
96.645296
54.569877
173.598429
221.944665
154.356049
57.039905
102.582481
112.233026
23.596473
21.792991
52.153857
271.045355
109.605837
190.194820
135.759421
211.799034
146.579472
184.873762
102.702735
59.479857
93.926642
157.814622
73.760843
92.177632
277.853363
200.747648
51.560097
88.988594
47.953269
96.005231
124.726472
38.873905
118.324923
44.477854
107.092532
114.658202
160.048123
95.142686
90.503114
103.397365
105.009538
30.387544
189.185346
123.490292
61.222236
51.576119
28.655756
61.644710
64.520709
191.293108
133.774658
41.278343
157.620752
74.406618
73.589050
83.260727
116.255025
67.536180
27.482080
121.224025
116.076140
106.687920
89.307802
260.582218
64.458059
74.609508
92.483768
107.391170
149.248274
49.601215
87.671324
102.277827
191.416967
108.799468
75.715039
95.093487
112.302647
66.813411
59.037990
73.000797
125.824242
148.685522
39.260764
194.698415
256.167857
154.334928
144.926064
87.893572
178.531091
29.483756
30.045013
73.349612
95.524784
107.471436
286.046465
187.547255
97.534095
95.484555
180.860361
30.485426
54.406225
216.187300
106.479067
48.414551
94.212610
161.869735
93.040480
25.688044
153.016274
122.925217
62.152172
40.108955
138.522639
93.783616
49.148014
83.676914
119.138038
66.045045
182.604741
115.420113
175.040085
107.795398
53.741758
128.147913
87.401368
54.355537
154.828385
54.668829
104.912740
93.103035
53.994318
106.707646
172.536660
149.119763
81.105131
96.047240
88.496093
141.397383
74.404169
102.942402
80.865841
92.787334
15.247275
119.810269
44.388135
80.636942
120.917267
198.454887
142.468452
16.946263
143.743667
117.475301
60.536667
43.079688
53.172026
155.199438
160.149601
61.171355
189.341819
190.416772
98.433719
203.107492
192.705242
181.232592
92.426185
115.447351
154.299025
84.729068
182.871833
204.186427
120.297114
189.247986
73.130760
102.218919
169.607069
166.910970
116.489253
254.237385
104.153532
146.976448
151.645607
264.235146
28.621313
57.198373
114.772259
71.081829
72.026310
81.779035
71.229625
54.562273
76.925827
38.943668
128.051850
125.375094
100.340012
48.187914
126.961137
180.620777
110.252448
176.877731
49.972648
125.300891
99.391776
115.020544
106.019520
85.252155
64.322158
135.666954
195.373849
154.345254
56.721381
116.463555
137.989523
160.579263
68.145412
132.563904
46.330319
62.221855
137.012134
154.578907
139.754636
97.979135
55.492385
64.558046
147.554043
178.478143
67.285325
219.826412
205.792823
254.845478
212.346493
71.456164
71.089679
102.890499
85.439890
99.376683
124.113188
70.395797
72.234739
123.718711
103.139870
158.719000
67.319028
155.694720
110.045223
133.675358
70.054205
103.763848
108.774686
155.149415
103.208627
45.678898
51.720415
96.854533
89.582871
214.638838
196.366742
215.177993
323.461980
116.106055
150.946296
180.999494
43.323719
142.091090
88.674973
91.434712
38.762295
71.946170
204.181323
108.840309
86.002192
62.970043
100.755804
212.305752
287.815608
76.670428
81.372254
127.548221
197.428345
69.973901
91.386625
121.578508
81.791343
135.452023
160.431251
71.566006
87.786557
129.203348
97.069501
118.562051
114.499820
119.507641
57.566387
131.067621
177.666286
161.483160
132.893252
63.031927
59.225100
76.605735
187.957122
128.005267
68.053431
112.267369
101.153890
69.513863
129.735701
125.728792
49.811746
108.485420
131.093024
52.031778
148.340282
152.476303
60.365014
76.365060
139.020101
43.225832
60.812655
38.109364
48.345515
33.063427
20.287121
44.149039
137.940658
167.203306
124.528320
68.583599
276.716846
97.354378
84.092656
111.764335
201.842516
34.931961
141.161475
121.977445
178.791624
223.794759
116.437295
97.429608
54.911538
131.545208
113.497498
76.131777
92.102753
76.553035
52.803576
31.041602
91.679728
65.238877
166.021994
158.676548
61.943084
163.779024
29.413347
103.924026
85.409904
159.740397
122.652344
154.942745
133.156202
59.482035
144.618143
228.640555
55.848711
64.779440
134.714991
97.852756
32.958481
205.739832
72.681802
226.445897
89.473778
145.573404
93.834459
147.785928
54.205829
57.284636
94.039039
96.098917
266.782811
191.390525
222.514130
184.694465
53.849546
53.759777
317.021177
150.677904
83.425104
129.934954
245.783751
192.837390
91.330631
88.348060
55.617384
39.375515
177.509558
65.383413
63.667477
51.514571
61.233592
154.569104
254.651508
126.959604
27.826261
111.818616
113.165420
153.896507
136.149648
168.920434
64.016225
128.532602
247.647470
103.279602
34.314165
182.891672
214.353722
95.554152
139.745793
88.262441
132.727867
181.117509
28.317308
67.230656
114.331001
151.924980
143.724505
145.347611
182.685118
119.690456
61.658638
169.230032
115.380067
110.437100
92.918357
137.851023
116.217840
65.929149
77.951347
146.431665
290.031042
59.962886
229.525319
77.587851
96.264560
56.016536
91.186988
101.476082
71.444279
131.991368
201.821764
128.062048
166.176808
314.112734
31.640666
139.266165
156.121726
20.713678
59.395169
204.016892
78.200843
45.139822
180.969623
84.977145
142.242294
342.162977
284.487727
120.761541
96.322841
151.495102
73.895063
180.905843
173.180563
201.775517
199.915333
154.207104
54.681340
306.431230
96.034178
100.842621
142.666246
152.100983
170.819156
180.471188
48.123432
109.334257
136.477458
125.088355
129.529447
108.759753
89.534047
304.591894
102.375952
123.147744
182.603015
108.521423
222.544731
87.160535
132.248672
215.936452
92.066630
97.537831
55.980457
155.770816
281.602973
152.947141
224.624128
57.037811
60.190790
151.595700
142.897391
123.785712
217.912385
105.433496
165.088522
87.759243
95.870737
97.064908
234.181148
155.794592
103.056140
329.996846
52.569375
140.370770
224.228270
74.644384
169.282130
45.121257
303.742532
166.752577
43.698760
101.629537
98.429376
201.582079
82.227923
128.395603
114.842662
106.487234
26.112451
163.634096
176.803189
162.510167
159.905950
125.654342
54.816566
38.592875
66.040936
103.082349
49.310328
113.700007
108.654955
109.217301
85.843237
73.222811
58.734235
154.743170
23.724723
135.496387
113.269027
126.548094
101.037717
78.974492
85.267147
92.759690
150.778845
140.467792
43.115977
108.105212
106.983569
226.885254
120.282069
84.346852
110.826852
204.035293
126.894392
104.484996
117.553567
81.511523
128.660774
41.941485
33.925369
111.870328
41.886876
376.967058
132.565131
92.246073
146.939222
146.897938
56.885141
195.788384
19.648491
123.446339
114.571868
48.975442
77.722011
76.057424
139.586953
110.517664
78.397521
87.260619
50.870534
137.902175
373.194026
103.488644
43.934443
56.399119
98.620485
199.801836
52.005054
121.650576
123.979446
126.621893
133.420952
178.932487
20.155947
117.528683
79.209444
179.613254
196.880602
178.308288
193.942948
132.628255
73.750132
78.085591
82.259487
153.170080
150.738215
179.847198
102.018952
124.778992
168.915544
112.322194
72.967527
61.790226
64.056836
45.835979
168.179585
108.406335
193.558420
189.656097
36.307496
215.231842
36.052595
79.934909
32.821859
23.143134
151.218458
115.728082
71.253549
142.428927
71.289884
58.361156
69.680406
157.775649
47.325302
60.537701
125.117580
77.538756
73.461093
136.004834
35.723712
71.940825
140.835478
127.034264
135.452756
231.434870
79.529014
187.093972
180.016160
223.133459
99.279231
52.279901
103.851309
124.155211
356.802434
226.288949
74.353229
77.278730
101.599554
101.332667
274.570186
222.715559
115.290205
180.819943
126.156635
28.536744
235.196515
188.712064
198.357036
97.259844
125.609112
115.290344
95.903966
118.612334
102.873830
110.908717
148.643977
103.568323
97.139642
141.506885
239.059653
92.234278
96.684890
123.665168
144.911375
190.729914
396.224994
173.759761
100.626977
66.829259
109.808900
83.746190
126.400868
100.465517
158.431026
204.134674
250.227145
235.366484
117.832457
137.393698
119.617457
152.583991
90.961813
71.832827
47.937642
70.007893
119.141615
71.598217
182.313792
44.946609
126.501965
163.772492
186.171790
227.529000
138.764671
160.568104
181.575090
44.643928
245.926134
110.400388
127.357138
141.953914
102.990346
52.252772
164.980385
42.628210
69.343624
142.831851
190.295148
84.842069
73.859766
182.496644
328.775624
307.028628
95.348344
67.724054
266.513780
188.542962
160.134574
66.450831
40.105499
121.638123
337.591442
156.848420
112.415115
163.389493
51.154070
183.121648
97.707678
112.188766
47.214411
172.857924
318.137628
143.090924
231.499034
97.886786
18.437481
335.317693
137.482236
274.928815
108.914650
75.849305
183.079338
241.195383
27.881608
44.246236
99.612543
44.926707
134.921197
160.493218
31.537376
182.197285
154.863770
122.779917
134.666356
130.682462
95.659787
44.623561
58.453315
63.010238
153.642647
60.713846
93.174682
189.771056
133.376144
110.680985
98.977453
110.246524
99.109270
32.705143
78.119632
49.876191
89.054312
164.943986
137.501371
156.020101
116.346495
48.668037
70.069169
65.286598
111.356560
60.561978
75.392309
133.192176
94.423318
146.078962
116.580228
36.316057
26.900469
134.417344
383.109659
40.922765
107.609039
88.713881
104.451525
56.386069
61.364066
111.612080
66.743846
68.398690
77.700251
57.595119
144.031233
146.558742
55.061656
147.328847
221.639539
121.555994
93.191396
109.539299
217.068472
32.082932
62.526768
108.559330
64.408917
96.168063
94.832805
318.695769
216.308950
180.950017
145.539998
163.261326
119.410428
49.832514
104.131329
81.649629
81.965443
96.677419
169.139580
98.894218
186.058549
107.950111
81.018256
74.019237
128.707426
74.970182
79.818957
51.684862
167.793827
239.283457
160.682437
262.030804
128.361215
106.558078
167.214686
123.178220
28.453386
210.978864
126.803984
56.172385
110.226848
85.209839
82.187543
96.272754
94.495318
126.283320
80.001686
161.492040
84.282111
51.109025
172.041100
51.721346
20.066276
98.331676
122.948605
95.278635
53.331167
67.536537
242.571045
45.279734
78.776020
71.197595
261.155147
106.038346
151.731165
314.420324
64.078229
74.525534
124.293007
57.537847
116.777896
99.414232
267.658272
162.761706
87.990451
35.691429
123.058060
37.905146
162.452232
44.529163
133.513236
56.922716
35.969300
129.862165
110.190557
203.295271
209.237118
55.265475
126.910307
117.342100
81.257332
45.692485
122.589856
76.956695
174.198206
99.945935
122.972932
74.383480
178.734755
250.703423
161.285902
71.977751
241.012983
33.212867
39.487603
137.141030
27.970667
66.361796
140.205635
49.799318
85.390255
149.422218
66.643859
81.611290
80.435180
107.603490
57.340937
57.080373
172.619722
102.669016
65.531984
73.441415
216.597973
190.329701
125.005765
123.355964
44.792198
67.785175
41.077667
88.853749
154.445872
103.344453
136.556601
144.598806
145.910485
160.823294
63.544434
82.554177
73.458168
31.707569
45.401498
82.255940
111.209709
126.756078
190.845623
136.525496
165.537390
124.512196
99.970745
113.011414
150.304879
145.627586
113.466774
63.282289
100.559059
106.791080
107.523977
81.867456
72.291668
64.520837
154.743514
183.765232
71.321616
136.166092
106.445101
153.352869
143.169931
137.434236
134.452979
152.767391
103.487422
73.168662
99.910532
90.714633
82.985516
78.166561
134.368273
84.252015
81.414132
108.344583
146.395828
123.179846
187.213232
111.052864
297.905080
262.681141
198.100948
71.391583
185.740606
99.053014
122.211885
76.937154
79.125692
58.618617
83.167126
80.800393
60.100050
107.653080
189.938034
127.641891
144.936359
129.238633
23.166475
89.265085
123.296415
99.774069
132.516318
61.194326
134.749693
183.223231
152.215463
100.131928
188.169716
29.755905
158.853674
76.557929
90.242204
25.501132
59.070884
74.710296
68.444425
102.229509
184.418306
157.297882
187.881248
214.765290
163.230404
122.349262
119.835915
104.964312
176.741639
37.452808
98.652317
124.790058
140.193766
144.178162
160.933855
96.167637
65.178435
68.004968
124.244437
158.793869
61.626812
128.260905
86.965395
101.109352
136.157228
61.539198
149.089184
255.742463
213.464150
143.830617
117.639357
156.605970
107.058930
61.429891
101.364715
237.467058
125.103341
118.336342
90.525941
143.138411
63.413078
81.685967
130.302923
135.242251
89.070759
158.096641
128.860060
90.453892
156.668055
94.879144
120.086569
114.527938
237.786217
95.736647
138.877115
87.996063
190.556260
111.778738
92.972623
171.424476
92.876820
64.668108
191.054001
153.649852
124.575090
167.327940
201.307310
262.298011
76.185613
112.362891
118.798129
110.673383
72.271475
94.575717
200.402457
121.542133
118.141297
79.264733
151.703638
91.925453
26.245208
57.268934
67.844708
114.322382
97.929516
109.403744
120.465681
89.359163
79.241242
171.283859
127.323657
245.015942
117.169626
124.200247
192.611139
102.680038
124.837517
37.366803
43.255484
144.212398
97.894677
190.425058
129.457837
138.380828
166.066787
103.999055
186.602239
152.516598
81.843589
73.316335
54.248691
18.735573
74.962991
163.264473
63.775512
94.865105
42.585214
154.087034
141.362099
210.276367
22.010978
158.992219
82.928235
65.265520
72.496188
66.608526
242.684296
79.085935
183.451267
144.771265
117.799462
105.778440
160.527645
184.166910
240.812209
101.115795
139.272787
222.399491
183.521344
125.254191
126.420262
97.107238
56.121669
53.460451
34.136078
44.380700
87.037941
92.516329
40.449555
171.899516
129.334835
190.219971
44.375584
102.042430
140.949070
129.853109
46.553246
164.545193
57.250155
123.572410
176.224476
147.292305
168.944631
62.171160
89.382782
135.700866
53.265388
103.927873
89.070679
112.675273
92.434781
172.811289
55.065188
130.288361
52.160276
50.864326
66.415114
122.453429
257.033724
148.583915
76.018353
148.993545
117.701824
173.155811
186.973331
130.759208
43.294141
52.033522
126.373976
107.506417
108.713549
66.722759
138.864984
145.755447
151.291647
90.319005
85.562808
155.936378
92.902660
73.729500
112.754458
135.083426
88.397763
137.599349
87.142548
99.849524
81.595202
111.802918
176.394799
182.379379
161.676453
81.139875
74.819593
159.112537
100.325694
29.562672
94.211553
91.001585
41.627875
121.947599
75.436550
93.577097
184.773878
83.942527
146.103151
136.761060
91.804219
48.048209
187.216323
223.547181
94.535615
173.317809
177.876838
107.797480
101.321627
48.069579
64.083240
104.973071
197.963916
182.681161
114.248318
107.784613
172.310507
110.828594
190.467419
194.124033
186.480592
171.889503
66.085111
73.330600
201.383295
43.676792
111.323079
129.829106
72.485959
113.174153
72.831915
196.677118
134.870052
21.608928
168.298562
56.980330
127.551200
46.689419
60.038283
112.974066
127.672141
100.418938
157.253561
124.020188
178.437997
134.765912
88.544761
49.411098
183.617625
111.651667
144.289592
77.513121
110.315452
135.849958
146.342752
224.040603
90.982875
120.941799
73.364390
130.908129
47.475627
66.355049
91.821636
213.404936
152.981147
96.938086
108.804159
165.289702
49.783365
75.307610
108.817077
80.050821
99.965957
199.246220
71.030137
157.702110
135.221216
55.140252
29.826627
132.430441
44.571377
225.302642
244.725413
121.273576
227.651711
80.410491
138.467994
245.771694
149.213488
76.742219
173.515503
181.102977
78.082486
369.513200
212.026350
28.230132
68.353993
50.163387
84.992187
165.249065
101.494498
66.324674
72.158599
94.029816
66.950710
78.813808
39.161336
61.362479
41.560664
65.928659
22.523659
140.803652
94.394597
158.101725
159.832607
118.976002
104.135364
28.856635
191.940172
75.932452
144.402065
203.392129
104.708131
54.310241
195.906910
161.022232
207.309167
58.280940
191.998791
115.736304
95.012503
63.217860
210.673354
86.469581
149.178823
84.457589
161.457220
52.687871
127.821502
61.013253
47.526989
96.754889
75.660555
80.784555
97.273959
113.107147
96.396535
71.269630
40.328229
158.830968
101.029509
105.713460
40.961471
53.339471
152.032868
162.724303
28.196574
190.630618
68.396015
75.733642
169.017729
128.084799
41.343262
40.083671
194.120430
99.808233
125.681743
254.102080
212.408325
70.081878
41.074459
73.400351
51.405374
155.950961
247.232156
168.397974
40.996206
70.746519
36.995550
72.934927
109.960781
73.576473
64.397273
99.282808
193.682010
55.651079
60.273703
66.411426
89.138891
48.978976
95.892187
63.400848
140.007152
48.022803
43.528389
67.541790
148.268683
49.593123
96.581033
114.546706
44.957703
102.490745
41.247625
