461
   0	    4	 565.742563
   0	    9	 18857.938520
   0	   10	 14693.981199
   1	    3	 17217.264833
   1	   16	 13419.861248
   2	    3	 98827.871004
   2	    7	 4675.638711
   2	    8	 5843.726571
   3	    8	 26119.006324
   3	   15	 3617.803747
   3	   16	 12621.936121
   4	    5	 47086.449634
   4	   10	 9364.521240
   4	   17	 33510.064925
   4	   26	 232.899919
   5	   24	 16595.809167
   5	   26	 9755.202206
   5	   32	 4360.303143
   6	   11	 1677.097583
   6	   23	 22558.751716
   6	   24	 23079.974269
   6	   38	 7238.205983
   7	    8	 22806.977895
   7	   11	 24829.085381
   7	   12	 19940.028048
   8	   12	 5840.419660
   8	   14	 8796.634593
   8	   15	 26347.471181
   9	   10	 40470.606256
   9	   13	 34631.693588
   9	   18	 10061.030606
  10	   13	 41147.972427
  10	   17	 15464.419029
  10	   20	 18183.143361
  11	   12	 4113.578379
  11	   23	 23147.102986
  11	   25	 26705.444632
  12	   14	 29780.456076
  12	   19	 24415.039320
  12	   25	 130.755397
  13	   18	 85111.409308
  13	   20	 10519.599881
  14	   15	 51237.227282
  14	   19	 20870.380434
  15	   16	 17627.972560
  15	   19	 6037.715055
  15	   28	 18145.755633
  16	   28	 12500.493344
  16	   42	 227.954498
  16	   56	 4764.437482
  17	   20	 39284.451081
  17	   26	 29543.772697
  17	   27	 18869.408642
  18	   20	 2124.323437
  18	   21	 46230.881474
  18	   22	 22239.671116
  18	   29	 15329.156596
  19	   25	 17706.059876
  19	   28	 21795.963266
  20	   21	 41358.769880
  20	   22	 27916.150245
  20	   27	 10441.604716
  20	   31	 2088.115716
  21	   22	 189927.261647
  22	   29	 29968.808357
  22	   31	 12991.689053
  22	   36	 1267.601834
  23	   25	 15756.972669
  23	   33	 42952.558636
  23	   38	 2458.064814
  24	   32	 57046.789609
  24	   38	 19472.330851
  25	   28	 7936.542668
  25	   33	 1296.150981
  25	   37	 22368.281692
  26	   27	 73709.561986
  26	   30	 27787.868005
  26	   32	 12441.233334
  27	   30	 27993.217188
  27	   31	 29383.232486
  28	   37	 3914.214694
  28	   40	 5169.702295
  28	   41	 7781.948625
  28	   42	 27611.260320
  29	   34	 56299.828786
  29	   36	 18352.554967
  30	   31	 45924.867221
  30	   32	 3177.244732
  30	   47	 15087.201537
  30	   50	 8910.069167
  31	   36	 40049.919412
  31	   50	 8350.822767
  32	   38	 5068.322010
  32	   47	 6658.214059
  32	   49	 23025.804748
  32	   55	 157.429123
  32	   58	 9259.446569
  33	   35	 120205.297626
  33	   37	 11527.840191
  33	   38	 4364.189713
  34	   36	 21574.015759
  34	   39	 20517.985127
  34	   44	 12292.459870
  35	   37	 5962.084190
  35	   38	 17547.933875
  35	   45	 3972.462207
  35	   60	 9249.980335
  35	   61	 4659.958493
  36	   39	 51068.228354
  36	   50	 2624.742281
  37	   40	 15652.297905
  37	   43	 9352.602224
  37	   45	 23554.566720
  38	   58	 3187.834737
  38	   59	 13820.929544
  38	   61	 1734.004746
  38	   62	 13223.586949
  39	   44	 43762.930404
  39	   50	 2612.601855
  39	   51	 5128.428219
  40	   41	 31567.724534
  40	   43	 59104.385809
  40	   46	 20572.854341
  41	   42	 45778.395742
  41	   46	 48262.422457
  42	   46	 15374.316444
  42	   56	 21046.725910
  42	   65	 11676.059482
  43	   45	 48167.898888
  43	   46	 15677.034650
  44	   51	 2575.995122
  44	   52	 10534.299623
  44	   54	 23203.632737
  45	   46	 392.079415
  45	   60	 5604.883924
  45	   63	 15629.661523
  45	   64	 838.848275
  46	   63	 6552.690080
  46	   65	 13340.403977
  47	   48	 94373.756604
  47	   49	 25137.406581
  47	   50	 13760.600640
  47	   53	 3377.958008
  48	   49	 18434.990646
  48	   53	 48319.564255
  48	   55	 367.672480
  49	   55	 48327.460953
  50	   51	 108274.467387
  50	   53	 18275.075126
  51	   53	 373.198849
  51	   54	 4055.797364
  51	   57	 65072.180026
  52	   54	 30881.048546
  52	   91	 687.547206
  53	   55	 8172.480721
  53	   57	 11149.935815
  53	   71	 11962.883252
  53	   83	 363.695741
  54	   57	 19891.586610
  54	   91	 5527.519492
  55	   58	 26639.116379
  55	   67	 2226.452502
  55	   71	 14496.909589
  56	   65	 15620.043612
  56	   85	 12532.771637
  57	   83	 11235.791971
  57	   91	 3726.776478
  58	   62	 1414.412690
  58	   67	 46079.443010
  58	   69	 17106.791880
  59	   61	 12157.309480
  59	   62	 21918.396989
  59	   66	 32621.661279
  59	   73	 9899.193540
  60	   61	 14159.051868
  60	   64	 18490.542486
  60	   68	 21571.632685
  60	   77	 1067.898220
  61	   66	 8249.171433
  61	   68	 15681.426745
  61	   70	 16759.293858
  62	   69	 22060.464999
  62	   72	 28075.323595
  62	   73	 2682.194694
  63	   64	 45428.111176
  63	   65	 11112.133980
  63	   75	 12062.814641
  64	   75	 14084.594549
  64	   77	 6041.378303
  65	   75	 9157.161539
  65	   78	 19665.739906
  65	   85	 9296.957620
  66	   70	 22802.375073
  66	   73	 2363.442994
  66	   76	 7875.713000
  67	   69	 11338.600797
  67	   71	 16500.686682
  67	   84	 9839.668061
  68	   70	 11566.670375
  68	   77	 2456.646255
  68	   80	 7571.872258
  68	   94	 623.399251
  69	   72	 10261.755409
  69	   74	 4717.359715
  69	   84	 5378.223334
  69	   92	 101.922630
  69	   93	 1713.629204
  70	   76	 1402.977248
  70	   80	 6887.372487
  71	   79	 24485.769614
  71	   83	 2877.379785
  71	   84	 3465.263579
  72	   73	 8836.401210
  72	   74	 30534.614469
  73	   74	 17795.538772
  73	   76	 41398.721185
  74	   76	 3321.724427
  74	   86	 7433.469113
  74	   93	 2065.991308
  75	   77	 38719.728978
  75	   78	 8384.423325
  75	   81	 3414.556572
  76	   80	 12405.773880
  76	   86	 5044.600711
  77	   81	 20914.951404
  77	   94	 6931.601680
  78	   81	 6366.563589
  78	   82	 31277.142596
  78	   85	 3123.813429
  78	   88	 16652.681730
  79	   83	 34138.970773
  79	   84	 4986.002931
  79	   87	 14384.201394
  80	   86	 13382.309518
  80	   94	 6014.128845
  80	   96	 3632.880997
  81	   82	 22152.440160
  81	   94	 5981.847450
  81	   99	 362.081039
  82	   88	 1083.913055
  82	   89	 14780.678848
  82	   99	 1986.750048
  83	   87	 1551.250103
  83	   90	 12902.796432
  83	   91	 5443.478920
  83	  101	 954.469665
  83	  102	 9583.144486
  84	   87	 20348.200465
  84	   92	 13981.145147
  84	   95	 2690.382751
  85	   88	 36091.290986
  85	  100	 22077.003473
  86	   93	 4043.770554
  86	   96	 9022.467744
  86	   97	 9964.294884
  87	   90	 80880.753800
  87	   95	 3131.842997
  88	   89	 52456.922480
  88	  100	 5329.819166
  89	   99	 14504.944466
  89	  100	 3521.402189
  89	  104	 7946.974839
  90	   95	 24021.927161
  90	  102	 8981.625497
  91	  101	 34258.333166
  92	   93	 92757.388426
  92	   95	 23732.310827
  93	   95	 1089.332659
  93	   97	 2164.547665
  93	   98	 7690.382458
  93	  107	 4579.950114
  93	  120	 9266.136583
  94	   96	 708.582567
  94	   99	 13916.062201
  94	  108	 4940.089297
  94	  111	 14387.756799
  95	  102	 7589.038305
  95	  120	 9552.342103
  95	  130	 5037.727259
  96	   97	 8152.734104
  96	  103	 6746.995082
  96	  108	 5647.776229
  96	  110	 6878.447075
  96	  112	 1448.681635
  97	   98	 28221.261145
  97	  103	 6810.679173
  98	  103	 10261.553967
  98	  107	 18612.386039
  99	  104	 21851.820757
  99	  109	 17705.941804
  99	  111	 685.695673
 100	  104	 6247.295161
 100	  122	 47145.160985
 101	  102	 8305.367395
 101	  105	 53177.085980
 101	  106	 2570.878185
 102	  106	 89386.748685
 102	  113	 7300.656645
 102	  130	 593.902758
 103	  107	 12730.091481
 103	  112	 11669.250496
 103	  119	 7841.222960
 104	  109	 14989.784952
 104	  114	 11017.035379
 104	  122	 8221.984507
 104	  123	 16945.566167
 105	  106	 3458.665303
 105	  113	 14341.986501
 105	  140	 5304.559038
 105	  152	 1436.898132
 106	  113	 64437.289031
 107	  119	 12494.427938
 107	  120	 17913.967260
 107	  125	 9336.138677
 108	  110	 11985.689111
 108	  111	 149.358261
 108	  115	 29274.452660
 108	  117	 4103.471413
 109	  111	 1375.335770
 109	  114	 51393.793613
 109	  118	 15731.256585
 110	  112	 7363.879761
 110	  117	 20967.031642
 111	  115	 18064.794646
 111	  118	 16908.047718
 111	  124	 17781.295175
 111	  127	 3118.106086
 112	  116	 37734.896011
 112	  117	 3045.917969
 112	  119	 6998.331168
 113	  130	 7931.417626
 113	  140	 11376.967070
 114	  118	 12470.264405
 114	  121	 15737.641012
 114	  123	 24686.548377
 115	  117	 6242.673343
 115	  127	 18891.111526
 116	  117	 18456.478496
 116	  119	 25034.121341
 116	  129	 467.329330
 116	  133	 2731.364707
 117	  127	 2298.573860
 117	  133	 4781.013676
 117	  134	 1289.436024
 118	  121	 93067.749874
 118	  124	 753.669430
 119	  125	 16273.936768
 119	  129	 6522.539878
 120	  125	 20624.826920
 120	  130	 13140.464025
 120	  131	 6276.820669
 121	  123	 5188.203941
 121	  124	 50184.499870
 121	  128	 3915.979037
 122	  123	 9939.444260
 122	  126	 76157.603257
 123	  126	 10996.128259
 123	  128	 49414.433085
 124	  127	 24496.904211
 124	  128	 20659.766519
 124	  139	 2669.056737
 125	  129	 31020.761327
 125	  131	 9134.836272
 126	  128	 5096.632608
 126	  135	 32538.106248
 126	  149	 13486.816062
 127	  134	 8089.905886
 127	  138	 11341.817589
 127	  139	 11196.731310
 128	  135	 43473.468556
 128	  139	 2975.063475
 128	  145	 5240.645647
 128	  151	 3092.775274
 129	  131	 5446.198373
 129	  132	 41148.912441
 129	  133	 9934.692005
 130	  131	 18241.139244
 130	  137	 244.984035
 130	  140	 457.425830
 130	  141	 12893.258406
 130	  143	 9320.370795
 131	  132	 4958.219906
 131	  137	 26096.128743
 132	  133	 4752.954774
 132	  136	 10383.824705
 132	  137	 8884.840496
 132	  142	 1892.203161
 132	  144	 222.748789
 133	  134	 26126.236011
 133	  136	 11656.730516
 134	  136	 13066.495424
 134	  138	 11771.100139
 135	  149	 25870.621111
 135	  151	 17311.529628
 135	  153	 18827.667727
 136	  138	 1041.948611
 136	  144	 13731.806728
 136	  148	 2471.504645
 137	  142	 25696.187772
 137	  143	 3177.447628
 138	  139	 42252.632100
 138	  148	 7621.981008
 138	  150	 10016.786499
 139	  145	 65572.908756
 139	  150	 3057.804802
 139	  158	 2162.984755
 140	  141	 3520.449446
 140	  146	 25446.839457
 140	  152	 34685.531703
 141	  143	 21152.608840
 141	  146	 44565.688951
 141	  147	 4182.287417
 142	  143	 755.699147
 142	  144	 2963.028862
 142	  147	 3172.444071
 142	  155	 3203.718961
 142	  156	 8451.203375
 143	  147	 34532.631551
 144	  148	 20577.419616
 144	  154	 9153.755647
 144	  156	 2070.246999
 145	  151	 41144.705037
 145	  157	 17689.390544
 145	  158	 8241.439323
 146	  147	 2664.805093
 146	  152	 3819.775762
 146	  155	 5108.164984
 146	  160	 224.359387
 147	  155	 14395.319734
 148	  150	 52984.449922
 148	  154	 2503.333674
 149	  153	 50799.634565
 149	  167	 19953.105566
 150	  154	 12824.082640
 150	  158	 12889.136406
 150	  161	 1323.496268
 151	  153	 39383.413469
 151	  157	 16530.914192
 151	  159	 12832.628127
 151	  166	 4957.083676
 152	  160	 26331.703612
 153	  166	 32198.432233
 153	  167	 17812.644643
 154	  156	 7364.217836
 154	  161	 15640.023868
 154	  163	 2327.209658
 155	  156	 5705.392273
 155	  163	 2539.998968
 156	  163	 17589.329267
 157	  158	 30770.926996
 157	  159	 27788.715530
 157	  162	 20202.487874
 158	  161	 4107.693541
 158	  162	 16305.618392
 158	  165	 16436.122787
 159	  162	 17297.107142
 159	  166	 42180.481227
 160	  164	 18148.328592
 161	  163	 5335.849155
 161	  165	 10814.340904
 162	  165	 10989.156318
