947.931704
833.111111
541.066276
1570.907422
2257.002924
4472.002861
7695.944278
1994.215873
1005.642911
999.761364
1616.034831
3892.870613
440.065076
212.940625
192.725609
1582.199686
3693.106941
1913.098876
596.588542
853.517737
639.306598
78.125000
621.797418
4990.456811
7925.723767
2167.762439
2347.083291
479.667913
3358.632918
1013.464848
1766.889050
1289.194619
5670.278882
1913.786535
580.904047
2998.535435
944.588394
1985.996156
7361.943286
721.751834
576.527979
494.900774
3174.955082
365.095694
1064.168395
1717.477544
1090.286287
1681.019366
281.636363
1488.140331
1535.779742
827.657467
698.089852
1633.776225
2840.758569
1388.902802
4539.523831
3707.018911
2640.854457
1737.451553
2886.772025
1407.700064
2136.859479
1348.697475
1417.347805
3568.486290
472.751415
1474.263816
1558.625868
2675.011076
556.281199
2029.811942
512.724497
431.581105
1221.234138
851.145489
789.699429
1763.054248
1253.218762
1123.293911
2924.320360
923.818982
676.564504
4295.423816
2262.168786
4215.449414
2472.732665
696.276512
1343.926758
1492.942070
1611.561223
4824.041212
1177.287977
2389.620596
4193.496580
3365.513809
2024.830794
897.667846
698.749921
1611.138382
3243.837993
2280.164050
3421.813240
518.303571
1649.540268
4660.745690
514.567812
1217.302698
1542.595061
495.732879
539.303807
1710.250076
326.232888
4304.225807
426.076637
1413.396446
480.486477
1068.224696
424.629792
823.515107
2970.713924
436.201944
2401.149957
1449.301863
1736.409391
1279.255046
3202.878851
2731.769118
2558.568181
1050.556171
5146.169182
1687.951926
1146.262969
964.840269
1116.061302
3218.986512
1033.857977
1186.069711
1742.557104
2069.167388
6886.971867
2038.080105
2182.187258
1190.211167
1374.617053
1984.393562
5100.375888
1364.246231
598.203420
4224.659554
1323.949532
2791.399631
6558.407777
3924.395994
1658.315215
4672.562993
2369.506864
1129.259275
1634.725040
1049.605159
2299.352679
1613.035658
654.829292
1678.440440
165.312500
667.651933
1409.537101
1719.355070
