2093
   0	   15	 33315.819893
   0	   18	 3885.159181
   0	   27	 4887.189167
   1	    4	 24256.885493
   1	   32	 4680.250469
   1	   39	 14916.309722
   1	   52	 4682.089710
   2	   21	 20983.939885
   2	   24	 18881.809348
   2	   30	 8668.968944
   3	   14	 46869.274553
   4	   19	 11707.100677
   4	   25	 17386.721101
   4	   52	 5594.679846
   5	   16	 8952.271459
   5	   17	 11576.327920
   5	   37	 18541.396228
   5	   40	 13503.606759
   6	   11	 13437.058512
   6	   12	 18156.397687
   6	   23	 35163.528012
   7	   14	 7403.760987
   7	   21	 17506.288273
   7	   31	 18275.106755
   7	   41	 21842.334916
   7	   43	 5479.840118
   8	   13	 39339.137214
   8	   22	 10071.108404
   8	   36	 47605.974819
   9	   10	 14083.058031
   9	   19	 21640.085588
   9	   45	 15171.409786
   9	   60	 2730.655645
  10	   20	 14802.582378
  10	   33	 13751.367697
  10	   45	 3283.046201
  11	   17	 15423.206899
  11	   23	 8143.073798
  11	   26	 28770.776523
  12	   23	 15185.434229
  12	   29	 21101.914837
  12	   55	 1824.844288
  13	   18	 5624.347208
  13	   28	 11397.809900
  13	   36	 1217.979195
  13	   38	 15664.004032
  13	   49	 4610.960451
  13	   50	 9116.510377
  14	   31	 18786.665256
  14	   35	 44963.841875
  15	   27	 53427.381542
  15	   62	 1582.325796
  16	   20	 35083.042651
  16	   37	 24061.235962
  16	   48	 1817.850825
  16	   58	 4724.000616
  17	   26	 14666.216236
  17	   34	 22645.612666
  17	   40	 9492.438053
  18	   27	 42081.775670
  18	   28	 59109.997924
  18	   44	 5049.062526
  19	   25	 50314.309847
  19	   42	 1727.745762
  19	   60	 4026.714733
  20	   33	 20819.482472
  20	   48	 9422.661978
  21	   24	 39805.370660
  21	   43	 28992.153592
  22	   32	 25416.432918
  22	   36	 25509.178407
  22	   47	 17123.957624
  23	   26	 2969.899462
  23	   53	 7053.829575
  23	   55	 5557.545834
  23	   59	 16624.890839
  24	   30	 28787.728295
  24	   43	 7826.873085
  24	   68	 7771.003986
  25	   42	 66244.283961
  25	   52	 161.396330
  26	   34	 35369.067883
  26	   46	 9080.653193
  26	   53	 9654.144962
  27	   44	 4629.739746
  27	   54	 21866.294808
  27	   62	 23755.058422
  28	   38	 27885.837134
  28	   44	 34469.562528
  29	   30	 25955.134530
  29	   55	 18781.710947
  29	   61	 4737.815784
  30	   61	 10585.337615
  30	   68	 3099.987416
  31	   35	 46824.616374
  31	   41	 41638.235785
  31	   69	 8469.667914
  32	   39	 25699.423931
  32	   47	 27171.884182
  32	   51	 1301.894237
  33	   45	 21949.291897
  33	   48	 28985.084827
  34	   40	 13010.704925
  34	   46	 35752.271758
  35	   56	 55383.370625
  35	   69	 514.131506
  36	   47	 2649.011231
  36	   50	 67634.283647
  36	   66	 1963.383056
  36	   80	 10183.584347
  37	   40	 28535.316711
  37	   58	 10731.891475
  37	   63	 1254.137894
  37	   72	 20454.968188
  38	   44	 7597.067025
  38	   49	 41307.954056
  38	   57	 4820.908436
  39	   51	 45881.247644
  39	   52	 17632.039850
  40	   46	 889.432535
  40	   63	 25843.312111
  41	   43	 39571.583933
  41	   65	 16426.730375
  41	   69	 16379.674829
  42	   52	 22656.683760
  42	   60	 9592.236783
  42	   73	 19367.308883
  43	   64	 28498.999351
  43	   65	 11649.619187
  43	   68	 3961.813857
  44	   54	 38720.233415
  44	   57	 20429.690047
  45	   48	 5557.566897
  45	   60	 40343.055551
  45	   74	 8069.212496
  46	   53	 25355.384329
  46	   63	 3238.696602
  46	   67	 13080.982414
  46	   75	 5932.400275
  47	   51	 23209.363074
  47	   77	 17151.138884
  47	   80	 15157.042858
  48	   58	 34029.217437
  48	   74	 12166.148588
  49	   50	 19952.064228
  49	   57	 21151.325282
  49	   71	 32469.937540
  49	   83	 2229.494341
  50	   66	 42032.955535
  50	   71	 8214.340943
  51	   52	 16023.870920
  51	   77	 22920.872747
  52	   73	 15631.699676
  52	   77	 4740.773355
  52	  102	 4287.546286
  53	   59	 22453.938486
  53	   67	 20016.756609
  54	   57	 31205.273562
  54	   62	 22877.577380
  54	   89	 8131.236832
  55	   59	 6029.423584
  55	   61	 5301.045452
  55	   76	 9839.591275
  55	   78	 14352.455830
  56	   69	 28470.833694
  56	   70	 70747.466580
  56	   84	 2922.758873
  57	   83	 38147.581343
  57	   89	 2312.355730
  58	   72	 17825.829997
  58	   74	 16391.946344
  58	   90	 6920.418500
  59	   67	 2973.591671
  59	   78	 12016.835637
  59	   81	 28389.717784
  60	   73	 8398.429608
  60	   74	 6450.225210
  60	   91	 19750.263802
  60	  100	 3082.001888
  60	  106	 1505.743276
  61	   68	 13495.073801
  61	   76	 23015.836279
  61	   85	 5470.856162
  62	   79	 39886.213663
  62	   89	 4629.948845
  63	   72	 25072.458810
  63	   75	 30774.207273
  63	   92	 3403.021298
  63	   98	 3242.508347
  64	   65	 82728.321541
  64	   68	 7150.284792
  64	   82	 38465.059256
  65	   69	 18435.370567
  65	   82	 1929.651150
  65	   86	 22215.773031
  66	   71	 31404.488578
  66	   80	 18038.209832
  66	   88	 21104.806845
  67	   75	 28302.637696
  67	   81	 8204.448117
  67	   87	 18895.209694
  68	   82	 28623.971141
  68	   85	 13070.982234
  69	   84	 20951.110930
  69	   86	 31646.399594
  70	   84	 34543.239275
  71	   83	 25816.307438
  71	   88	 19718.107198
  72	   90	 209.387338
  72	   92	 29743.993975
  72	   95	 11564.706937
  73	   91	 19673.215737
  73	  102	 5303.147221
  73	  112	 13372.322969
  74	   90	 19792.273115
  74	  100	 15924.837315
  75	   87	 11454.699076
  75	   98	 24155.471412
  76	   78	 12112.249480
  76	   85	 15723.078895
  76	   93	 7288.025444
  76	  108	 3887.852103
  77	   80	 15187.966099
  77	   94	 19609.104845
  77	   97	 26885.376415
  77	  102	 5911.668359
  78	   81	 18632.505578
  78	   96	 19330.499019
  78	  108	 4474.631412
  79	   89	 13984.553089
  79	  110	 19755.388566
  80	   88	 16579.833432
  80	   94	 35187.618507
  80	  116	 7678.666706
  81	   87	 38267.033613
  81	   96	 22344.103873
  82	   85	 9206.719568
  82	   86	 6405.800696
  82	  109	 23921.216857
  82	  113	 3886.619502
  83	   88	 4292.966043
  83	   89	 30742.065874
  83	   99	 36149.232775
  83	  104	 3191.484907
  84	   86	 18752.430915
  84	  114	 1652.736374
  84	  125	 19096.463619
  85	   93	 59544.793288
  85	  109	 1760.995943
  86	  113	 13038.852654
  86	  114	 25386.541508
  87	   96	 1357.290735
  87	   98	 6094.902299
  87	  101	 60222.796240
  88	  104	 16578.786073
  88	  111	 41491.818658
  88	  116	 6979.134146
  89	   99	 31016.617537
  89	  110	 41060.492469
  89	  121	 3245.286625
  90	   95	 26581.832832
  90	  100	 12700.613648
  90	  107	 17789.113255
  91	  105	 49304.550477
  91	  106	 13340.592941
  91	  112	 5983.174344
  92	   95	 31697.793163
  92	   98	 5757.363932
  92	  103	 69379.168082
  93	  108	 7029.600851
  93	  109	 7208.329150
  93	  120	 15485.543811
  93	  124	 6704.856175
  94	   97	 20314.166558
  94	  115	 21210.112837
  94	  116	 4405.549785
  94	  117	 23640.471811
  95	  103	 7497.905804
  95	  107	 22205.321158
  95	  119	 1683.374432
  95	  128	 2524.326097
  96	  101	 14798.174477
  96	  108	 17349.556010
  96	  129	 3553.420924
  96	  136	 9599.459579
  97	  102	 52102.361217
  97	  115	 35749.772998
  98	  101	 14725.084808
  98	  103	 25589.554326
  98	  135	 10070.351753
  98	  140	 11989.830651
  99	  104	 96026.659669
  99	  121	 19404.787321
 100	  106	 38949.298610
 100	  107	 2320.534311
 100	  122	 18976.527310
 101	  129	 22990.525382
 101	  135	 9971.631949
 102	  112	 22251.328485
 102	  115	 10162.840624
 102	  133	 21003.391366
 102	  134	 8627.103820
 103	  128	 40296.084041
 103	  139	 3878.344293
 103	  140	 631.085207
 104	  111	 25156.516922
 104	  121	 4206.134123
 104	  132	 32258.621410
 104	  144	 7743.516148
 105	  106	 12290.168307
 105	  112	 4720.811576
 105	  118	 8803.432243
 105	  127	 5112.352399
 105	  138	 20144.043746
 106	  122	 2228.331746
 106	  127	 36743.489681
 107	  119	 35879.770915
 107	  122	 7526.323477
 108	  120	 6617.093737
 108	  123	 36787.434785
 108	  136	 762.205884
 109	  113	 40591.138187
 109	  124	 11739.699229
 109	  142	 23397.914294
 110	  121	 42076.004980
 110	  131	 14744.052820
 110	  137	 24137.042796
 111	  116	 22165.933788
 111	  126	 47346.624109
 111	  132	 4413.146742
 112	  118	 52579.530901
 112	  134	 11826.804846
 113	  114	 49138.206987
 113	  130	 20110.574976
 113	  142	 1264.537015
 114	  125	 23628.425952
 114	  130	 23896.322215
 115	  117	 17305.786978
 115	  133	 20599.991383
 115	  154	 13928.452987
 116	  117	 70372.485304
 116	  126	 14058.145487
 116	  151	 13044.775632
 117	  151	 9063.004835
 117	  154	 3454.359713
 117	  164	 9817.374011
 118	  134	 17366.811954
 118	  138	 4748.358455
 118	  147	 19031.714092
 118	  161	 1124.945219
 119	  122	 10029.263070
 119	  128	 14846.565034
 119	  153	 8520.883201
 119	  155	 10413.887012
 120	  123	 11510.525343
 120	  124	 40857.272831
 120	  146	 7155.758269
 120	  149	 10033.235715
 121	  137	 5976.552871
 121	  144	 34326.567067
 121	  150	 15929.614292
 122	  127	 4404.383000
 122	  143	 16872.618498
 122	  153	 15397.548836
 122	  171	 237.076658
 123	  136	 1859.561863
 123	  141	 21101.213175
 123	  146	 26644.855498
 124	  142	 21978.858066
 124	  149	 14157.105273
 125	  130	 17405.814942
 125	  160	 21302.100180
 125	  166	 13310.293318
 126	  132	 62451.131736
 126	  151	 23709.948632
 126	  163	 3533.746687
 127	  138	 6278.241863
 127	  143	 34541.148327
 127	  145	 19847.451244
 128	  139	 80833.184783
 128	  155	 10692.787922
 128	  157	 3130.053219
 129	  135	 17165.357061
 129	  136	 29541.027377
 129	  148	 24020.971909
 130	  142	 489.731892
 130	  162	 18583.994562
 130	  166	 12786.917025
 130	  172	 4031.608655
 131	  137	 91396.910629
 131	  168	 3250.535231
 132	  144	 25365.244224
 132	  163	 38999.127364
 133	  134	 48779.650668
 133	  152	 51650.693499
 133	  154	 6634.239303
 134	  152	 9302.687537
 134	  161	 23799.714689
 135	  140	 55615.640595
 135	  148	 38443.998948
 135	  176	 173.091820
 136	  141	 38126.154316
 136	  148	 7740.067574
 136	  177	 6245.614182
 137	  150	 32913.885477
 137	  168	 10950.952766
 138	  145	 21597.942539
 138	  147	 19569.320247
 138	  156	 15920.180475
 139	  140	 33294.281876
 139	  157	 62274.828709
 140	  157	 4431.641841
 140	  176	 18053.232602
 141	  146	 7189.511618
 141	  158	 23594.984195
 141	  177	 4283.785026
 142	  149	 4479.753547
 142	  159	 40790.997558
 142	  162	 27946.547593
 143	  145	 27882.282663
 143	  171	 22767.363122
 143	  187	 4348.234635
 144	  150	 19272.946849
 144	  163	 3891.710345
 144	  169	 7324.590374
 144	  181	 21092.803590
 144	  182	 1105.175064
 145	  156	 32681.143741
 145	  187	 5434.848287
 146	  149	 11806.649359
 146	  158	 39028.418252
 146	  165	 5305.338385
 146	  184	 4637.594927
 147	  156	 16416.684916
 147	  161	 10582.498815
 147	  170	 27837.975392
 148	  167	 65366.126447
 148	  176	 2633.740855
 148	  177	 302.811682
 149	  159	 21469.044297
 149	  165	 36175.964083
 150	  168	 6736.424572
 150	  169	 43749.835626
 151	  163	 20746.373196
 151	  164	 9209.883213
 151	  173	 16600.703554
 151	  174	 16982.160679
 151	  190	 5178.667620
 152	  154	 33561.147353
 152	  161	 18162.068890
 152	  183	 23139.388814
 153	  155	 32642.324627
 153	  171	 24346.186535
 153	  175	 10465.964983
 154	  164	 46100.610934
 154	  183	 16839.274720
 155	  157	 9778.931498
 155	  175	 25290.400270
 155	  179	 6202.513937
 156	  170	 6155.835407
 156	  186	 18962.570816
 156	  187	 9915.752378
 157	  176	 12887.953402
 157	  179	 39309.372732
 158	  177	 20034.570954
 158	  184	 26279.067673
 158	  188	 1776.250317
 159	  162	 10232.529514
 159	  165	 30385.001470
 159	  180	 35827.583799
 160	  166	 15540.911765
 160	  197	 16435.604637
 161	  170	 18088.772847
 161	  178	 31135.824658
 161	  183	 1918.205131
 162	  172	 24659.457103
 162	  180	 1141.236877
 162	  192	 26820.472266
 162	  201	 5946.849427
 163	  173	 60376.072036
 163	  182	 22567.585536
 164	  174	 50140.695265
 164	  183	 331.947397
 164	  195	 11566.848191
 165	  180	 26562.599690
 165	  184	 16486.721916
 165	  196	 12785.789104
 166	  172	 46548.686505
 166	  189	 8087.180757
 166	  197	 11792.644777
 167	  176	 5241.632307
 167	  177	 29883.253544
 167	  188	 2025.671545
 167	  191	 24694.818215
 168	  169	 8679.202226
 168	  193	 15105.396825
 168	  202	 8436.707995
 169	  181	 15406.744179
 169	  193	 16194.969778
 169	  198	 12974.366338
 170	  178	 23758.883118
 170	  186	 15181.839863
 170	  204	 8809.052774
 171	  175	 10029.615779
 171	  187	 14269.807836
 171	  203	 8718.654739
 171	  208	 9269.248815
 172	  189	 56256.843163
 172	  201	 1593.662272
 173	  182	 3095.023419
 173	  190	 26103.108480
 173	  194	 27977.325499
 174	  190	 31317.173441
 174	  195	 32050.769021
 174	  207	 2288.888976
 175	  179	 11639.463541
 175	  203	 17145.636227
 175	  205	 11594.717740
 176	  179	 5592.467704
 176	  191	 15750.725420
 176	  206	 17938.139257
 176	  209	 2298.031994
 177	  188	 78262.597489
 178	  183	 5537.920911
 178	  200	 14656.597418
 178	  204	 20608.922291
 179	  205	 21475.362846
 179	  206	 14317.691440
 180	  192	 37033.357708
 180	  196	 28908.572154
 180	  211	 10057.908814
 181	  182	 11625.890501
 181	  185	 24780.286945
 181	  198	 15711.396095
 181	  214	 10171.635166
 182	  185	 107334.135802
 182	  194	 14526.566486
 183	  195	 1045.325825
 183	  199	 31656.811969
 183	  200	 53588.557212
 184	  188	 289.124991
 184	  196	 43130.295567
 184	  210	 18121.368385
 184	  225	 6915.462903
 185	  194	 14700.213351
 185	  214	 14570.251347
 185	  229	 360.295296
 186	  187	 31164.604559
 186	  204	 12724.662184
 186	  219	 12801.856021
 186	  220	 1907.543756
 187	  208	 14570.076467
 187	  220	 16159.853446
 188	  191	 8518.177904
 188	  210	 16031.395421
 188	  212	 15501.639181
 189	  197	 8985.952441
 189	  201	 44381.299155
 189	  216	 10039.906625
 189	  221	 7845.399973
 190	  194	 10363.286679
 190	  207	 22566.276668
 190	  215	 16912.383447
 191	  209	 24560.118156
 191	  212	 7239.227792
 192	  201	 32340.871787
 192	  211	 23854.148913
 192	  217	 11388.975774
 193	  198	 62990.271510
 193	  202	 32238.289463
 193	  213	 10249.881220
 193	  226	 942.140831
 194	  215	 14107.839561
 194	  227	 5693.769185
 194	  229	 3824.605571
 195	  199	 69870.608523
 195	  207	 28902.685351
 195	  223	 1729.972284
 196	  211	 24679.117800
 196	  225	 16564.760186
 197	  221	 21456.738777
 197	  222	 9860.363899
 198	  214	 7851.834559
 198	  226	 16830.975500
 199	  200	 11654.236391
 199	  223	 4302.944563
 199	  224	 28025.212024
 200	  204	 5839.371453
 200	  218	 40099.344582
 200	  224	 1751.214626
 200	  234	 619.215666
 201	  216	 41040.701556
 201	  217	 13999.868087
 202	  213	 30310.716034
 203	  205	 20890.354986
 203	  208	 22497.456709
 203	  231	 5326.312064
 203	  235	 9841.518659
 204	  219	 11406.263311
 204	  234	 17686.260819
 204	  238	 13499.701935
 205	  206	 1114.141228
 205	  232	 15430.570054
 205	  235	 19415.219603
 206	  209	 18316.665212
 206	  232	 8277.073687
 206	  236	 19619.600705
 207	  215	 6558.428982
 207	  223	 23426.756901
 207	  228	 20159.298466
 208	  220	 3120.123063
 208	  230	 8795.896489
 208	  231	 38959.980557
 209	  212	 4554.808955
 209	  233	 7677.441480
 209	  236	 4209.612204
 209	  255	 9719.137374
 210	  212	 5439.782529
 210	  225	 17764.906579
 210	  237	 21167.117731
 211	  217	 6090.272933
 211	  225	 1926.994880
 211	  239	 28487.609114
 211	  240	 5070.955760
 211	  246	 2797.934778
 212	  233	 28547.176242
 212	  237	 3998.960601
 213	  226	 9760.981816
 213	  248	 16470.392629
 214	  226	 18849.117157
 214	  229	 16006.799728
 214	  253	 11518.110534
 215	  227	 34812.001269
 215	  228	 18374.088825
 216	  217	 48486.340735
 216	  221	 3145.512918
 216	  241	 28244.398785
 216	  247	 10248.822582
 217	  240	 24395.459757
 217	  241	 12748.546159
 218	  224	 19146.255955
 218	  234	 14785.572131
 218	  242	 6743.610017
 218	  244	 22820.763509
 219	  220	 29124.781303
 219	  238	 9225.636645
 219	  243	 12409.504724
 219	  245	 13240.953593
 220	  230	 46058.943487
 220	  243	 7966.850883
 221	  222	 42840.643262
 221	  247	 22877.022993
 221	  252	 21131.374804
 222	  252	 12164.866704
 223	  224	 16894.685983
 223	  228	 23198.188531
 223	  254	 11914.225804
 223	  256	 3216.579700
 224	  242	 19921.613812
 224	  256	 6021.968627
 225	  237	 6951.415514
 225	  239	 22164.638363
 225	  258	 22816.493231
 226	  248	 24726.958512
 226	  253	 12699.288093
 227	  228	 3474.336805
 227	  229	 54321.807291
 227	  260	 8196.209951
 228	  254	 20822.889514
 228	  260	 1721.711521
 229	  253	 14344.047773
 229	  260	 6989.238385
 230	  231	 11273.319972
 230	  243	 6146.880625
 230	  249	 37927.108783
 231	  235	 17435.797758
 231	  249	 11168.071816
 231	  266	 16269.801947
 231	  272	 2572.166169
 232	  235	 24996.593514
 232	  236	 38938.543431
 232	  261	 3270.351717
 232	  285	 428.428949
 232	  286	 2108.368775
 233	  237	 9449.207940
 233	  250	 8755.785667
 233	  255	 3353.909890
 233	  259	 6450.877010
 233	  262	 10373.287836
 234	  238	 24981.838314
 234	  244	 29219.553302
 234	  257	 16838.746023
 235	  272	 13783.749155
 235	  282	 5904.426782
 235	  285	 3359.967727
 236	  255	 15470.743267
 236	  261	 9043.580820
 237	  250	 38589.532905
 237	  258	 9708.681616
 238	  245	 25277.143958
 238	  257	 25022.380496
 239	  246	 37712.474599
 239	  258	 6842.679937
 239	  283	 6848.384067
 239	  291	 3486.878084
 240	  241	 6180.069331
 240	  246	 28971.659270
 240	  251	 27580.026978
 241	  247	 28925.028680
 241	  251	 28677.558087
 241	  264	 2144.429670
 241	  281	 3773.320224
 242	  244	 13081.184444
 242	  256	 13050.462850
 242	  265	 5749.722655
 243	  245	 38490.910641
 243	  249	 12449.155963
 243	  270	 3467.127750
 243	  271	 588.733689
 244	  257	 668.660514
 244	  265	 7677.933796
 244	  268	 13742.449596
 245	  257	 7651.929506
 245	  269	 9345.094704
 245	  270	 3121.981874
 246	  251	 11202.380968
 246	  263	 9648.189618
 246	  283	 3748.251215
 247	  252	 19845.794414
 247	  264	 32695.215040
 248	  253	 2540.194364
 248	  277	 660.196917
 248	  292	 16736.605063
 249	  266	 8256.918106
 249	  271	 9840.595776
 249	  274	 6352.552822
 250	  258	 16875.891835
 250	  259	 33817.674244
 251	  263	 36278.974772
 251	  281	 925.666004
 252	  264	 13319.267390
 252	  275	 26443.321666
 253	  260	 9684.710485
 253	  277	 20745.349848
 254	  256	 24291.239350
 254	  260	 1258.649885
 254	  267	 26093.807320
 254	  273	 6368.727785
 254	  278	 237.273110
 255	  261	 14797.228853
 255	  262	 27172.668951
 256	  265	 17949.218682
 256	  273	 17789.588066
 257	  268	 8719.389346
 257	  269	 14921.527928
 257	  279	 17995.725777
 258	  259	 1095.733361
 258	  276	 5584.796042
 258	  287	 10169.969891
 258	  288	 15010.112498
 258	  291	 5598.170778
 259	  262	 10752.498994
 259	  276	 26622.369895
 259	  290	 90.076829
 260	  277	 3984.698602
 260	  278	 18471.661070
 260	  289	 9420.934404
 261	  262	 3222.664643
 261	  286	 4860.710522
 261	  294	 6180.449063
 261	  313	 2603.364814
 262	  290	 24569.533489
 262	  313	 716.924080
 263	  281	 8221.314489
 263	  283	 13888.061898
 263	  284	 24478.011722
 264	  275	 28091.361600
 264	  281	 33000.882682
 264	  302	 1223.250316
 264	  309	 2851.030075
 265	  268	 31351.105363
 265	  273	 11191.281254
 265	  298	 11816.562145
 266	  272	 54754.487438
 266	  274	 18643.366579
 266	  296	 8119.084888
 267	  273	 30739.694608
 267	  278	 23622.424639
 267	  295	 14399.810112
 268	  279	 7993.766155
 268	  298	 7651.388178
 268	  307	 10117.987552
 269	  270	 11937.561701
 269	  279	 13767.244147
 269	  280	 38213.486200
 270	  271	 28682.670352
 270	  280	 9474.201451
 270	  293	 4637.437171
 271	  274	 44776.329921
 271	  293	 4369.889410
 272	  282	 40874.081913
 272	  296	 13391.923914
 273	  295	 15261.720646
 273	  298	 12155.057694
 274	  293	 2343.966942
 274	  296	 5022.077260
 274	  308	 7383.519229
 275	  302	 39880.998584
 276	  287	 25482.206260
 276	  290	 9904.330229
 276	  299	 9954.490132
 276	  311	 677.393302
 277	  289	 21848.105901
 277	  292	 5130.324085
 277	  303	 22024.565504
 278	  289	 7528.661233
 278	  295	 5586.589957
 278	  297	 30064.188685
 279	  280	 11963.247719
 279	  293	 3943.769915
 279	  307	 12041.107659
 279	  323	 1985.399525
 280	  293	 19890.069946
 281	  284	 45143.904032
 281	  305	 2740.216265
 281	  309	 23902.075047
 282	  285	 32326.855218
 282	  296	 11882.384369
 282	  320	 -11585.006925
 282	  324	 102.539923
 283	  284	 7514.380781
 283	  291	 21808.800237
 283	  301	 26443.498685
 284	  301	 4182.705498
 284	  305	 23787.772988
 285	  286	 49919.138643
 285	  320	 -17788.820451
 285	  326	 2313.057389
 286	  294	 29461.762505
 286	  326	 808.207538
 287	  288	 47239.889041
 287	  300	 3478.791864
 287	  311	 17049.494766
 288	  291	 21764.857490
 288	  300	 25161.648940
 289	  297	 9247.265535
 289	  303	 211.780095
 289	  304	 36846.591876
 289	  314	 1248.217118
 290	  299	 35656.041922
 290	  313	 10479.132161
 290	  336	 765.819728
 291	  300	 23217.394635
 291	  301	 5831.040110
 291	  327	 387.152872
 291	  343	 1646.194694
 292	  303	 13053.665338
 292	  306	 58070.156911
 293	  308	 4048.431306
 293	  323	 1485.989957
 293	  331	 9164.740632
 293	  338	 1611.488356
 294	  313	 6643.028749
 294	  326	 4835.898233
 294	  342	 1169.925451
 295	  297	 5552.202931
 295	  298	 4660.953096
 295	  318	 12946.591135
 295	  319	 10087.969269
 296	  308	 25397.519632
 296	  312	 4226.464952
 296	  324	 3798.287764
 297	  304	 11606.152737
 297	  315	 15735.236833
 297	  318	 8945.678248
 298	  307	 1.242085
 298	  310	 27642.024216
 298	  319	 8680.705635
 299	  311	 12217.328158
 299	  336	 6192.866554
 299	  339	 8974.098829
 300	  311	 7472.918355
 300	  327	 18776.812925
 301	  305	 21665.492640
 301	  328	 19946.481943
 301	  343	 483.764397
 302	  309	 10489.523397
 302	  317	 28687.571642
 302	  333	 15409.427016
 303	  306	 4124.328278
 303	  314	 17506.062057
 303	  321	 22339.226960
 304	  314	 12450.805688
 304	  315	 12741.093614
 304	  322	 9028.343488
 305	  309	 1710.267638
 305	  316	 27528.436896
 305	  328	 9144.573553
 306	  321	 10405.591200
 306	  329	 26495.323087
 307	  310	 9092.590965
 307	  323	 15099.054276
 307	  330	 5443.076573
 307	  335	 853.295969
 308	  312	 37484.453040
 308	  338	 2371.687262
 309	  316	 26003.808172
 309	  317	 35669.939230
 309	  332	 2633.058836
 310	  319	 1545.266472
 310	  325	 17065.951307
 310	  330	 3032.896505
 311	  327	 10336.802510
 311	  339	 6520.078535
 311	  355	 7122.243870
 312	  324	 7980.778531
 312	  338	 461.828603
 312	  341	 16182.300826
 313	  336	 14124.915885
 313	  342	 11584.336680
 313	  354	 3464.646749
 314	  321	 20681.232874
 314	  322	 17136.876305
 314	  350	 3568.956014
 314	  356	 2761.983401
 315	  318	 8581.697940
 315	  322	 26407.186607
 315	  348	 9574.376770
 316	  328	 1669.509915
 316	  332	 36728.271949
 316	  347	 5453.326925
 317	  332	 12430.528397
 317	  333	 1696.621571
 317	  344	 26303.582514
 317	  362	 2761.788439
 318	  319	 2568.637292
 318	  334	 25831.893548
 318	  348	 9145.964125
 319	  325	 2980.583695
 319	  334	 10605.209072
 319	  340	 14065.974498
 320	  324	 36071.658261
 320	  326	 -207300.181110
 320	  345	 -66677.597228
 321	  329	 1277.594284
 321	  350	 29577.679679
 322	  348	 2544.553909
 322	  356	 14585.323936
 323	  331	 6113.570929
 323	  335	 9686.995251
 323	  352	 7157.783489
 324	  341	 2287.061899
 324	  345	 2328.182620
 324	  374	 2229.994885
 325	  330	 7587.100582
 325	  337	 19409.070944
 325	  340	 1604.075098
 326	  342	 10072.145710
 326	  345	 11423.908424
 326	  364	 1793.469993
 327	  343	 7198.182877
 327	  349	 8743.739554
 327	  355	 564.977955
 328	  343	 5573.233468
 328	  346	 25913.315112
 328	  347	 15020.972847
 329	  350	 5256.613332
 329	  367	 2488.852221
 329	  384	 3666.594100
 329	  385	 3420.000352
 330	  335	 21827.751134
 330	  337	 5581.957970
 330	  357	 467.378046
 331	  338	 10703.233536
 331	  352	 6099.905963
 331	  353	 2947.453930
 331	  373	 1507.243687
 332	  347	 10347.614675
 332	  361	 31371.849650
 332	  362	 3909.038574
 333	  344	 37617.051139
 333	  371	 4353.271093
 334	  340	 21323.479042
 334	  348	 7382.078278
 334	  369	 16750.115556
 335	  352	 3846.235191
 335	  357	 16241.335341
 336	  339	 10508.916536
 336	  354	 11652.197787
 336	  358	 7221.390936
 337	  340	 4102.470516
 337	  351	 30908.897229
 337	  357	 6177.851349
 338	  341	 10060.616039
 338	  353	 24779.989439
 339	  355	 26144.951344
 339	  358	 4758.839783
 339	  375	 791.532066
 339	  382	 418.371675
 340	  351	 3634.019479
 340	  363	 5717.640245
 340	  368	 14470.462038
 340	  369	 5888.822489
 341	  353	 7234.690129
 341	  370	 12625.438579
 341	  374	 1830.352639
 341	  381	 2285.846769
 342	  354	 11838.980213
 342	  364	 20127.831106
 343	  346	 2172.911501
 343	  349	 419.584283
 343	  359	 10200.534272
 343	  360	 11815.203292
 344	  362	 57859.121436
 344	  371	 11028.019076
 345	  364	 986.531810
 345	  372	 6062.822713
 345	  374	 8203.150945
 345	  387	 1418.151185
 345	  393	 183.824902
 346	  347	 17826.632500
 346	  360	 19059.172386
 346	  365	 21980.900959
 347	  361	 9187.039581
 347	  365	 31336.040985
 347	  376	 2408.007147
 348	  356	 24953.079822
 348	  369	 9476.934746
 348	  377	 14792.507234
 349	  355	 4084.819869
 349	  359	 7658.750975
 349	  383	 4454.399620
 350	  356	 5958.091723
 350	  367	 57199.760665
 350	  379	 2427.157112
 350	  390	 876.955238
 351	  357	 20502.918471
 351	  363	 51644.029285
 352	  357	 3573.798567
 352	  373	 1571.887559
 352	  378	 5357.843689
 352	  380	 2958.551494
 353	  370	 20649.229875
 353	  373	 15925.877248
 354	  358	 4914.275743
 354	  364	 1681.607297
 354	  375	 1480.483993
 354	  388	 8007.129917
 355	  382	 14971.824419
 355	  383	 3458.114909
 355	  395	 751.817674
 356	  377	 10350.923854
 356	  379	 14715.361432
 357	  363	 1040.088650
 357	  380	 20407.535860
 358	  375	 10688.021144
 359	  360	 10199.499614
 359	  383	 5661.147828
 359	  386	 4165.841544
 360	  365	 3902.020520
 360	  386	 9141.948815
 360	  389	 916.651900
 361	  362	 7690.927730
 361	  366	 100152.596144
 361	  376	 8550.299314
 362	  366	 25681.567191
 362	  371	 14471.375494
 362	  392	 13416.874266
 363	  368	 39623.052931
 363	  380	 7157.382053
 363	  397	 2086.635292
 364	  372	 17256.122695
 364	  388	 2207.464918
 364	  391	 4303.972445
 365	  376	 19727.721308
 365	  389	 19040.031521
 366	  376	 21506.999310
 366	  392	 15512.493221
 367	  385	 19027.759545
 367	  390	 12251.340868
 367	  401	 2073.993968
 367	  406	 4013.471562
 368	  369	 15090.685907
 368	  397	 5341.761816
 368	  402	 12705.002756
 369	  377	 17011.720846
 369	  402	 16175.261999
 369	  411	 5659.846008
 370	  373	 6421.583971
 370	  381	 20505.679791
 370	  399	 11249.036514
 370	  414	 3152.278903
 371	  392	 3294.478228
 371	  400	 16175.007289
 372	  387	 9569.578396
 372	  391	 360.239938
 372	  394	 4744.053508
 373	  378	 13529.322319
 373	  399	 21093.642939
 374	  381	 22830.621828
 374	  393	 12334.770682
 374	  407	 530.244602
 375	  382	 21324.616669
 375	  388	 6494.300051
 375	  404	 7446.099797
 375	  419	 3207.873869
 376	  389	 9152.761136
 376	  392	 823.435255
 376	  396	 43753.421334
 377	  379	 14699.886295
 377	  411	 12458.859365
 377	  426	 5424.876131
 378	  380	 300.678967
 378	  398	 2362.554495
 378	  399	 1339.777356
 378	  413	 3568.290958
 379	  390	 27767.320521
 379	  426	 1921.792569
 379	  433	 2182.035787
 380	  397	 21852.375554
 380	  398	 20946.395029
 381	  407	 14316.961472
 381	  414	 4902.471654
 382	  395	 1326.358126
 382	  404	 13950.234235
 382	  409	 8268.689460
 383	  386	 6785.643165
 383	  395	 28455.250060
 383	  403	 7595.614051
 384	  385	 26860.675899
 384	  416	 6278.131741
 385	  401	 32648.036656
 385	  416	 1245.843287
 386	  389	 9391.999477
 386	  403	 15448.167598
 386	  405	 4516.250915
 386	  415	 2703.613395
 387	  393	 4051.059569
 387	  394	 3503.083236
 387	  408	 7496.592112
 388	  391	 24133.916097
 388	  418	 6613.772252
 388	  419	 3786.147085
 389	  396	 306.714249
 389	  405	 23796.794992
 389	  410	 7428.186069
 390	  406	 13397.720467
 390	  425	 4949.075350
 390	  433	 4684.163995
 391	  394	 28868.516484
 391	  418	 5268.140330
 392	  396	 31342.161047
 392	  400	 13799.959830
 392	  420	 33646.973497
 393	  407	 4152.692426
 393	  408	 4425.771796
 393	  421	 5057.307563
 394	  408	 881.581278
 394	  418	 1054.557238
 394	  422	 4785.630257
 395	  403	 12762.472649
 395	  409	 13804.636608
 395	  423	 7344.448150
 396	  410	 30276.587179
 396	  420	 12807.067483
 396	  436	 1130.701804
 397	  398	 20143.923375
 397	  402	 6118.024630
 397	  412	 1888.763484
 397	  429	 26587.155870
 398	  413	 19230.167329
 398	  429	 7947.190219
 398	  443	 4266.456653
 399	  413	 497.597043
 399	  414	 8340.996737
 399	  417	 40046.138724
 399	  428	 4393.306559
 400	  420	 2702.257416
 400	  431	 20436.034344
 401	  406	 39623.970603
 401	  416	 16293.372426
 401	  432	 3872.023474
 402	  411	 9715.420517
 402	  412	 54627.791006
 403	  415	 42236.685685
 403	  423	 5202.649085
 404	  409	 4631.669015
 404	  419	 15626.194282
 404	  430	 7618.970453
 404	  435	 6052.894071
 405	  410	 14042.095192
 405	  415	 7715.257103
 405	  424	 6068.511581
 405	  437	 10883.799497
 406	  425	 33368.726907
 406	  432	 1680.602420
 407	  414	 22829.166462
 407	  421	 13269.003097
 407	  438	 7904.958273
 408	  421	 3050.179783
 408	  422	 2905.532148
 408	  434	 6734.817960
 409	  423	 14394.641623
 409	  430	 14184.082257
 410	  424	 31117.123105
 410	  436	 7912.584142
 411	  412	 14725.469782
 411	  426	 14328.681772
 411	  442	 10133.905594
 412	  429	 3635.932067
 412	  440	 25987.554163
 412	  442	 2535.320790
 412	  451	 674.975967
 413	  417	 9906.000039
 413	  427	 40354.078066
 413	  443	 8379.524181
 414	  428	 15071.854002
 414	  438	 1857.146096
 414	  447	 6660.259406
 415	  423	 9216.795495
 415	  437	 3504.567515
 415	  445	 7062.556154
 415	  453	 7357.100137
 416	  432	 13272.469134
 416	  457	 505.934038
 417	  427	 41647.285990
 417	  428	 14817.951184
 417	  455	 329.867652
 418	  419	 5145.282114
 418	  422	 10609.152376
 418	  444	 7483.038200
 419	  435	 15935.432767
 419	  444	 4523.081109
 420	  431	 22786.911733
 420	  436	 13635.216171
 420	  439	 38968.770479
 420	  441	 1807.962854
 421	  434	 1905.472847
 421	  438	 17449.178425
 421	  452	 2438.728084
 422	  434	 4569.991217
 422	  444	 161.708840
 422	  460	 2474.445476
 423	  430	 2813.283927
 423	  445	 20203.686965
 423	  448	 1979.904881
 423	  463	 1150.245283
 424	  436	 37946.530713
 424	  437	 31026.222755
 425	  432	 4372.298639
 425	  433	 11793.682973
 425	  454	 1686.656168
 425	  461	 11208.569116
 426	  433	 18289.659363
 426	  442	 9310.592900
 426	  449	 6375.317940
 427	  443	 8146.405011
 427	  455	 26424.031310
 428	  447	 8674.561453
 428	  455	 14.239223
 428	  466	 4007.879788
 428	  471	 1098.110968
 429	  440	 22985.241299
 429	  443	 22470.412941
 429	  465	 13775.939322
 430	  435	 25381.948934
 430	  448	 17172.567806
 431	  441	 46473.595703
 431	  446	 21675.250487
 432	  454	 8796.210925
 432	  457	 3006.494659
 433	  449	 11055.904326
 433	  461	 801.673220
 433	  464	 4356.402934
 434	  452	 6004.220649
 434	  460	 1393.133357
 434	  462	 2825.348363
 435	  444	 1186.741224
 435	  448	 11940.788184
 435	  467	 6761.746390
 436	  437	 2263.502439
 436	  439	 23700.004485
 436	  456	 28952.467067
 437	  453	 21380.112278
 437	  456	 8140.268422
 437	  469	 10697.519736
 438	  447	 11150.276971
 438	  452	 13111.916763
 438	  458	 25455.886544
 439	  441	 50573.308845
 439	  456	 9738.567467
 439	  475	 10367.679783
 439	  479	 35.259432
 440	  451	 31808.291226
 440	  465	 5844.619273
 440	  473	 8052.898358
 441	  446	 3133.861074
 441	  459	 25149.486221
 441	  479	 8526.483251
 442	  449	 1311.696726
 442	  450	 40169.158850
 442	  451	 10160.501354
 443	  455	 14232.091397
 443	  465	 6698.248410
 443	  470	 15025.344302
 444	  460	 5825.470091
 444	  467	 6337.774996
 444	  500	 641.506099
 445	  453	 12996.581569
 445	  463	 17754.857978
 445	  468	 4260.734589
 446	  459	 38202.362381
 447	  458	 27288.258765
 447	  471	 19096.545543
 448	  463	 7410.189439
 448	  467	 4204.276528
 448	  472	 23429.360943
 448	  483	 1025.772851
 449	  450	 7360.563083
 449	  464	 12314.410552
 449	  488	 3218.379109
 449	  493	 2478.958575
 450	  451	 16353.684375
 450	  488	 14526.135327
 450	  489	 20.294030
 451	  473	 9111.606098
 451	  489	 5798.908691
 452	  458	 5821.839927
 452	  462	 13238.614794
 452	  476	 11648.716004
 453	  468	 38338.152686
 453	  469	 2613.525973
 453	  474	 7871.367158
 454	  457	 11641.703435
 454	  461	 5840.849830
 454	  477	 1885.327422
 454	  478	 4708.485829
 454	  480	 3066.776578
 455	  466	 32419.454651
 455	  470	 21307.250396
 456	  469	 27282.655935
 456	  475	 28877.446963
 457	  477	 8735.230226
 458	  471	 7831.837093
 458	  476	 19273.920404
 458	  497	 3421.992061
 458	  499	 4888.203852
 459	  479	 22495.014761
 459	  503	 9271.513521
 460	  462	 8007.128909
 460	  500	 2471.140028
 460	  502	 3373.967132
 460	  522	 238.650508
 461	  464	 13896.448588
 461	  478	 5123.180768
 461	  481	 2541.056244
 461	  487	 7079.928019
 462	  476	 10733.176691
 462	  485	 7253.302731
 462	  510	 2550.774069
 462	  522	 2174.023779
 463	  468	 3444.034602
 463	  483	 14778.240918
 463	  484	 3697.487986
 463	  486	 17609.588851
 463	  495	 856.239499
 464	  481	 22561.290679
 464	  493	 3906.289542
 465	  470	 3281.156807
 465	  473	 32097.663562
 465	  490	 23006.491818
 466	  470	 3503.282279
 466	  471	 12044.869304
 466	  482	 11129.781638
 466	  496	 18440.068670
 467	  472	 20793.949491
 467	  491	 18241.610608
 467	  500	 7953.642540
 468	  474	 21441.819708
 468	  484	 49144.403305
 468	  505	 561.877817
 469	  474	 92957.705710
 469	  475	 8769.506402
 469	  492	 5009.561802
 469	  507	 2131.275626
 470	  490	 10948.537361
 470	  496	 5165.426906
 470	  504	 11417.490705
 471	  482	 35332.453170
 471	  497	 8023.324401
 472	  483	 18429.281424
 472	  491	 10417.275974
 472	  494	 16389.602316
 473	  489	 26842.552870
 473	  490	 612.859033
 473	  506	 4725.661079
 474	  505	 31182.237414
 474	  507	 2263.592616
 475	  479	 24154.662200
 475	  492	 46737.022103
 476	  485	 63668.667969
 476	  499	 9966.013993
 477	  480	 40351.787681
 477	  519	 3732.720621
 478	  480	 34926.567321
 478	  487	 25434.598806
 478	  520	 701.529869
 479	  492	 11154.509924
 479	  498	 65429.286620
 479	  503	 6327.710278
 480	  519	 8962.055933
 480	  520	 4590.045780
 481	  487	 8618.596223
 481	  493	 12186.712904
 481	  512	 3405.786553
 481	  516	 7384.889715
 482	  496	 13560.445299
 482	  497	 41298.445822
 482	  509	 2804.311627
 483	  494	 23400.713035
 483	  495	 72591.891583
 484	  486	 49464.489649
 484	  505	 17202.095431
 484	  515	 18843.953140
 485	  499	 27763.347343
 485	  510	 21809.551541
 486	  495	 39476.429201
 486	  515	 20855.732380
 487	  516	 12402.176394
 487	  520	 5312.772262
 488	  489	 1596.708156
 488	  493	 19864.967151
 488	  501	 28929.767043
 488	  521	 7760.191595
 489	  501	 9091.746539
 489	  506	 7490.673753
 489	  508	 19650.967485
 490	  504	 5478.045793
 490	  506	 19561.652735
 490	  517	 11009.992092
 491	  494	 61696.624244
 491	  500	 10451.637316
 491	  514	 800.310823
 491	  530	 11418.885794
 492	  498	 11227.569862
 492	  507	 55466.081127
 492	  511	 5725.227603
 493	  512	 20909.768128
 493	  521	 1260.738223
 494	  495	 5714.085699
 494	  530	 7591.692740
 494	  531	 10945.885631
 494	  540	 2910.268413
 495	  515	 5155.788806
 495	  527	 16108.200320
 495	  531	 5691.188397
 496	  504	 7814.889170
 496	  509	 44015.840163
 497	  499	 10415.492811
 497	  509	 5790.949763
 497	  513	 19545.507346
 497	  526	 12302.697241
 498	  503	 22772.955195
 498	  511	 63449.971582
 499	  510	 11958.987125
 499	  513	 36625.249936
 499	  535	 1355.068546
 500	  502	 15369.218353
 500	  514	 18718.132361
 501	  508	 15187.643200
 501	  521	 18353.757740
 502	  514	 4932.601035
 502	  518	 10394.610519
 502	  522	 4773.154598
 503	  511	 35965.962130
 503	  578	 4406.925353
 504	  509	 3842.197734
 504	  517	 30588.983103
 504	  525	 8510.643733
 505	  507	 24218.490083
 505	  515	 9671.281457
 505	  534	 22203.657865
 505	  538	 9126.376539
 506	  508	 1006.179377
 506	  517	 2093.669265
 506	  523	 9325.070132
 506	  529	 13581.125609
 506	  533	 5457.773994
 507	  511	 1081.811127
 507	  528	 34997.540488
 507	  534	 11644.287716
 508	  521	 1680.893738
 508	  523	 41792.427803
 508	  545	 2581.781179
 509	  525	 29461.772645
 509	  526	 5415.451194
 509	  561	 3822.599977
 510	  522	 7408.900836
 510	  524	 39604.334383
 510	  535	 2136.975188
 510	  536	 5880.119562
 511	  528	 44597.037738
 511	  571	 7153.392472
 511	  578	 11.404481
 512	  516	 16635.965683
 512	  521	 13451.428806
 512	  544	 6450.867586
 512	  548	 3704.091272
 513	  526	 36055.176389
 513	  535	 8966.392405
 514	  518	 24587.127576
 514	  530	 20009.999311
 514	  551	 3051.693104
 515	  527	 26488.909023
 515	  538	 22142.266066
 515	  546	 9531.005518
 516	  520	 402.771859
 516	  532	 13589.504579
 516	  548	 5739.325795
 516	  559	 3583.971160
 517	  525	 10067.662583
 517	  529	 7186.944335
 517	  542	 12306.740798
 518	  522	 17383.080337
 518	  549	 2155.346814
 518	  551	 9909.300088
 519	  520	 39954.713850
 519	  539	 21112.689160
 520	  532	 13930.494026
 520	  539	 2411.650720
 521	  544	 6711.546093
 521	  545	 16127.618616
 522	  524	 14864.156003
 522	  537	 13351.570645
 522	  549	 2838.648449
 523	  533	 14956.946239
 523	  541	 5762.933054
 523	  545	 8056.706295
 524	  536	 24812.119694
 524	  537	 16414.705035
 525	  542	 4302.082997
 525	  560	 10282.676632
 525	  561	 10087.603915
 526	  535	 12359.351070
 526	  553	 16727.210948
 526	  561	 2935.529894
 527	  531	 70284.407355
 527	  546	 17950.708764
 527	  552	 5063.313377
 528	  534	 3034.412805
 528	  558	 1278.652121
 528	  565	 17814.207254
 528	  571	 15313.115703
 528	  577	 8063.187809
 529	  533	 37360.364350
 529	  542	 16014.729279
 529	  568	 4273.541597
 530	  540	 694.222732
 530	  550	 31476.125363
 530	  551	 5514.954903
 530	  562	 16185.556454
 531	  540	 51033.114086
 531	  552	 11915.329263
 532	  539	 10669.574273
 532	  555	 21226.730451
 532	  559	 3551.675744
 533	  541	 18812.783491
 533	  568	 3683.904864
 534	  538	 13238.609407
 534	  543	 66994.150145
 534	  558	 1003.529581
 535	  536	 27724.471437
 535	  553	 1402.593962
 535	  556	 17289.456773
 536	  537	 8543.278944
 536	  556	 1015.434378
 536	  572	 9213.914247
 536	  581	 672.339816
 537	  549	 24097.347461
 537	  572	 1816.719248
 537	  573	 1056.145348
 538	  543	 5348.366125
 538	  546	 1346.613007
 538	  547	 76266.541513
 538	  554	 10863.458788
 539	  555	 5481.705445
 539	  566	 12242.738021
 540	  550	 32620.970384
 540	  552	 21882.853649
 540	  567	 7060.464375
 541	  545	 4466.276428
 541	  557	 15558.078231
 541	  568	 1410.884967
 542	  560	 4103.182701
 542	  563	 18570.033276
 542	  568	 1106.937240
 543	  554	 44166.177735
 543	  558	 22783.217606
 544	  545	 2979.016885
 544	  548	 44150.574980
 544	  579	 7300.324228
 544	  592	 810.459681
 545	  557	 17005.366602
 545	  579	 16859.633229
 545	  583	 3273.253887
 546	  547	 51606.168210
 546	  552	 19350.621188
 546	  564	 27672.308778
 547	  554	 8013.701366
 547	  564	 28314.206490
 547	  582	 2105.440266
 548	  559	 19313.465328
 548	  580	 6707.936874
 548	  592	 723.642332
 549	  551	 19472.691441
 549	  573	 2862.391015
 549	  574	 7302.514779
 549	  575	 1315.865040
 550	  562	 2788.500191
 550	  567	 18489.110496
 550	  570	 21710.840728
 551	  562	 19691.986718
 551	  575	 18793.037508
 552	  564	 7609.560866
 552	  567	 7912.045038
 552	  576	 20072.773363
 553	  556	 35413.680366
 553	  561	 1380.323705
 553	  569	 20072.576939
 554	  558	 26568.386734
 554	  582	 24355.246964
 555	  559	 11783.116032
 555	  566	 25303.123102
 555	  584	 9310.632856
 556	  569	 1943.343381
 556	  581	 18875.647603
 557	  568	 6884.366384
 557	  583	 18120.200782
 557	  585	 11622.707086
 558	  565	 49671.528038
 558	  582	 188.874366
 558	  595	 18614.993696
 559	  580	 19845.403640
 559	  584	 15149.526848
 560	  561	 20848.293739
 560	  563	 12230.965557
 560	  586	 1804.450389
 560	  596	 9747.355325
 560	  611	 323.688486
 561	  569	 8825.848182
 561	  586	 11190.589411
 561	  587	 6113.078399
 562	  570	 19958.758542
 562	  575	 8730.290895
 562	  590	 13661.020251
 562	  598	 1573.337152
 563	  568	 14309.835571
 563	  593	 14284.921155
 563	  611	 161.805586
 564	  576	 15179.905493
 564	  582	 21611.817028
 564	  599	 29529.583738
 564	  620	 240.085196
 565	  577	 81434.292705
 565	  595	 8637.580594
 565	  605	 5846.178267
 566	  584	 2184.362038
 566	  588	 6135.138691
 566	  589	 15518.674270
 567	  570	 17970.022885
 567	  576	 58093.596301
 567	  604	 6686.081282
 568	  585	 21445.086582
 568	  593	 10482.024731
 569	  581	 1263.357257
 569	  587	 6945.131673
 569	  597	 6833.541609
 569	  601	 3489.570092
 570	  590	 21654.405998
 570	  603	 3139.588554
 570	  604	 1732.522338
 571	  577	 24225.180577
 571	  578	 52819.725649
 571	  591	 14062.609183
 571	  606	 21083.857598
 571	  607	 5831.499275
 572	  573	 13901.916375
 572	  581	 9746.495640
 572	  602	 8499.530112
 573	  574	 11319.145647
 573	  594	 2672.896912
 573	  602	 1674.348743
 574	  575	 13953.503273
 574	  594	 13283.827063
 575	  594	 17767.527735
 575	  598	 4505.979550
 576	  604	 12347.041048
 576	  620	 16522.454452
 577	  591	 85464.375556
 577	  605	 6556.289418
 578	  607	 17088.660710
 579	  583	 15849.340426
 579	  592	 34649.168982
 579	  600	 2512.437814
 579	  615	 5552.914115
 580	  584	 14871.529489
 580	  592	 13112.990744
 580	  613	 8934.489593
 580	  625	 1218.900030
 581	  601	 13210.932108
 581	  602	 2151.022728
 581	  612	 4239.454490
 582	  595	 38507.208287
 582	  599	 49253.375438
 583	  585	 13548.617371
 583	  600	 33405.392895
 584	  589	 4530.946188
 584	  610	 25688.880028
 584	  625	 7124.949561
 585	  593	 1737.171083
 585	  600	 3041.516892
 585	  608	 20045.024278
 585	  622	 7028.480955
 586	  587	 16657.036847
 586	  596	 21086.900112
 586	  618	 2276.939481
 587	  597	 8690.522204
 587	  618	 3232.875178
 588	  589	 15196.314422
 588	  609	 8860.386069
 589	  609	 5799.324060
 589	  610	 10740.418488
 590	  598	 32458.633197
 590	  603	 6460.364037
 591	  605	 62539.021956
 591	  606	 45263.200810
 592	  613	 4166.625403
 592	  614	 20608.905467
 592	  615	 8132.747923
 593	  611	 14465.292426
 593	  622	 14956.852114
 594	  598	 130.883172
 594	  602	 2801.085272
 594	  623	 18810.262460
 594	  632	 8021.150879
 595	  599	 341.201760
 595	  605	 29925.664113
 595	  624	 47729.413340
 596	  611	 8755.257779
 596	  617	 13050.126364
 596	  618	 1399.668134
 597	  601	 3309.221373
 597	  618	 3265.430958
 597	  619	 6082.951865
 598	  603	 2857.645305
 598	  623	 11115.466580
 598	  626	 2420.116350
 599	  620	 12600.955858
 599	  624	 19366.929854
 599	  628	 25373.671639
 599	  636	 9377.129024
 600	  608	 17543.855565
 600	  615	 7540.420766
 600	  616	 16092.306581
 601	  612	 5239.148513
 601	  619	 5818.096063
 601	  627	 4222.864857
 602	  612	 11476.201605
 602	  632	 10019.618645
 602	  642	 1536.209963
 603	  604	 9498.299054
 603	  626	 13144.261330
 604	  620	 9616.816168
 604	  626	 8466.320569
 604	  633	 19325.710653
 605	  606	 1763.789713
 605	  624	 2427.039614
 605	  629	 50951.206555
 605	  637	 17969.627672
 606	  607	 34708.407238
 606	  621	 5022.670028
 606	  629	 11698.130765
 606	  634	 28095.118425
 606	  638	 6139.004594
 607	  621	 38413.067066
 608	  616	 19679.620455
 608	  622	 21208.252671
 608	  659	 844.906816
 609	  610	 2340.980589
 609	  630	 689.700086
 609	  635	 9809.302289
 609	  640	 1262.857473
 610	  625	 9288.012670
 610	  630	 29860.874067
 611	  617	 3786.898168
 611	  622	 2525.978580
 611	  631	 -18797.571604
 612	  627	 11843.976794
 612	  642	 6723.427867
 613	  614	 39260.091789
 613	  625	 63203.103368
 613	  666	 3233.395240
 614	  615	 10218.185156
 614	  639	 16176.953108
 614	  666	 908.709243
 615	  616	 14062.175015
 615	  639	 16402.929125
 615	  648	 4210.693251
 616	  648	 10794.190648
 616	  659	 3567.009828
 617	  618	 8053.957419
 617	  631	 -7667.938503
 617	  641	 5276.157127
 618	  619	 2466.983222
 618	  641	 2927.812839
 618	  649	 4621.655594
 619	  627	 12371.257539
 619	  649	 1441.259472
 619	  650	 3669.547647
 620	  628	 57043.675200
 620	  633	 27942.847364
 620	  644	 12175.323483
 621	  638	 34307.234962
 622	  631	 -2187.827077
 622	  657	 8079.247121
 622	  659	 4863.710085
 623	  626	 56.545201
 623	  632	 3171.803619
 623	  643	 23262.368414
 623	  652	 5625.577117
 623	  658	 6845.672581
 624	  636	 20059.228257
 624	  637	 30648.930529
 624	  646	 34332.017536
 625	  630	 7309.808827
 625	  653	 17404.162224
 625	  666	 4785.267856
 626	  633	 12001.823956
 626	  643	 22441.976534
 626	  655	 24536.862483
 627	  642	 2734.015466
 627	  650	 714.976327
 627	  651	 6221.550783
 627	  662	 945.687771
 628	  636	 43275.714989
 628	  644	 17005.267832
 628	  664	 11422.977050
 629	  634	 37480.847184
 629	  637	 24644.787895
 629	  647	 28189.905827
 630	  640	 24805.309040
 630	  653	 8802.070211
 631	  641	 -3041.566197
 631	  654	 33365.100622
 631	  657	 -4710.112810
 631	  671	 -7643.314876
 631	  674	 2786.397070
 632	  642	 6161.267880
 632	  652	 11720.147314
 632	  668	 2077.309668
 633	  644	 37539.012796
 633	  655	 20754.817590
 634	  638	 2687.588719
 634	  645	 89414.012243
 634	  647	 25879.069408
 635	  640	 11692.803019
 635	  673	 6269.505671
 636	  646	 39251.787615
 636	  664	 8825.042804
 636	  669	 23391.130971
 637	  646	 25718.846251
 637	  647	 38418.935140
 637	  687	 17629.877600
 638	  645	 38733.986745
 638	  656	 1876.742691
 638	  663	 40837.089337
 639	  648	 15887.787008
 639	  666	 12836.136324
 639	  681	 6144.395419
 640	  653	 8884.463153
 640	  673	 5949.099728
 640	  680	 10950.406086
 641	  649	 1202.474671
 641	  654	 11108.597067
 641	  660	 49881.097268
 642	  662	 8058.512358
 642	  668	 6146.736452
 642	  688	 136.822974
 643	  655	 12122.119628
 643	  658	 16643.546126
 643	  676	 27347.247738
 644	  655	 4202.537258
 644	  664	 21899.231135
 644	  677	 29784.356765
 645	  647	 252.673412
 645	  656	 112852.545486
 646	  669	 11344.757545
 646	  679	 31023.152008
 646	  687	 10358.034257
 647	  656	 12166.681506
 647	  665	 7569.880442
 647	  686	 29897.353090
 647	  687	 5044.424559
 648	  659	 7332.590976
 648	  681	 5960.946331
 648	  682	 11868.187053
 649	  650	 4762.718799
 649	  660	 -755009.158405
 649	  661	 34349.917214
 650	  651	 6813.232881
 650	  661	 54177.634159
 650	  672	 1734.273692
 651	  662	 6617.843940
 651	  672	 3169.991183
 652	  658	 38365.364095
 652	  668	 1039.626815
 652	  684	 7277.907445
 653	  666	 9041.528006
 653	  680	 8805.337935
 653	  685	 17395.134046
 654	  660	 368.002586
 654	  671	 2591.883889
 654	  678	 1516.983871
 654	  683	 2831.995106
 655	  676	 15907.148754
 655	  677	 26078.228003
 655	  692	 14045.969490
 656	  663	 1898.489401
 656	  665	 74670.322402
 656	  670	 15301.765333
 657	  659	 12503.043574
 657	  674	 8464.517153
 657	  689	 462.031020
 657	  698	 208.013844
 658	  676	 6001.849899
 658	  684	 3624.017453
 658	  691	 19456.568003
 659	  682	 11830.930747
 659	  689	 7052.816617
 660	  661	 -145.714974
 660	  667	 -21056.493589
 660	  678	 1221.750778
 661	  667	 -1439.465104
 661	  672	 146036.872202
 661	  675	 -2792.195004
 661	  696	 248.728943
 662	  672	 3622.746086
 662	  688	 6438.433390
 662	  690	 1658.402701
 663	  670	 58369.745042
 663	  697	 11412.174384
 664	  669	 50373.921296
 664	  677	 19763.635244
 664	  703	 6369.599362
 664	  704	 10033.507045
 665	  670	 84197.158340
 665	  686	 44222.553283
 666	  681	 7918.550320
 666	  685	 12541.498922
 666	  695	 2771.446910
 666	  705	 6013.538166
 667	  675	 -8167.910864
 667	  678	 24185.265760
 668	  684	 10194.021929
 668	  688	 5400.197473
 669	  679	 65472.436892
 669	  704	 8527.673979
 670	  686	 1796.148006
 670	  697	 19863.174247
 670	  701	 13305.952220
 671	  674	 5921.887457
 671	  683	 16519.990128
 671	  699	 1080.203059
 672	  690	 15564.147428
 672	  696	 803.265142
 673	  680	 6023.815140
 673	  702	 8082.402125
 674	  698	 3632.149768
 674	  699	 2525.050838
 675	  678	 23230.269180
 675	  696	 6389.889295
 676	  691	 19637.347209
 676	  692	 30792.993449
 677	  692	 10273.747438
 677	  703	 23689.937124
 677	  712	 2302.971058
 677	  714	 6568.314694
 678	  683	 1154.046213
 678	  696	 351.367947
 678	  700	 4005.876702
 679	  687	 18278.892002
 679	  694	 71389.710302
 679	  704	 1810.675851
 680	  685	 17872.688889
 680	  695	 2895.327342
 680	  702	 11347.192262
 680	  722	 714.300681
 681	  682	 5545.676607
 681	  693	 23419.379809
 681	  705	 204.948487
 682	  689	 13694.556109
 682	  693	 2769.394349
 682	  710	 7986.358874
 683	  699	 5431.719102
 683	  700	 879.286898
 683	  707	 4124.959008
 684	  688	 3603.650111
 684	  691	 8293.103049
 684	  711	 6880.329993
 684	  729	 5835.741697
 685	  695	 36863.882597
 686	  687	 35303.433898
 686	  701	 48773.068631
 686	  725	 16939.815469
 687	  694	 8427.328082
 687	  709	 46884.201614
 687	  725	 13001.102724
 688	  690	 4500.573561
 688	  708	 21756.667653
 688	  729	 3243.034460
 689	  698	 8508.318599
 689	  706	 15207.279981
 689	  710	 1621.436146
 690	  696	 3105.251325
 690	  708	 6090.941730
 690	  713	 10689.724942
 691	  692	 372.308204
 691	  711	 31024.288748
 691	  730	 6811.475894
 692	  712	 31687.158139
 692	  720	 19377.392028
 692	  730	 402.358744
 693	  705	 5465.753674
 693	  710	 13188.361532
 693	  718	 14636.324013
 694	  704	 27144.204974
 694	  709	 35469.139300
 694	  721	 36233.773341
 695	  705	 14756.866195
 695	  722	 25861.377718
 696	  700	 3557.521907
 696	  713	 476.115893
 696	  717	 6545.345189
 697	  701	 66306.048035
 697	  726	 3178.719540
 697	  731	 30095.696430
 698	  699	 1813.535102
 698	  706	 3853.902747
 698	  719	 7442.232884
 698	  723	 7308.421261
 699	  707	 10518.172904
 699	  723	 11188.777798
 700	  707	 3594.139642
 700	  717	 2811.571197
 700	  724	 4331.416479
 701	  725	 1006.963744
 701	  726	 76266.511246
 702	  722	 7370.688799
 702	  727	 13214.096007
 703	  704	 13249.857548
 703	  714	 36093.351062
 703	  715	 83315.440954
 704	  715	 50809.063065
 704	  721	 22154.366721
 705	  716	 28589.179729
 705	  718	 3508.213086
 705	  722	 1144.157260
 706	  710	 26971.487884
 706	  719	 16811.843255
 707	  723	 152.653720
 707	  724	 9266.133968
 708	  713	 4096.111558
 708	  728	 18729.444723
 708	  729	 10105.625389
 709	  721	 56657.862451
 709	  725	 42216.580222
 710	  718	 2481.741573
 710	  719	 1289.895228
 711	  729	 11592.571636
 711	  730	 12381.617642
 712	  714	 73250.798345
 712	  720	 26611.018741
 713	  717	 21253.275792
 713	  728	 8920.777364
 714	  715	 6928.890980
 716	  718	 25171.133270
 716	  722	 4422.366028
 719	  723	 3162.392322
 720	  730	 20839.945562
 723	  724	 273.316805
 725	  726	 31008.773679
 726	  731	 13824.258256
 728	  729	 1699.378731
