139.736458
460.855514
271.595798
101.518350
378.001946
518.726916
252.969372
506.954530
521.991722
643.188639
405.849472
355.297889
493.214681
612.304003
411.006728
225.641150
610.302092
459.066827
558.097226
560.513752
410.187981
432.464863
842.794122
530.763188
412.726789
266.282836
234.345843
561.080094
266.736629
672.945491
622.493000
391.752042
458.025356
307.654823
226.533793
374.590187
648.721929
629.812194
278.582484
430.766772
532.480613
421.689564
584.656534
469.967622
183.324240
631.846526
270.694348
486.116388
380.186219
356.293124
398.977008
366.207089
891.580029
325.129132
425.539887
610.784878
369.993087
322.366055
608.242866
500.783381
1031.319354
455.607385
506.582269
566.514505
295.610568
348.097483
409.693008
344.401167
567.561181
509.604625
194.434601
400.381413
670.865799
1020.011456
684.375921
488.125902
497.202370
703.731713
571.806578
394.293968
874.458175
375.180612
593.688934
508.815818
781.052779
376.296618
630.247214
383.453093
627.870414
637.947384
463.332147
707.876750
394.800352
507.268477
506.208795
416.030212
587.863217
354.336949
785.045572
388.184527
605.645158
510.464468
727.125031
448.156554
492.218373
467.431888
497.323232
297.833131
595.621294
713.995796
636.597798
386.401551
640.377354
479.588518
388.252753
500.981515
504.435429
554.555336
408.347734
417.627369
426.364727
460.463055
515.584336
329.044963
372.924275
965.153900
315.020934
312.566643
468.119833
408.461775
543.591475
185.381667
476.462341
351.302368
408.693686
469.308778
461.442157
335.039833
361.065422
346.254364
575.463458
318.154335
489.314913
446.376994
607.425860
297.000372
384.191365
388.717799
357.737858
306.821952
355.675411
589.822997
395.810342
387.279082
525.244746
428.065670
368.797918
434.525296
442.668394
269.307513
472.328784
412.585208
664.773256
406.433739
470.476277
297.606911
603.930318
390.316419
308.317758
390.188943
375.785975
661.410353
325.929159
278.852203
363.456873
441.530887
664.754119
417.796562
427.900471
592.106257
348.837783
512.343590
246.285344
453.458014
592.749947
251.408209
515.568941
662.240389
417.907880
490.368305
430.078049
480.317535
478.609171
326.966709
370.637692
326.424368
449.083031
586.895161
392.138600
346.766261
454.256438
344.929003
169.163203
521.724484
629.471040
552.819816
613.847609
318.847112
544.401768
620.279941
578.881958
521.301124
450.095797
301.229363
605.478342
398.954739
344.752763
286.098308
358.198476
369.260983
310.355670
515.988318
176.963280
313.150100
346.746359
717.807272
661.392073
378.098189
409.541037
405.262891
257.015949
591.286802
676.364854
526.292830
478.763395
855.292533
492.395463
372.460365
343.318483
739.661983
216.835606
392.921731
265.883620
235.204018
377.522428
274.138957
337.860867
503.761347
884.682599
396.083373
254.159615
230.220809
436.598679
739.027512
439.105045
587.248572
353.462943
449.869244
741.062207
374.759596
657.954599
823.131495
708.351740
391.398015
527.525899
427.827666
463.509426
404.158903
630.547890
225.722619
255.194595
259.925905
447.681267
408.563667
436.134226
496.434077
453.333495
696.011985
493.213038
560.106711
165.406285
516.479043
560.916343
650.830211
319.303120
485.689606
372.429616
366.410163
298.764995
360.985632
594.479003
710.886319
872.700312
664.236078
636.073489
517.805617
439.015425
355.585478
538.493877
529.369905
337.748514
451.174519
564.879792
508.977608
239.933620
352.200047
509.882371
564.502147
409.986718
441.822683
312.678765
605.819495
324.855244
903.252825
418.849093
283.644428
305.595096
389.625535
452.217838
435.133386
443.639551
478.583683
308.845538
504.147936
573.606454
195.889061
560.752998
482.042281
435.993385
580.986559
180.016633
635.078937
330.458253
258.309995
368.917241
246.944167
459.561063
167.595522
382.394903
505.300830
359.935097
531.779207
548.084388
416.155494
337.141292
599.755236
246.306863
322.708747
484.161642
452.240795
607.566429
168.260461
598.091934
301.845408
499.141224
658.626988
513.102592
341.247692
326.530808
259.575872
302.001771
239.072601
418.399009
260.731156
387.683858
317.761177
239.233264
549.913950
454.927532
633.998627
512.533831
372.907915
333.175021
408.314708
567.105283
492.279786
345.916292
631.127701
510.317311
562.470759
452.493444
456.278173
517.988764
423.880196
280.211118
476.640199
468.749060
384.719548
554.642243
395.669142
589.074961
211.823672
525.293553
432.217738
266.137650
362.589297
343.325497
533.391055
528.669781
464.514920
469.435739
334.106829
477.573320
251.053612
396.436197
394.127572
385.846326
376.881335
386.122136
541.310392
284.434254
573.143678
413.645493
468.186398
486.912437
471.136019
313.272646
355.173718
478.070397
564.784589
414.988855
383.040812
458.508617
488.676881
205.984730
638.467210
540.824482
348.433055
531.169163
729.829040
359.951531
386.364643
433.467024
635.541793
509.633277
370.575535
351.054149
491.810583
368.238092
381.506798
568.549902
327.425623
341.527423
647.906991
764.192760
484.920423
163.124711
460.981922
508.685134
548.163958
416.089084
456.183198
421.548025
486.832902
441.916049
453.397694
409.474303
238.660301
474.109231
444.174119
906.973114
596.566566
651.928473
565.577637
449.956468
606.854816
591.948198
658.246685
383.538910
394.426979
613.276807
466.658024
356.363565
456.400380
406.976032
433.308871
341.558557
276.784525
296.811326
470.129871
309.934469
407.676555
362.654945
366.504113
419.847942
307.995198
303.333964
470.743423
553.886697
491.001123
553.094955
468.867469
378.565310
435.570140
492.311277
377.757883
451.893536
577.476629
252.801284
456.161968
542.946581
376.375295
392.049737
594.695974
444.149656
720.483426
501.480462
617.689882
324.659837
617.369869
502.730850
578.048389
496.737825
329.859310
347.015480
551.265946
702.669327
451.314336
327.785474
356.315182
347.804440
578.081870
567.911583
327.352874
251.052569
608.763221
626.447999
366.902956
863.576586
422.154052
762.528666
313.673910
500.179226
275.407931
459.615904
429.442184
482.465675
341.514666
405.309890
440.694133
326.511180
288.554096
511.942720
190.797634
545.408791
675.227001
322.127843
236.716293
436.894908
371.235124
462.076307
494.250544
349.015283
395.954034
312.998619
430.092884
329.014717
377.973963
399.762043
524.245529
613.373927
707.157960
497.986251
482.714712
517.109540
487.303300
415.981578
338.095735
505.316599
505.988706
399.246230
797.165540
515.166993
326.261755
213.259690
395.758291
504.668394
396.294107
366.909728
636.344854
509.229289
516.039975
419.372016
360.657320
517.643465
399.396108
254.512714
295.527231
223.527508
403.118198
224.980591
306.848772
485.142016
542.153738
519.598550
551.486153
384.442029
352.781074
419.005923
595.778783
252.859243
374.478244
549.201084
302.858112
451.845093
476.231036
486.654761
258.320488
341.241370
286.165498
452.758216
470.872828
421.633571
383.106119
380.275535
474.543383
400.479949
326.869834
485.384791
394.629058
518.888264
142.686765
730.087236
664.546565
539.304503
499.664631
442.842299
338.679158
436.429065
305.924909
351.150246
541.777481
645.361355
381.598684
256.615720
319.945416
431.161760
598.382178
309.929468
524.160049
517.402392
326.652155
520.736101
552.069950
397.903206
166.200022
480.596865
400.801860
547.162348
314.772662
220.031141
221.201762
420.186726
504.800163
349.524966
601.588729
128.093971
532.494686
448.640208
560.724172
160.953168
185.509546
394.651564
268.428565
514.169293
173.480180
752.753231
76.029333
472.371086
334.649781
270.241851
389.341094
264.197475
511.288915
505.511307
152.456691
594.011145
630.790609
303.796821
365.609484
584.848911
508.347432
448.961750
377.042754
653.079457
391.338873
616.548083
717.321504
571.519450
327.147931
392.282261
615.123452
566.700667
507.826807
362.216041
433.828169
390.230879
454.229274
444.575424
480.477432
549.201727
407.594312
831.063215
404.199293
553.451677
391.588042
210.635221
371.074364
456.192132
430.306941
584.940059
689.579793
324.244614
304.214562
422.077235
351.911285
217.736761
362.113099
363.635435
300.106333
375.780712
401.173157
524.264362
414.014893
341.477516
536.685349
389.972562
202.342548
211.376699
552.648360
363.372300
175.636904
