5.45704
1.6592
0.67011
0.300103
0.836892
0.919532
1.06375
1.69342
3.29609
1.9406
1.06476
8.63796
1.92227
0.97758
0.254291
0.858194
0.959638
2.74378
3.38154
3.52309
0.76842
0.79502
6.31851
3.91525
1.43524
0.27915
0.293638
0.897769
2.32398
4.92587
4.17555
0.483253
0.742838
0.499841
3.22899
2.66907
0.578363
0.676521
0.526302
2.10934
3.17581
2.50617
0.397213
1.06808
0.0908685
0.308477
0.916441
0.993058
0.627104
0.60091
2.03044
2.0999
1.0004
0.277207
0.34458
0.0325662
0.0860087
0.269151
0.722429
0.981118
0.670044
0.855635
0.226234
0.412339
0.303766
0.367211
0.232895
0.478985
0.370407
0.571365
1.21363
0.536959
0.65238
0.39013
0.218851
0.320536
0.522028
0.357644
0.481109
0.399635
0.412715
0.317054
0.120828
0.202573
0.446493
0.539427
0.168467
0.392905
0.323125
0.259753
0.0974149
0.124815
0.152663
0.104307
0.119406
0.18111
0.156602
0.112639
0.188479
0.682831
0.249493
0.0814687
0.0868001
0.237907
0.287668
0.424899
0.226554
0.0906835
0.231075
0.178365
0.104923
0.168921
0.081909
0.112473
0.248798
0.706482
0.403675
0.190099
0.063357
0.0697411
0.116373
4.19407
1.56288
3.8383
3.78517
1.48189
1.12271
0.181374
0.083086
0.331338
1.93102
0.390474
2.60462
1.50817
2.94658
0.924606
0.30592
0.520576
0.162077
0.359907
0.356056
1.44897
0.60711
0.701608
0.86074
1.41917
0.891289
0.303427
0.301787
0.409572
0.706792
0.376583
1.82093
0.458052
0.430909
1.53655
1.28657
0.913467
0.45803
1.32316
1.90653
2.44078
1.48723
1.11563
0.590323
0.208502
0.729994
0.714724
0.671695
0.382158
0.693935
1.21687
7.30607
2.1854
1.22585
0.882942
0.264109
0.813571
0.634898
0.566289
0.16696
0.459457
0.317755
1.47037
2.18663
1.42245
1.35466
0.533911
0.326029
0.468944
1.20092
0.357647
0.219095
0.269709
0.920808
0.751523
1.44511
1.35007
0.426934
0.209621
0.407402
0.303007
0.35933
0.141485
0.226681
0.92838
0.510671
0.719125
0.406046
0.359037
0.120409
0.18566
0.090384
0.222116
0.128724
0.117665
0.669646
0.594464
0.477141
0.558437
0.52984
0.309989
0.338913
0.252531
0.67522
0.472014
0.0864206
0.0446833
0.212748
0.944165
1.98932
0.315958
0.512032
0.731498
0.536493
0.503124
0.652878
0.861764
0.269389
0.490862
0.381532
1.17706
0.149169
0.373242
0.0580628
0.301687
0.566445
0.585874
0.290844
0.261847
0.258248
0.76818
0.421281
0.479277
0.616132
0.153604
0.353692
0.57714
0.755136
0.430359
0.296317
0.155929
0.191128
0.48356
1.18527
1.29026
0.335195
0.691686
0.619015
0.528483
0.788995
1.89732
0.686837
0.669354
0.982679
3.60973
5.0493
1.01875
2.01888
2.8071
1.42111
1.56371
2.87936
2.5871
1.86747
1.6573
2.0398
6.67779
3.71929
2.05621
1.74562
1.51249
0.874734
2.57778
2.51242
3.69816
1.13314
2.01959
3.43242
3.37139
1.75602
0.559214
0.797706
3.83948
5.0488
1.13234
1.85768
0.471429
1.24642
1.19989
1.06717
2.46895
1.59871
0.637539
1.17947
6.3026
3.19635
1.99633
1.02365
0.582107
0.242183
0.687491
1.52604
1.6028
2.95508
2.32001
4.97198
3.42756
2.4163
1.07811
0.162985
0.113628
0.132967
0.207134
2.0238
3.57787
9.9888
3.95025
2.02334
2.13047
1.23536
0.12594
0.1547
0.115386
0.199055
1.30206
4.48074
4.11677
7.12831
2.64195
1.63966
1.79798
0.0572135
0.0534578
0.11522
0.318486
1.50585
2.38109
4.56735
8.65085
1.51497
1.63837
1.31489
0.01372
0.121368
0.994454
0.513299
0.179486
0.60123
1.50168
2.35902
3.30445
1.73061
1.04394
0.0173433
0.273038
1.84603
0.934858
0.34225
0.622384
1.34286
3.67148
4.64984
6.44898
4.52422
0.470587
0.600175
4.28305
1.60733
0.254899
0.0657825
0.32117
1.37602
1.78966
3.81082
5.10593
1.63217
0.539041
1.76984
0.525209
0.153916
0.0332707
0.0656694
0.881464
0.927749
2.66647
2.19327
1.98606
0.503243
0.33387
0.0793904
0.0852949
0.176703
0.210803
0.416048
0.354844
0.874978
1.53043
1.95606
0.773509
0.141298
0.0416342
0.237036
0.427728
0.2856
0.313948
0.771922
1.15716
0.462592
3.25636
0.859863
0.115873
0.115939
0.083311
0.393253
0.547881
1.08462
1.12207
0.85497
0.366653
1.42136
0.922666
0.3149
0.173287
0.268202
0.327802
0.410407
0.670917
0.702124
0.770513
0.885353
1.27094
1.10983
1.16709
0.565552
0.428466
0.181758
0.171138
0.598582
0.618627
0.565784
0.601397
4.20027
1.16686
0.971598
0.569607
0.178309
0.113963
0.248209
0.253961
0.307497
0.525406
0.499836
4.90231
1.89836
0.509183
0.175041
0.346695
0.78189
0.811733
0.784316
1.4343
0.70074
0.470086
2.12022
1.54174
0.876224
1.0531
0.912563
0.459753
0.630516
0.234201
0.393077
0.674071
0.273214
1.61034
1.93779
0.842884
0.647803
0.681774
1.02223
0.498547
0.706399
0.708836
0.961443
0.210784
0.41442
0.345147
0.394247
0.655233
2.17822
1.34445
0.827616
0.408682
0.163774
0.372151
0.188586
0.220453
0.2968
0.282595
0.887199
2.74139
3.21761
1.43692
0.6181
0.332561
0.121832
0.391235
0.126178
0.207434
0.313766
0.689779
0.596773
1.46149
2.09929
2.68067
0.420147
0.302381
0.348959
0.0671775
0.210984
0.445804
0.274932
1.93005
2.55626
3.48354
3.93486
0.516143
0.376308
0.363311
0.260438
0.959384
0.603398
0.551882
6.38861
3.72364
3.2802
3.30687
0.896097
0.372833
0.385323
0.913831
0.383714
0.602338
0.618687
3.20793
2.37798
1.34705
0.7783
0.257653
0.255315
0.270809
1.88846
1.17193
0.772551
1.40848
1.24012
1.71601
1.33706
0.368954
0.113564
0.31942
0.416875
1.24994
1.0255
1.27208
3.07625
5.29352
3.10246
1.86658
1.00359
0.388843
0.287899
0.63774
1.27124
0.69388
1.64937
3.55146
4.26814
3.59959
1.66052
1.39011
0.386651
0.143316
0.133205