409.824
191.828
109.593
143.138
391.683
277.916
739.749
795.553
202.705
123.68
85.0535
278.052
410.455
65.0336
120.287
393.954
389.009
769.003
984.204
725.556
127.723
65.1461
293.32
221.025
82.5443
90.5664
175.276
223.534
560.142
426.609
387.075
468.636
116.51
304.262
139.968
166.511
123.667
108.469
53.7605
297.515
170.14
1210.77
1511.52
189.249
94.6705
125.189
127.299
123.531
73.4631
216.778
225.877
321.338
681.318
1253.31
170.339
73.7029
71.1614
38.1962
28.8213
62.3501
269.861
264.834
273.421
152.098
87.5923
64.8455
231.452
118.143
19.311
9.94662
20.9557
31.4728
102.987
130.733
49.4586
31.7237
19.7548
995.937
72.0326
14.7568
15.7676
18.9724
32.3929
25.4484
15.3485
12.9748
10.7059
37.8257
148.335
29.6467
15.6688
6.79176
11.246
57.0495
49.9678
21.3203
11.1642
16.163
32.5394
37.5079
7.85347
1.29162
1.19248
4.15979
22.1902
114.344
56.351
37.3794
38.9632
19.8313
11.3857
2.89132
1.62201
2.56843
5.05601
13.846
30.4126
46.3278
64.8262
62.8451
13.6475
247.284
174.862
95.6092
78.4457
88.8981
47.5745
44.682
67.244
83.9332
95.9894
84.4017
77.2736
120.581
68.9733
32.9067
46.2581
104.571
62.6241
24.9358
57.7016
83.5235
141.977
26.7688
47.5951
29.4243
16.6419
31.2658
37.0694
36.1226
82.5897
96.9451
132.726
110.352
11.2478
26.4285
23.9202
20.6638
48.2573
41.0875
43.5872
90.9463
148.801
112.634
222.38
28.8055
31.0583
77.2625
27.4602
12.752
32.2231
48.1022
321.326
458.238
91.0166
71.8576
102.639
70.7819
44.7929
12.7192
21.0803
13.3941
20.5397
104.736
187.819
33.4708
49.886
100.297
74.3681
38.0786
27.7813
17.5469
16.2433
46.9939
136.413
394.474
61.2727
47.4771
42.0353
163.308
185.055
82.6898
28.8665
64.7313
270.043
188.315
93.4633
154.34
26.3166
69.276
165.383
70.6409
99.6195
128.292
68.2152
53.6251
60.3758
56.4595
47.4151
24.8513
17.0583
28.0363
64.6808
112.351
109.082
132.632
59.8515
64.2872
48.8119
24.0157
33.5646
14.2618
10.1666
15.4874
28.2001
183.242
155.89
68.5
61.9911
27.0758
13.2435
22.6964
47.9833
19.2327
115.838
729.602
342.987
136.642
49.8203
25.8701
38.2245
29.7376
15.1973
122.408
33.5575
45.9859
159.641
57.6623
45.8746
36.8116
25.1512
19.604
19.3434
31.2361
130.46
81.9456
78.0595
90.5389
54.1929
209.085
45.3827
31.8128
69.7444
43.2543
56.1528
259.922
177.054
99.2577
134.192
189.122
233.255
137.798
211.125
269.158
81.123
69.1719
112.71
71.996
77.3441
105.504
249.748
254.473
1201.73
973.891
261.318
179.776
265.534
84.1426
48.9917
46.3938
59.0598
232.238
586.703
5331.98
2355.58
816.152
313.865
513.223
53.8407
33.308
22.3355
44.2394
146.436
647.619
3844.85
4179.66
249.373
158.808
362.475
20.6933
21.7372
33.9759
22.9856
45.5085
187.221
794.976
368.938
203.498
152.069
308.276
11.06
14.4989
30.5877
44.8539
48.5355
125.558
159.203
246.72
269.323
225.212
493.158
4.80292
7.33703
12.2444
62.2797
62.3015
62.5051
70.1012
127.652
149.489
244.072
114.526
3.1854
2.19048
8.63896
63.8308
108.886
78.0976
93.1405
201.3
194.814
184.024
59.4056
145.407
100.241
27.1813
49.8839
509.879
1253.52
144.099
58.8075
53.7967
183.712
154.855
453.289
145.231
56.2219
86.107
410.197
855.537
982.853
262.941
110.298
342.552
358.104
89.932
144.97
174.286
372.418
1536
716.145
700.872
453.603
262.68
171.489
431.847
65.7965
88.0712
144.853
592.126
1800.65
492.265
511.487
730.783
233.055
159.829
183.463
62.8771
67.5148
103.047
155.79
180.481
135.807
204.462
306.3
172.742
250.885
211.769
30.901
25.4595
74.113
43.6792
25.3978
29.6053
61.5986
74.5865
125.973
295.11
368.395
60.3104
28.1502
31.5753
19.1933
11.5222
14.5487
15.0598
21.8483
40.951
110.664
37.9656
56.1974
22.9497
27.2452
17.3317
13.364
13.1325
18.0467
26.3094
43.3156
27.8488
23.8815
30.1684
31.1837
70.2331
112.715
31.4796
14.205
68.4658
163.666
56.4388
18.0913
11.6036
68.7628
83.8596
136.123
91.7423
48.5936
41.867
149.479
378.251
53.6229
21.0799
17.8398
247.627
519.17
942.377
368.606
43.2395
36.2463
42.7245
90.2166
64.312
17.4275
29.302
47.6981
83.6263
73.9179
560.859
782.587
171.112
19.0734
7.5844
8.89036
9.26435
13.7771
48.7782
38.8972
45.579
104.722
217.955
80.6383
41.7501
25.9708
19.541
30.8796
24.1348
46.0099
16.5655
70.3174
86.1159
92.9603
45.1907
48.5537
51.0598
73.3227
37.7141
45.1796
33.562
32.0779
68.4054
64.2492
107.75
142.815
87.6613
126.106
90.8832
31.7138
26.7941
118.733
32.1685
40.8463
82.2454
102.21
125.621
103.979
98.2497
47.3875
25.4519
32.4869
108.552
52.5303
9.15194
45.4301
89.9825
99.9439
163.261
100.006
25.2073
22.2141
37.1261
30.5731
21.0512
8.91932
28.4333
106.215
92.5019
109.414
48.3936
37.9825
72.1929
30.2107
34.1383
25.1731
21.434
30.96
49.6005
26.6288
41.658
31.9327
31.277
46.6185
13.6172
40.1516
18.2462
24.8818
23.9965
38.3361
222.533
109.52
32.3981
12.7592
8.36333
8.12255
29.1643
25.4111
32.9944
107.744
322.456
772.266
133.597
21.6128
23.3314
12.4575
29.6248
46.0139
21.9608
33.6553
109.364
1863.98
1231.59
270.857
29.3457
29.0413
92.009
96.0958