PERMX
457.597
206.699
95.0991
139.728
387.812
436.208
789.881
865.888
247.421
122.693
89.3773
279.196
367.922
56.652
94.8657
370.286
354.011
613.959
1207.64
668.764
150.051
73.7186
307.274
242.801
72.4624
92.2628
191.405
308.611
393.138
361.795
403.205
470.512
95.8819
346.919
129.393
131.609
108.781
109.687
51.1218
259.421
159.361
1065.89
2503.56
157.15
134.984
106.422
116.992
172.19
67.1053
279.625
233.249
328.23
591.832
1563.69
187.762
76.589
86.6039
43.4673
31.2387
71.769
235.675
273.494
267.719
136.478
102.327
49.5204
332.112
89.8053
19.7204
10.2683
19.5245
31.3037
117.393
125.097
59.1227
42.0274
21.4331
1540.83
46.2552
14.2856
17.5008
19.8625
35.7978
23.744
14.9481
12.9637
12.3333
37.308
140.599
22.1702
14.2668
7.87517
9.113
61.1453
82.4667
23.8989
19.3334
13.8229
27.7359
33.4176
8.3925
1.7002
1.3908
2.88698
22.1888
112.772
61.977
33.4795
38.2192
20.3191
11.8478
3.20644
2.8333
2.92959
5.83077
11.5473
29.5634
56.6733
78.4561
76.7171
15.4357
214.359
172.003
97.6783
61
89.4197
39.656
63.7908
55.4616
84.1551
89.5041
62.7415
101.505
138.477
85.0497
20.9164
43.1804
111.432
82.9305
23.9981
52.8691
96.2288
120.438
27.5483
39.513
28.3396
17.3774
27.9031
49.4067
40.035
81.0955
72.1119
139.824
97.6686
7.38734
29.785
28.6895
19.3503
38.5262
39.4529
46.1418
98.5569
182.485
154.652
161.644
35.2329
49.0691
77.727
23.9591
15.3877
26.3208
45.8666
205.962
332.316
99.8906
60.7478
86.9826
80.4924
52.8736
12.069
24.1761
13.0749
21.3251
58.1506
218.532
28.4834
43.4623
87.5502
78.843
56.2872
36.7257
15.2656
16.6464
73.9472
179.793
393.649
45.0301
48.9369
34.5269
168.015
226.575
63.7562
35.1359
56.2193
326.899
193.665
135.366
122.819
28.0122
105.118
142.111
72.0321
77.1752
146.163
72.2085
68.5597
63.9492
47.7934
37.2685
26.0834
15.0892
37.5133
81.6685
89.4908
162.787
132.378
59.4428
64.7269
40.9063
23.7897
30.6483
13.162
9.67156
11.3177
39.9672
123.363
150.536
73.9557
63.306
26.7608
14.8294
21.9948
37.9813
17.1881
41.3123
665.449
412.418
138.528
60.2889
43.6165
38.0671
28.4812
25.7928
106.48
35.0984
40.9586
212.271
72.982
61.9778
30.4947
22.4208
19.4136
20.0653
37.2976
164.462
69.8656
89.279
81.9175
45.0852
144.838
42.6456
41.6848
76.7317
34.0034
59.3164
239.461
158.594
99.6029
114.94
206.117
257.161
154.107
219.272
284.888
59.779
76.8159
95.2234
80.0219
81.0147
107.494
244.89
304.128
1235.8
997.59
254.211
197.119
226.119
70.7312
48.3447
43.3435
85.9915
152.994
659.332
4537.71
2634.82
396.677
361.692
489.568
37.7168
30.4746
24.3716
42.7242
114.841
548.685
4072.64
707.398
290.004
164.138
354.857
21.1649
21.1519
32.8085
19.2812
43.1224
159.403
660.842
393.724
222.918
140.416
312.353
13.398
16.2825
28.981
38.747
48.5776
121.672
183.784
231.277
279.213
219.51
506.039
4.99648
7.48026
10.8151
54.3235
58.9686
57.761
78.7029
108.037
162.451
241.466
128.685
2.85735
2.30217
6.66641
48.4234
93.3526
80.92
96.7222
164.003
188.278
166.328
57.9985
191.018
130.087
30.9793
53.2292
306.237
669.847
166.616
65.0687
55.2731
129.803
137.831
452.78
160.059
96.9439
83.3229
414.958
737.54
981.341
264.264
111.343
280.191
385.008
88.0942
163.982
160.354
304.759
1487.56
594.546
710.89
366.663
253.956
193.797
426.727
64.1281
79.8083
138.674
470.365
1910.62
449.603
497.316
806.636
195.404
147.283
173.058
66.0541
53.1832
91.0702
188.613
411.043
147.141
274.336
339.453
143.579
209.045
259.509
40.1014
18.9403
71.4696
37.9866
38.4327
37.0688
55.6714
73.5855
118.243
302.116
334.011
49.7694
28.1903
34.4825
17.4798
10.0151
18.1542
25.3643
31.7924
50.921
106.358
54.0741
34.0859
22.5327
26.4552
21.3834
13.37
13.5987
22.7871
37.6311
41.0645
24.6373
17.4111
18.4983
34.6212
75.6379
106.052
38.653
13.2884
47.9468
293.249
58.259
14.7522
10.5044
78.1728
94.5882
202.899
95.3405
44.4475
49.0878
216.3
399.624
51.7121
20.8656
16.0382
122.874
477.691
943.122
288.988
44.0743
38.4487
60.9538
87.4362
64.4894
16.8753
25.8071
49.7944
106.884
90.4721
245.311
779.505
146.792
16.4451
8.21236
8.79958
11.2675
14.2529
49.3296
57.6087
42.9899
147.449
204.795
84.7265
41.4057
29.9672
27.8888
30.3116
24.3786
51.7408
16.9417
41.9761
77.5649
93.7503
51.9158
52.1682
49.0302
67.3968
33.2852
32.2459
31.7047
32.0235
49.6505
64.2024
97.3579
121.509
75.4484
113.172
60.7031
32.8813
26.6111
92.3235
28.9884
43.5518
89.9461
97.4777
103.848
122.973
88.529
56.21
29.3625
29.1532
119.955
38.8645
13.6701
44.694
86.5447
100.706
154.029
112.463
31.3948
23.6129
36.1167
29.7998
22.2503
8.35348
30.4165
116.974
87.675
68.5889
50.8518
42.7246
61.6943
31.2701
33.1782
25.0013
12.942
32.7499
62.3081
37.6142
45.6011
35.2329
34.448
38.4795
12.5822
41.3046
16.4339
23.0672
29.1881
35.84
413.539
95.1848
29.0966
16.3283
7.68861
8.42972
28.3383
17.9141
30.1568
89.0083
332.311
788.967
90.7844
19.1188
22.6458
12.5231
30.6305
42.9724
20.9485
40.853
102.411
1121.45
1347.53
154.571
25.8392
29.6678
117.799
93.1449
/
