86.190231
372.899046
191.227266
88.088041
132.122735
268.484194
158.405743
73.625941
63.591143
91.098187
374.899298
176.844734
191.864119
283.369024
267.468944
167.762662
252.590716
344.363711
197.888090
295.386922
319.905746
287.940937
265.535598
222.256861
346.885867
341.262212
300.138316
334.777265
311.854773
117.587281
227.230865
201.926508
312.214819
375.069477
282.374909
240.214164
101.366020
260.685838
336.942063
299.433126
97.660324
455.167328
365.706287
161.576129
143.539015
96.461393
186.594118
192.099237
296.524029
146.858033
403.701112
224.439882
191.413489
326.711425
395.704183
155.110299
204.754446
192.476384
315.219178
211.322616
121.417340
333.673032
96.301697
210.213430
236.798031
229.841491
360.704655
137.053699
343.137539
109.003443
176.284963
232.853118
428.672631
204.643510
283.468154
174.776676
263.219642
241.710296
230.621272
140.564402
321.147910
276.897990
263.150089
293.973807
142.735392
95.250375
411.871780
134.301725
343.349391
209.264228
272.633004
217.711578
159.305799
282.434006
412.814932
407.126162
118.406413
183.600990
113.797409
322.387526
125.279140
289.268783
293.091931
297.283671
203.786127
251.920666
184.118935
213.340458
204.334160
208.793183
121.397069
302.891860
258.481155
450.758746
184.104518
198.659108
153.703681
332.850661
183.280026
156.595247
146.266003
175.117917
357.776451
417.670575
368.293770
145.210006
141.158456
200.798597
209.848688
250.665520
139.653319
319.604109
228.214778
282.956247
175.801852
221.143706
206.508898
203.674183
338.334117
665.438203
209.796052
370.406806
122.741929
364.063921
444.636271
691.947664
144.127855
173.836509
263.420612
375.345030
452.610833
251.934849
267.387934
316.870144
381.155488
250.564480
267.557896
177.175069
277.358829
133.256074
240.515732
334.453821
293.216567
143.497940
466.946905
87.015335
195.610517
327.358303
278.698002
241.477607
222.937471
315.000563
156.026072
162.235587
238.324454
140.315800
190.257305
198.087769
376.540568
470.973572
165.055451
264.328006
208.188579
254.010239
216.193878
472.746071
195.372986
368.566908
322.513125
191.306022
217.350570
335.952059
176.847871
320.339928
83.275874
347.274108
113.399992
304.125611
287.705572
267.716626
293.333397
322.219164
311.719346
365.641534
491.720994
193.865927
220.222771
210.094440
212.767261
242.279986
192.348244
132.352909
104.501895
418.317993
239.124384
304.596393
184.432795
332.427332
192.971787
276.512716
206.277413
213.206032
205.703889
144.941747
215.204531
238.435583
151.032619
223.564961
110.375005
270.942705
241.798000
248.802989
163.107765
216.939102
216.022810
77.043796
231.272338
204.402164
166.937806
54.141808
366.416189
232.511013
181.417520
296.579042
258.473123
230.792824
187.041846
260.718563
588.321411
177.585777
188.190138
238.377063
338.690509
154.894329
257.995907
356.780727
144.778687
145.220934
207.370805
306.424421
222.716883
118.729995
184.903182
169.840096
82.201126
272.076695
207.304670
201.632321
192.259402
119.427995
181.005188
177.379530
164.417682
204.133506
146.040152
204.908346
176.816431
86.021994
262.374488
257.867294
155.949526
184.357303
354.592700
276.490486
116.452281
141.278575
113.438137
225.651717
169.038807
100.151346
219.355726
350.556148
268.392819
74.185138
294.879650
192.515199
154.443719
213.869315
408.457390
268.571329
231.428502
236.384632
234.768686
408.676234
324.178870
259.484275
260.005977
282.297605
372.867161
331.535946
214.705949
198.626834
318.945850
293.818969
69.983594
157.302418
262.993487
233.749378
204.946020
271.059364
337.542109
232.052274
176.200230
195.738869
159.611445
317.495537
254.022885
211.350192
198.954752
286.647034
170.532314
244.514623
318.912588
260.440114
180.810159
262.552630
125.602972
193.285542
188.260118
149.188202
216.605480
255.824614
270.751366
225.420088
181.529313
144.546676
209.033373
200.847261
254.396526
214.074536
245.086808
251.719799
180.379632
171.085133
190.302018
218.634240
114.112115
169.629894
208.233128
268.302921
331.421655
181.042324
144.049505
258.755770
228.943207
253.971004
377.554458
176.003660
155.049141
359.990017
95.832492
315.414108
166.279751
225.578789
106.155159
235.906226
151.092235
202.637949
335.141180
191.538984
121.989563
190.569654
145.394616
306.591451
156.618625
155.431759
380.370164
144.414063
252.629456
196.672338
134.809128
183.233237
186.244604
222.127195
254.425618
230.460428
206.142841
227.004762
214.489515
137.859389
134.184176
307.872989
205.831410
192.067425
312.288445
304.763367
336.160362
243.918454
214.402558
314.065867
40.821084
179.933811
116.779956
238.837916
210.607374
205.439879
261.381770
353.065797
212.733072
399.927073
169.580148
223.187035
130.477189
266.515735
196.537198
231.588352
212.538256
137.279022
144.081106
229.884764
291.963606
170.806244
158.223871
124.290776
272.192013
228.007345
177.603881
187.485220
321.669452
120.006749
269.469413
151.951060
221.627349
207.811290
262.374303
307.750877
200.590823
184.797155
370.076224
181.763063
266.200020
210.652819
159.221232
322.118341
172.449628
104.961698
360.670538
357.218465
223.709943
203.561618
110.069209
126.161584
79.581821
106.170770
342.487021
306.896562
144.474870
363.483552
182.267483
216.218367
132.187423
323.072855
248.282374
77.761963
142.522728
180.939839
277.607152
208.389406
139.114048
200.609049
371.981192
247.747138
135.805349
91.079188
434.017864
141.149590
158.963569
183.848242
240.812300
197.932446
105.107437
214.707070
244.788848
214.566863
192.701258
154.914945
125.478869
189.665459
142.510143
449.305578
188.797227
420.113938
220.165482
212.223629
364.830596
310.715618
308.202857
254.481181
255.606592
160.707488
338.293171
174.070047
179.953412
285.465792
206.799429
217.088376
227.032978
374.105548
223.445362
324.324610
156.471343
327.862556
371.656251
231.623200
208.054589
347.945813
260.667010
142.505176
313.648804
258.915882
136.188644
202.290334
216.816710
244.866831
359.521779
144.410683
67.660556
115.467303
111.579046
323.672335
530.678399
427.880961
303.509567
146.938987
162.361948
316.474120
238.434063
182.879502
150.880618
109.534522
294.169980
277.056977
151.779474
93.582930
116.687709
321.717943
251.647067
144.090894
505.685182
153.152852
264.081017
339.183651
177.811630
280.632414
173.366652
220.511373
499.567595
257.229375
286.820808
157.513058
191.222312
136.258061
113.591712
519.377390
216.558864
172.001726
186.900377
356.977308
301.617895
252.110209
415.787366
318.214438
372.162452
270.442378
415.743163
255.485134
292.851191
341.605280
143.513844
266.724559
229.269417
307.225442
119.503117
406.371342
299.934692
101.181278
287.005609
190.448880
212.174575
292.456068
309.340758
320.839447
98.754147
203.788325
190.511426
162.487450
255.251314
132.572721
211.662450
203.932009
168.229173
160.025346
84.119860
187.087294
144.306479
259.299064
409.270130
147.714081
367.864859
200.199625
260.895994
169.926277
204.050423
430.005015
417.497443
217.081611
180.745183
195.626879
321.310183
158.856069
121.906343
177.796370
186.646470
214.159594
170.417170
314.284704
188.239969
158.182223
235.679009
222.222174
215.581746
99.907931
271.176727
375.914171
127.370612
378.706622
299.500270
281.883219
348.085456
135.048007
113.810271
181.460660
112.680765
523.767086
179.772626
309.862476
219.755444
262.338456
160.766689
161.400684
79.589162
183.204578
205.711932
268.651385
267.862717
238.235665
161.830519
151.595028
138.415137
168.381435
201.211178
197.815395
110.543872
221.478928
94.294773
207.594045
251.493407
115.316675
148.276204
141.220478
299.763293
390.521430
343.164626
81.426559
104.733585
190.136729
125.191629
230.802771
256.746336
197.728495
230.432365
280.664646
157.632889
376.498832
194.638961
145.171913
231.924329
215.006332
158.659305
126.164061
429.439246
342.041430
237.960347
167.274678
183.433123
284.403094
234.337050
244.418112
86.541460
134.459146
224.811982
189.002444
246.084297
211.750158
276.744462
194.363850
269.223930
159.373830
270.202154
135.207048
199.675560
102.456223
310.049931
267.865013
251.450860
261.292585
331.477942
196.756432
195.083599
363.098610
143.154167
363.371577
157.935482
89.930064
187.458373
169.727503
395.454642
370.563387
336.650880
256.488875
221.790375
259.599776
252.236508
83.197385
294.665079
207.897240
233.731709
232.740580
217.542443
169.245461
238.737151
205.988423
158.731311
159.656551
322.345406
290.801989
339.581888
253.645901
159.589707
140.950934
384.066129
281.311984
163.396703
223.737848
293.153625
233.847503
217.410040
333.563767
115.944262
164.152388
167.313773
324.042287
327.015793
421.500785
265.662035
140.812214
130.034434
226.980824
240.335571
362.215897
252.669764
220.593311
280.298749
253.028692
276.414431
166.503814
158.960243
173.912797
178.058068
153.921001
280.805948
225.944595
85.239541
123.386631
211.177103
212.929020
187.261935
272.875493
216.039696
158.004948
240.617840
170.328621
220.690036
92.824202
261.053311
132.915444
148.660805
168.349605
379.484046
193.382205
146.249312
405.078331
288.339269
387.302107
135.639773
198.252722
221.534330
249.121250
87.870147
301.539961
246.159662
352.821577
228.496376
194.500840
98.439540
321.454509
120.387627
130.753383
136.215654
226.274100
162.940760
141.457967
193.124165
326.377591
322.096496
85.912724
464.351591
210.257347
273.442272
389.401263
264.219930
296.379437
170.985941
229.201807
151.074721
221.589747
414.880820
296.645220
266.901497
213.387956
408.330215
258.337883
175.308547
267.729638
324.878228
204.842902
177.147652
112.072870
267.894415
253.620230
213.296896
234.092074
230.492787
277.257451
271.568686
140.516196
153.796984
140.852657
129.807442
379.479925
298.200482
574.108843
188.072772
192.390424
81.152737
113.021851
370.417368
386.623024
144.290766
208.397696
196.737710
235.183379
279.796547
251.750313
389.210737
188.887771
245.935479
319.001273
343.674984
218.140987
177.895911
390.676293
190.122268
243.942831
212.766138
317.724552
301.913569
548.883987
417.607766
377.014308
213.406665
212.723069
283.109033
184.211116
148.197187
152.799079
430.514640
392.390433
204.099763
369.535170
111.578927
325.894867
373.733203
284.851471
235.417633
155.881239
174.226036
229.416224
318.943627
214.229787
171.593898
62.580609
182.803112
150.338395
221.051660
160.505101
208.659917
276.636410
276.401252
342.103780
115.200950
85.679811
203.657606
180.712944
157.952486
264.888330
222.729077
152.337848
159.862733
181.555790
155.207124
181.129330
328.410784
198.605609
134.603159
120.291414
343.332598
501.440389
181.064380
94.005275
188.377601
305.651385
91.259314
241.521640
174.432857
189.832084
238.093152
290.873508
222.952500
385.964525
211.004708
216.783032
278.774049
199.118617
217.038162
166.931004
98.769194
148.851212
158.084173
238.341463
203.231701
225.035532
269.488819
149.035289
143.717861
220.595064
206.658346
303.993961
243.986438
161.872418
211.375086
189.194790
331.879194
268.940761
317.349274
172.229788
258.081360
404.859274
228.008334
268.678580
313.642037
171.001535
314.972480
69.259749
470.809831
286.581865
250.906993
168.151837
272.246483
217.538340
266.070024
334.848892
262.356849
212.583605
221.702461
287.710820
256.870943
464.441696
214.782497
260.239920
254.041759
400.110748
269.516212
145.535762
264.898324
149.910717
413.247142
205.761411
295.910267
277.215697
275.724312
263.422818
100.523023
241.412417
254.419195
122.347116
208.258537
144.547905
271.212463
253.931400
444.223845
634.589381
333.213608
406.803718
248.484358
297.307526
229.727199
369.930015
163.314556
275.337153
226.076980
364.040985
205.260073
561.106222
233.290345
366.210516
195.019484
65.554510
99.286776
164.831302
228.306717
145.675116
175.055924
143.319574
212.344478
302.759272
243.442298
182.078414
123.069568
205.325329
408.573896
212.475327
306.086412
166.811150
141.855319
206.440119
368.623953
217.730991
138.858936
147.291417
228.893404
143.530312
119.983657
290.636972
173.089688
216.992247
292.020753
288.213033
165.165417
335.865356
131.947745
188.486083
155.618590
172.731064
230.604605
302.780817
193.555142
211.113957
172.338176
378.516770
312.518216
261.932608
230.472237
381.223060
203.903421
382.717222
209.662870
247.418210
206.981080
154.144836
239.605421
209.306653
217.473112
108.734782
207.020783
256.353696
308.364597
230.565536
265.575354
421.711336
177.891367
186.816157
453.108898
199.920883
230.258304
320.945122
206.176933
142.363816
180.989106
220.383524
230.284738
159.703410
118.368180
234.006246
451.260768
119.621455
273.093876
141.731897
336.095550
292.660385
130.315636
179.499996
224.993981
216.558463
217.037041
190.785921
240.528231
319.836894
241.747988
140.573060
185.222620
165.696096
185.574223
263.525926
183.052287
185.879277
117.632473
139.406163
184.236164
227.298337
198.738464
182.087831
147.965439
305.097514
318.357295
201.209020
230.888327
184.805984
232.580607
142.314464
228.871092
275.264665
241.895362
349.667642
288.499073
148.978672
255.808325
167.910461
216.845315
267.490023
419.997750
219.605572
218.562898
306.449881
291.208401
342.942122
115.660649
159.631241
160.263246
169.921604
386.740165
150.477001
233.702375
232.739476
152.128644
253.593304
335.975758
162.521094
163.411268
162.235925
261.722659
270.157687
178.083724
142.313721
226.638428
128.669914
377.121466
171.616161
244.554031
219.943151
318.514892
67.328494
212.889981
268.393119
478.612198
301.903950
267.541329
228.085423
192.300119
216.126897
157.426489
205.289982
184.309694
202.310821
227.984939
243.412183
170.619905
180.121811
231.019712
231.616249
244.894083
331.952262
254.332482
442.147766
229.403749
222.595553
167.300972
134.725466
294.584458
311.100105
175.172360
185.024794
117.386611
143.039185
207.427593
165.153967
176.595874
125.522140
278.734680
169.310105
313.191184
57.491464
294.438430
177.236138
291.568682
267.697506
220.556286
265.724032
269.306964
87.474355
133.401606
196.876696
256.466642
284.969294
409.079960
297.504704
161.200550
141.975816
146.061730
298.542652
319.990730
162.050280
323.863619
248.984839
381.591642
170.450187
308.336616
262.438948
186.339612
126.405601
105.920129
104.439691
230.098831
208.310473
286.902421
185.043122
181.122260
153.860093
185.483418
131.684512
190.265836
149.588731
166.354141
294.528608
217.421457
205.491413
139.934440
445.264252
239.162057
76.029333
259.286744
291.735790
163.011215
130.138585
144.497759
284.855837
179.588209
225.195654
174.358812
221.475215
339.802304
152.456691
296.305731
358.151741
293.285662
337.078179
157.979455
192.683654
306.945417
235.769223
290.303845
142.073326
280.037721
257.176450
330.658956
210.034165
384.249169
206.538269
150.422140
246.261969
278.725249
395.822203
68.658136
228.684488
256.392676
176.596987
285.661817
283.360706
232.636416
329.780310
231.962580
250.742697
116.210728
222.881400
277.477283
190.905020
202.574101
128.724875
165.985092
276.028104
169.041258
192.504583
206.423610
137.747138
118.716804
313.684777
403.559086
207.178997
149.756617
332.247527
318.016469
415.211580
336.314484
129.561200
319.039498
278.767220
109.490243
486.612351
186.239935
147.717175
288.045759
199.250528
272.894120
158.837905
156.484370
96.318921
95.727013
166.063160
270.840278
172.226234
264.487650
343.736093
273.716914
149.788360
321.197884
366.401123
174.304448
98.222383
266.764338
152.941701
164.439508
108.635430
304.329519
119.851078
245.667499
209.192399
222.118222
122.842203
213.005383
131.612708
128.712178
335.133801
185.135835
294.422958
232.655132
323.669883
234.354285
134.876878
114.293238
197.549577
272.936036
216.466408
80.259351
116.848517
70.507399
280.837936
107.701514
165.285217
206.570551
66.590153
88.944694
181.749089
150.864889
236.169740
202.768370
95.348539
