383
   0	    4	 3256.421918
   0	    8	 31870.214259
   1	    3	 27175.080942
   1	   13	 6816.072799
   2	    3	 98674.961673
   2	    6	 4675.638711
   2	    7	 5843.726571
   3	    7	 26078.646119
   3	   13	 12348.019842
   4	    5	 47110.915927
   4	    8	 3575.931771
   4	   14	 38638.468322
   4	   22	 233.033389
   5	   21	 16638.641061
   5	   22	 9755.202206
   5	   28	 4360.303143
   6	    7	 22806.977895
   6	    9	 24837.398481
   6	   10	 19940.153523
   7	   10	 5840.459304
   7	   12	 8796.634593
   7	   13	 26787.042288
   8	   11	 70686.445924
   8	   14	 4683.511879
   8	   15	 9885.217152
   9	   10	 4227.687420
   9	   16	 11020.943187
   9	   20	 39305.406146
   9	   33	 3996.327035
  10	   12	 29780.658051
  10	   16	 24521.111398
  11	   14	 4400.110068
  11	   15	 84944.908344
  11	   17	 27355.651071
  12	   13	 52091.154164
  12	   16	 20979.431268
  13	   16	 6171.638674
  13	   24	 25368.100964
  14	   17	 46996.080276
  14	   22	 29586.983273
  14	   23	 18899.969408
  15	   17	 2111.071319
  15	   18	 46230.881474
  15	   19	 22239.671116
  15	   25	 15329.156596
  16	   24	 27553.014962
  16	   33	 3697.454685
  17	   18	 41114.147021
  17	   19	 27741.563746
  17	   23	 10376.726683
  17	   27	 2075.700352
  18	   19	 189927.261647
  19	   25	 29968.808357
  19	   27	 12991.689053
  19	   32	 1267.601834
  20	   21	 7206.761003
  20	   29	 44812.367047
  20	   33	 6290.290249
  20	   34	 7644.744097
  21	   28	 57198.373561
  21	   34	 24995.098361
  22	   23	 73709.561986
  22	   26	 27787.868005
  22	   28	 12441.233334
  23	   26	 27993.217188
  23	   27	 29383.232486
  24	   33	 9065.694146
  24	   36	 5236.178206
  24	   37	 29548.697863
  24	   50	 12343.218126
  25	   30	 56299.828786
  25	   32	 18352.554967
  26	   27	 45924.867221
  26	   28	 3177.244732
  26	   42	 15087.201537
  26	   45	 8692.861544
  27	   32	 40049.919412
  27	   45	 8136.597009
  28	   34	 5059.469022
  28	   42	 6658.214059
  28	   44	 23025.804748
  28	   49	 153.418519
  28	   52	 9259.446569
  29	   31	 119235.530973
  29	   33	 12518.027852
  29	   34	 4356.116889
  30	   32	 21574.015759
  30	   35	 20480.230419
  30	   39	 12276.808893
  31	   33	 5919.712695
  31	   34	 17386.938960
  31	   40	 6512.567031
  31	   53	 11855.986094
  31	   59	 689.997835
  32	   35	 50973.840225
  32	   45	 2558.861587
  33	   36	 15657.513531
  33	   38	 9355.609317
  33	   40	 23338.790656
  34	   52	 3182.607377
  34	   53	 8385.499844
  34	   54	 20578.008893
  35	   39	 43515.461778
  35	   45	 7910.084345
  36	   37	 30498.441792
  36	   38	 59104.385809
  36	   41	 20760.887774
  37	   41	 36478.646479
  37	   50	 9799.148579
  37	   57	 1994.373417
  38	   40	 47675.602746
  38	   41	 15814.906946
  39	   45	 2007.404979
  39	   46	 10300.674383
  39	   48	 23591.376321
  40	   41	 391.177433
  40	   55	 15478.392742
  40	   56	 3859.633010
  40	   59	 1494.953266
  41	   55	 6606.931531
  41	   57	 22261.686085
  42	   43	 94373.756604
  42	   44	 25137.406581
  42	   45	 13435.683258
  42	   47	 3343.350232
  43	   44	 18434.990646
  43	   47	 47869.487806
  43	   49	 358.965081
  44	   49	 47100.618829
  45	   47	 18058.350358
  45	   48	 412.124293
  45	   51	 44709.039962
  46	   48	 27511.711881
  46	   82	 200.703700
  47	   49	 12776.532348
  47	   51	 11225.497588
  47	   67	 5720.813250
  47	   70	 1838.291678
  48	   51	 25660.948579
  48	   82	 4002.402457
  49	   52	 25999.271315
  49	   58	 9164.793859
  49	   67	 3667.527682
  50	   57	 19654.231659
  50	   72	 13004.055533
  51	   70	 13090.995269
  51	   82	 1650.064889
  52	   54	 1403.550268
  52	   58	 46799.833642
  52	   60	 17116.956740
  53	   54	 5181.994886
  53	   59	 20287.446006
  53	   61	 21877.975878
  54	   60	 24235.324583
  54	   61	 1111.408305
  54	   62	 12946.145278
  54	   63	 16764.463692
  55	   56	 45366.098414
  55	   57	 11065.607066
  55	   64	 11990.567961
  56	   59	 13861.710991
  56	   64	 13994.073681
  56	   66	 6266.701829
  57	   64	 12719.752769
  57	   69	 10455.876638
  57	   72	 13094.714006
  58	   60	 11495.361550
  58	   67	 6701.773383
  58	   71	 12514.935670
  59	   61	 12934.612256
  59	   66	 3440.381567
  59	   68	 8049.474073
  59	   77	 666.118392
  60	   63	 12033.376324
  60	   71	 5427.955930
  60	   75	 101.972177
  60	   76	 1718.097145
  61	   62	 5764.775192
  61	   65	 8396.476608
  61	   68	 7178.656397
  62	   63	 32473.577371
  62	   65	 47661.812495
  63	   65	 7043.123564
  63	   76	 4605.452304
  63	   80	 2982.250297
  64	   66	 51517.266420
  64	   69	 7847.425213
  65	   68	 17205.174140
  65	   80	 797.388443
  66	   69	 17763.093789
  66	   77	 9558.629037
  67	   70	 34687.856213
  67	   71	 10772.283996
  67	   74	 10406.770186
  68	   77	 5997.095973
  68	   79	 11070.275095
  68	   80	 1467.991526
  69	   72	 2098.376094
  69	   73	 36165.990694
  69	   77	 3817.583175
  69	   81	 2527.288998
  70	   74	 14213.585167
  70	   82	 5581.060109
  70	   83	 9574.620334
  71	   74	 13531.778808
  71	   75	 14099.652010
  71	   78	 3523.965189
  72	   73	 33581.938704
  72	  101	 12508.346494
  73	   81	 15559.019427
  73	   85	 11354.620740
  73	  101	 2987.730249
  74	   78	 28415.275478
  74	   83	 8845.851182
  75	   76	 92943.465307
  75	   78	 23736.953187
  76	   78	 5596.346638
  76	   80	 11063.685253
  76	   87	 14166.940164
  76	  104	 15.036540
  77	   79	 721.030139
  77	   81	 13993.935165
  77	   88	 4939.771749
  77	   91	 14404.493595
  78	   83	 8299.496931
  78	   93	 2811.272196
  78	  104	 2864.264021
  78	  107	 5927.840095
  78	  117	 250.739509
  79	   80	 11535.130117
  79	   84	 6882.040021
  79	   88	 5736.740081
  79	   90	 6977.197283
  79	   92	 1473.140565
  80	   84	 17578.445085
  80	   87	 14055.205829
  81	   85	 21930.911160
  81	   89	 17705.629642
  81	   91	 686.647377
  82	   83	 8295.141327
  82	   86	 6028.164552
  82	   93	 13114.409438
  82	  116	 4500.549178
  83	   86	 89615.689548
  83	   93	 7807.644370
  84	   87	 14317.087820
  84	   92	 11693.393077
  84	   99	 7862.171008
  85	   89	 15048.088972
  85	   94	 11067.386301
  85	  101	 13584.159990
  85	  102	 17600.076159
  86	   93	 67128.182162
  87	   99	 12354.364458
  87	  104	 20671.615694
  88	   90	 11985.689111
  88	   91	 149.519388
  88	   95	 30751.862377
  88	   97	 4115.037837
  89	   91	 1377.382726
  89	   94	 51393.793613
  89	   98	 15731.256585
  90	   92	 7363.879761
  90	   97	 21020.012183
  91	   95	 23332.410585
  91	   98	 16934.782010
  91	  103	 19648.602895
  92	   96	 37734.896011
  92	   97	 3055.246307
  92	   99	 6998.331168
  93	  116	 13954.637131
  93	  117	 5684.861070
  94	   98	 12470.264405
  94	  100	 15744.286143
  94	  102	 25555.924636
  95	   97	 8223.321284
  95	  103	 7402.452076
  95	  110	 3804.228544
  95	  114	 3498.299989
  96	   97	 18528.131325
  96	   99	 25034.121341
  96	  106	 467.329330
  96	  109	 2731.364707
  97	  109	 4798.470873
  97	  110	 2513.005812
  98	  100	 93103.283983
  98	  103	 735.914022
  99	  104	 16042.612328
  99	  106	 6522.539878
 100	  102	 9262.537050
 100	  103	 48961.259643
 101	  102	 10246.611774
 101	  105	 75601.575664
 102	  103	 10420.079773
 102	  105	 15095.722668
 102	  111	 21667.983501
 103	  111	 4184.901211
 103	  114	 2539.498980
 103	  115	 14932.599122
 103	  121	 1623.672791
 104	  106	 30595.728318
 104	  107	 17850.544870
 105	  111	 35798.666488
 105	  125	 13484.035484
 106	  107	 5571.550735
 106	  108	 41148.912441
 106	  109	 9934.692005
 107	  108	 5053.538859
 107	  113	 26492.984665
 107	  117	 3674.263330
 107	  119	 8257.350241
 108	  109	 4752.954774
 108	  112	 10383.824705
 108	  113	 8885.596630
 108	  118	 1898.915090
 108	  120	 222.748789
 109	  110	 26768.460152
 109	  112	 11656.730516
 110	  112	 13326.353939
 110	  114	 16365.306496
 111	  121	 3004.818292
 111	  125	 25606.251571
 111	  127	 20610.679171
 111	  128	 18631.631360
 112	  114	 1059.777483
 112	  120	 13731.806728
 112	  124	 2471.504645
 113	  118	 25782.049995
 113	  119	 3440.872028
 114	  115	 48024.491269
 114	  124	 7764.690064
 114	  126	 10237.070356
 115	  121	 63716.619784
 115	  126	 3043.830123
 115	  132	 2141.179751
 116	  117	 3861.246722
 116	  122	 25948.856316
 116	  134	 17869.286891
 117	  119	 22314.049075
 117	  122	 43611.742038
 117	  123	 4275.314128
 118	  119	 778.024959
 118	  120	 2972.115149
 118	  123	 5891.914267
 118	  130	 10649.087416
 119	  123	 36188.103019
 120	  124	 20577.419616
 120	  129	 9510.044841
 120	  130	 2083.599517
 121	  127	 41902.655786
 121	  131	 17748.066328
 121	  132	 8215.522348
 122	  123	 6422.946857
 122	  134	 2483.755341
 123	  130	 3722.269981
 123	  136	 1087.108997
 124	  126	 52961.969997
 124	  129	 2618.872418
 125	  128	 50799.634565
 125	  140	 19953.105566
 126	  129	 14197.305434
 126	  132	 14022.682739
 127	  128	 39365.579826
 127	  131	 16524.505902
 127	  133	 12827.411403
 127	  139	 4954.865769
 128	  139	 32198.432233
 128	  140	 17812.644643
 129	  130	 7688.038494
 129	  132	 1434.250400
 129	  136	 7258.931653
 129	  138	 7374.486680
 130	  136	 17641.994005
 131	  132	 30576.337038
 131	  133	 27788.715530
 131	  135	 20202.487874
 132	  135	 16211.766363
 132	  138	 17870.988666
 133	  135	 17297.107142
 133	  139	 42180.481227
 134	  137	 18298.129662
 135	  138	 10384.951790
 136	  138	 195.559214
