1056.360248
1677.200000
541.066276
1917.707422
2344.697828
4472.002861
1994.215873
1005.642911
1823.582777
4635.405873
440.094617
525.687777
192.725609
2964.355936
2106.310790
596.588542
1289.980330
729.437503
78.125000
621.797418
8906.480359
11554.186920
2347.083291
479.667913
5033.703687
1013.464848
1766.889050
1289.194619
5670.278882
1917.350271
580.904047
3202.896314
944.588394
2607.448033
7984.940771
733.240181
576.527979
2099.648098
365.095694
1076.370743
1882.918836
1357.263844
1681.019366
281.636363
1488.140331
2056.388120
766.442507
1902.197851
3518.341040
1777.876880
5220.104829
4234.298648
2640.854457
2622.176199
2803.194514
1348.697475
1895.366878
3992.176164
1899.541389
3043.586563
2697.453881
1017.346161
672.643336
2049.028196
939.108062
1115.100870
2095.051375
2102.044382
3566.639395
2084.609954
4545.869975
2428.676163
5652.113219
2732.519180
2078.418119
1177.287977
2827.835895
4239.459761
4630.811449
2406.887739
2175.091380
1611.366632
9711.747846
3429.452048
529.894243
1732.588941
528.651145
1910.925349
1542.595061
495.732879
539.303807
1735.515632
326.232888
5475.678741
426.076637
2294.330706
480.486477
1089.723823
424.629792
823.515107
448.181818
4276.739244
2416.478510
3043.950776
2294.756637
3217.217097
1050.556171
3934.904460
1146.262969
964.840269
1340.054660
4094.178557
1033.857977
1186.488836
2296.423796
2359.023000
10639.286430
3535.110820
2319.261929
1694.068299
1374.617053
2085.495421
5722.470027
4205.708942
598.203420
4224.659554
1330.798384
2808.992268
3924.395994
2428.892314
3140.863986
1129.259275
1682.012371
1049.605159
5265.696272
654.829292
2320.230636
165.312500
1229.810546
1409.537101
1719.355070
