0	0	1
20	0	2
40	0	3
60	0	4
80	0	5
100	0	6
120	0	7
140	0	8
160	0	9
180	0	10
200	0	11
220	0	12
240	0	13
260	0	14
280	0	15
300	0	16
320	0	17
340	0	18
360	0	19
380	0	20

400	0	21
420	0	22
441	0	23
461	0	24
482	0	25
502	0	26
523	0	27
543	0	28
564	0	29
584	0	30
605	0	31
625	0	32
646	0	33
666	0	34
687	0	35
707	0	36
728	0	37
748	0	38
769	0	39
789	0	40

809	0	41
829	0	42
849	0	43
869	0	44
889	0	45
909	0	46
929	0	47
949	0	48
969	0	49
989	0	50
1009	0	51
1029	0	52
1049	0	53
1069	0	54
1089	0	55
1109	0	56
1129	0	57
1149	0	58
1169	0	59
1189	0	60

1210	0	61
1230	0	62
1251	0	63
1271	0	64
1292	0	65
1312	0	66
1333	0	67
1353	0	68
1374	0	69
1394	0	70
1415	0	71
1435	0	72
1456	0	73
1476	0	74
1497	0	75
1517	0	76
1538	0	77
1558	0	78
1579	0	79
1599	10000	80