3120
   0	    1	 1.000000
   0	   40	 1.000000
   1	    2	 1.000000
   1	   41	 1.000000
   2	    3	 1.000000
   2	   42	 1.000000
   3	    4	 1.996008
   3	   43	 1.000000
   4	    5	 1.996008
   4	   44	 500.000000
   5	    6	 1.000000
   5	   45	 1.000000
   6	    7	 1.000000
   6	   46	 1.000000
   7	    8	 1.000000
   7	   47	 1.000000
   8	    9	 1.000000
   8	   48	 1.000000
   9	   10	 1.000000
   9	   49	 1.000000
  10	   11	 1.000000
  10	   50	 1.000000
  11	   12	 1.000000
  11	   51	 1.000000
  12	   13	 1.000000
  12	   52	 1.000000
  13	   14	 1.000000
  13	   53	 1.000000
  14	   15	 1.000000
  14	   54	 1.000000
  15	   16	 1.000000
  15	   55	 1.000000
  16	   17	 1.000000
  16	   56	 1.000000
  17	   18	 1.000000
  17	   57	 1.000000
  18	   19	 1.000000
  18	   58	 1.000000
  19	   20	 1.000000
  19	   59	 1.000000
  20	   21	 1.000000
  20	   60	 1.000000
  21	   22	 1.000000
  21	   61	 1.000000
  22	   23	 1.000000
  22	   62	 1.000000
  23	   24	 1.000000
  23	   63	 1.000000
  24	   25	 1.000000
  24	   64	 1.000000
  25	   26	 1.000000
  25	   65	 1.000000
  26	   27	 1.000000
  26	   66	 1.000000
  27	   28	 1.000000
  27	   67	 1.000000
  28	   29	 1.000000
  28	   68	 1.000000
  29	   30	 1.000000
  29	   69	 1.000000
  30	   31	 1.000000
  30	   70	 1.000000
  31	   32	 1.000000
  31	   71	 1.000000
  32	   33	 1.000000
  32	   72	 1.000000
  33	   34	 1.000000
  33	   73	 1.000000
  34	   35	 1.000000
  34	   74	 1.000000
  35	   36	 1.000000
  35	   75	 1.000000
  36	   37	 1.000000
  36	   76	 1.000000
  37	   38	 1.000000
  37	   77	 1.000000
  38	   39	 1.000000
  38	   78	 1.000000
  39	   79	 1.000000
  40	   41	 1.000000
  40	   80	 1.000000
  41	   42	 1.000000
  41	   81	 1.000000
  42	   43	 1.000000
  42	   82	 1.000000
  43	   44	 1.996008
  43	   83	 1.000000
  44	   45	 1.996008
  44	   84	 500.000000
  45	   46	 1.000000
  45	   85	 1.000000
  46	   47	 1.000000
  46	   86	 1.000000
  47	   48	 1.000000
  47	   87	 1.000000
  48	   49	 1.000000
  48	   88	 1.000000
  49	   50	 1.000000
  49	   89	 1.000000
  50	   51	 1.000000
  50	   90	 1.000000
  51	   52	 1.000000
  51	   91	 1.000000
  52	   53	 1.000000
  52	   92	 1.000000
  53	   54	 1.000000
  53	   93	 1.000000
  54	   55	 1.000000
  54	   94	 1.000000
  55	   56	 1.000000
  55	   95	 1.000000
  56	   57	 1.000000
  56	   96	 1.000000
  57	   58	 1.000000
  57	   97	 1.000000
  58	   59	 1.000000
  58	   98	 1.000000
  59	   60	 1.000000
  59	   99	 1.000000
  60	   61	 1.000000
  60	  100	 1.000000
  61	   62	 1.000000
  61	  101	 1.000000
  62	   63	 1.000000
  62	  102	 1.000000
  63	   64	 1.000000
  63	  103	 1.000000
  64	   65	 1.000000
  64	  104	 1.000000
  65	   66	 1.000000
  65	  105	 1.000000
  66	   67	 1.000000
  66	  106	 1.000000
  67	   68	 1.000000
  67	  107	 1.000000
  68	   69	 1.000000
  68	  108	 1.000000
  69	   70	 1.000000
  69	  109	 1.000000
  70	   71	 1.000000
  70	  110	 1.000000
  71	   72	 1.000000
  71	  111	 1.000000
  72	   73	 1.000000
  72	  112	 1.000000
  73	   74	 1.000000
  73	  113	 1.000000
  74	   75	 1.000000
  74	  114	 1.000000
  75	   76	 1.000000
  75	  115	 1.000000
  76	   77	 1.000000
  76	  116	 1.000000
  77	   78	 1.000000
  77	  117	 1.000000
  78	   79	 1.000000
  78	  118	 1.000000
  79	  119	 1.000000
  80	   81	 1.000000
  80	  120	 1.000000
  81	   82	 1.000000
  81	  121	 1.000000
  82	   83	 1.000000
  82	  122	 1.000000
  83	   84	 1.996008
  83	  123	 1.000000
  84	   85	 1.996008
  84	  124	 500.000000
  85	   86	 1.000000
  85	  125	 1.000000
  86	   87	 1.000000
  86	  126	 1.000000
  87	   88	 1.000000
  87	  127	 1.000000
  88	   89	 1.000000
  88	  128	 1.000000
  89	   90	 1.000000
  89	  129	 1.000000
  90	   91	 1.000000
  90	  130	 1.000000
  91	   92	 1.000000
  91	  131	 1.000000
  92	   93	 1.000000
  92	  132	 1.000000
  93	   94	 1.000000
  93	  133	 1.000000
  94	   95	 1.000000
  94	  134	 1.000000
  95	   96	 1.000000
  95	  135	 1.000000
  96	   97	 1.000000
  96	  136	 1.000000
  97	   98	 1.000000
  97	  137	 1.000000
  98	   99	 1.000000
  98	  138	 1.000000
  99	  100	 1.000000
  99	  139	 1.000000
 100	  101	 1.000000
 100	  140	 1.000000
 101	  102	 1.000000
 101	  141	 1.000000
 102	  103	 1.000000
 102	  142	 1.000000
 103	  104	 1.000000
 103	  143	 1.000000
 104	  105	 1.000000
 104	  144	 1.000000
 105	  106	 1.000000
 105	  145	 1.000000
 106	  107	 1.000000
 106	  146	 1.000000
 107	  108	 1.000000
 107	  147	 1.000000
 108	  109	 1.000000
 108	  148	 1.000000
 109	  110	 1.000000
 109	  149	 1.000000
 110	  111	 1.000000
 110	  150	 1.000000
 111	  112	 1.000000
 111	  151	 1.000000
 112	  113	 1.000000
 112	  152	 1.000000
 113	  114	 1.000000
 113	  153	 1.000000
 114	  115	 1.000000
 114	  154	 1.000000
 115	  116	 1.000000
 115	  155	 1.000000
 116	  117	 1.000000
 116	  156	 1.000000
 117	  118	 1.000000
 117	  157	 1.000000
 118	  119	 1.000000
 118	  158	 1.000000
 119	  159	 1.000000
 120	  121	 1.000000
 120	  160	 1.996008
 121	  122	 1.000000
 121	  161	 1.996008
 122	  123	 1.000000
 122	  162	 1.996008
 123	  124	 1.996008
 123	  163	 1.996008
 124	  125	 1.996008
 124	  164	 500.000000
 125	  126	 1.000000
 125	  165	 1.996008
 126	  127	 1.000000
 126	  166	 1.996008
 127	  128	 1.000000
 127	  167	 1.996008
 128	  129	 1.000000
 128	  168	 1.996008
 129	  130	 1.000000
 129	  169	 1.996008
 130	  131	 1.000000
 130	  170	 1.000000
 131	  132	 1.000000
 131	  171	 1.000000
 132	  133	 1.000000
 132	  172	 1.000000
 133	  134	 1.000000
 133	  173	 1.000000
 134	  135	 1.000000
 134	  174	 1.000000
 135	  136	 1.000000
 135	  175	 1.000000
 136	  137	 1.000000
 136	  176	 1.000000
 137	  138	 1.000000
 137	  177	 1.000000
 138	  139	 1.000000
 138	  178	 1.000000
 139	  140	 1.000000
 139	  179	 1.000000
 140	  141	 1.000000
 140	  180	 1.000000
 141	  142	 1.000000
 141	  181	 1.000000
 142	  143	 1.000000
 142	  182	 1.000000
 143	  144	 1.000000
 143	  183	 1.000000
 144	  145	 1.000000
 144	  184	 1.000000
 145	  146	 1.000000
 145	  185	 1.000000
 146	  147	 1.000000
 146	  186	 1.000000
 147	  148	 1.000000
 147	  187	 1.000000
 148	  149	 1.000000
 148	  188	 1.000000
 149	  150	 1.000000
 149	  189	 1.000000
 150	  151	 1.000000
 150	  190	 1.000000
 151	  152	 1.000000
 151	  191	 1.000000
 152	  153	 1.000000
 152	  192	 1.000000
 153	  154	 1.000000
 153	  193	 1.000000
 154	  155	 1.000000
 154	  194	 1.000000
 155	  156	 1.000000
 155	  195	 1.000000
 156	  157	 1.000000
 156	  196	 1.000000
 157	  158	 1.000000
 157	  197	 1.000000
 158	  159	 1.000000
 158	  198	 1.000000
 159	  199	 1.000000
 160	  161	 500.000000
 160	  200	 1.996008
 161	  162	 500.000000
 161	  201	 1.996008
 162	  163	 500.000000
 162	  202	 1.996008
 163	  164	 500.000000
 163	  203	 1.996008
 164	  165	 500.000000
 164	  204	 500.000000
 165	  166	 500.000000
 165	  205	 1.996008
 166	  167	 500.000000
 166	  206	 1.996008
 167	  168	 500.000000
 167	  207	 1.996008
 168	  169	 500.000000
 168	  208	 1.996008
 169	  170	 1.996008
 169	  209	 1.996008
 170	  171	 1.000000
 170	  210	 1.000000
 171	  172	 1.000000
 171	  211	 1.000000
 172	  173	 1.000000
 172	  212	 1.000000
 173	  174	 1.000000
 173	  213	 1.000000
 174	  175	 1.000000
 174	  214	 1.000000
 175	  176	 1.000000
 175	  215	 1.000000
 176	  177	 1.000000
 176	  216	 1.000000
 177	  178	 1.000000
 177	  217	 1.000000
 178	  179	 1.000000
 178	  218	 1.000000
 179	  180	 1.000000
 179	  219	 1.000000
 180	  181	 1.000000
 180	  220	 1.000000
 181	  182	 1.000000
 181	  221	 1.000000
 182	  183	 1.000000
 182	  222	 1.000000
 183	  184	 1.000000
 183	  223	 1.000000
 184	  185	 1.000000
 184	  224	 1.000000
 185	  186	 1.000000
 185	  225	 1.000000
 186	  187	 1.000000
 186	  226	 1.000000
 187	  188	 1.000000
 187	  227	 1.000000
 188	  189	 1.000000
 188	  228	 1.000000
 189	  190	 1.000000
 189	  229	 1.000000
 190	  191	 1.000000
 190	  230	 1.000000
 191	  192	 1.000000
 191	  231	 1.000000
 192	  193	 1.000000
 192	  232	 1.000000
 193	  194	 1.000000
 193	  233	 1.000000
 194	  195	 1.000000
 194	  234	 1.000000
 195	  196	 1.000000
 195	  235	 1.000000
 196	  197	 1.000000
 196	  236	 1.000000
 197	  198	 1.000000
 197	  237	 1.000000
 198	  199	 1.000000
 198	  238	 1.000000
 199	  239	 1.000000
 200	  201	 1.000000
 200	  240	 1.000000
 201	  202	 1.000000
 201	  241	 1.000000
 202	  203	 1.000000
 202	  242	 1.000000
 203	  204	 1.996008
 203	  243	 1.000000
 204	  205	 1.996008
 204	  244	 500.000000
 205	  206	 1.000000
 205	  245	 1.000000
 206	  207	 1.000000
 206	  246	 1.000000
 207	  208	 1.000000
 207	  247	 1.000000
 208	  209	 1.000000
 208	  248	 1.000000
 209	  210	 1.000000
 209	  249	 1.000000
 210	  211	 1.000000
 210	  250	 1.000000
 211	  212	 1.000000
 211	  251	 1.000000
 212	  213	 1.000000
 212	  252	 1.000000
 213	  214	 1.000000
 213	  253	 1.000000
 214	  215	 1.000000
 214	  254	 1.000000
 215	  216	 1.000000
 215	  255	 1.000000
 216	  217	 1.000000
 216	  256	 1.000000
 217	  218	 1.000000
 217	  257	 1.000000
 218	  219	 1.000000
 218	  258	 1.000000
 219	  220	 1.000000
 219	  259	 1.000000
 220	  221	 1.000000
 220	  260	 1.000000
 221	  222	 1.000000
 221	  261	 1.000000
 222	  223	 1.000000
 222	  262	 1.000000
 223	  224	 1.000000
 223	  263	 1.000000
 224	  225	 1.000000
 224	  264	 1.000000
 225	  226	 1.000000
 225	  265	 1.000000
 226	  227	 1.000000
 226	  266	 1.000000
 227	  228	 1.000000
 227	  267	 1.000000
 228	  229	 1.000000
 228	  268	 1.000000
 229	  230	 1.000000
 229	  269	 1.000000
 230	  231	 1.000000
 230	  270	 1.000000
 231	  232	 1.000000
 231	  271	 1.000000
 232	  233	 1.000000
 232	  272	 1.000000
 233	  234	 1.000000
 233	  273	 1.000000
 234	  235	 1.000000
 234	  274	 1.000000
 235	  236	 1.000000
 235	  275	 1.000000
 236	  237	 1.000000
 236	  276	 1.000000
 237	  238	 1.000000
 237	  277	 1.000000
 238	  239	 1.000000
 238	  278	 1.000000
 239	  279	 1.000000
 240	  241	 1.000000
 240	  280	 1.000000
 241	  242	 1.000000
 241	  281	 1.000000
 242	  243	 1.000000
 242	  282	 1.000000
 243	  244	 1.996008
 243	  283	 1.000000
 244	  245	 1.996008
 244	  284	 500.000000
 245	  246	 1.000000
 245	  285	 1.000000
 246	  247	 1.000000
 246	  286	 1.000000
 247	  248	 1.000000
 247	  287	 1.000000
 248	  249	 1.000000
 248	  288	 1.000000
 249	  250	 1.000000
 249	  289	 1.000000
 250	  251	 1.000000
 250	  290	 1.000000
 251	  252	 1.000000
 251	  291	 1.000000
 252	  253	 1.000000
 252	  292	 1.000000
 253	  254	 1.000000
 253	  293	 1.000000
 254	  255	 1.000000
 254	  294	 1.000000
 255	  256	 1.000000
 255	  295	 1.000000
 256	  257	 1.000000
 256	  296	 1.000000
 257	  258	 1.000000
 257	  297	 1.000000
 258	  259	 1.000000
 258	  298	 1.000000
 259	  260	 1.000000
 259	  299	 1.000000
 260	  261	 1.000000
 260	  300	 1.000000
 261	  262	 1.000000
 261	  301	 1.000000
 262	  263	 1.000000
 262	  302	 1.000000
 263	  264	 1.000000
 263	  303	 1.000000
 264	  265	 1.000000
 264	  304	 1.000000
 265	  266	 1.000000
 265	  305	 1.000000
 266	  267	 1.000000
 266	  306	 1.000000
 267	  268	 1.000000
 267	  307	 1.000000
 268	  269	 1.000000
 268	  308	 1.000000
 269	  270	 1.000000
 269	  309	 1.000000
 270	  271	 1.000000
 270	  310	 1.000000
 271	  272	 1.000000
 271	  311	 1.000000
 272	  273	 1.000000
 272	  312	 1.000000
 273	  274	 1.000000
 273	  313	 1.000000
 274	  275	 1.000000
 274	  314	 1.000000
 275	  276	 1.000000
 275	  315	 1.000000
 276	  277	 1.000000
 276	  316	 1.000000
 277	  278	 1.000000
 277	  317	 1.000000
 278	  279	 1.000000
 278	  318	 1.000000
 279	  319	 1.000000
 280	  281	 1.000000
 280	  320	 1.000000
 281	  282	 1.000000
 281	  321	 1.000000
 282	  283	 1.000000
 282	  322	 1.000000
 283	  284	 1.996008
 283	  323	 1.000000
 284	  285	 1.996008
 284	  324	 500.000000
 285	  286	 1.000000
 285	  325	 1.000000
 286	  287	 1.000000
 286	  326	 1.000000
 287	  288	 1.000000
 287	  327	 1.000000
 288	  289	 1.000000
 288	  328	 1.000000
 289	  290	 1.000000
 289	  329	 1.000000
 290	  291	 1.000000
 290	  330	 1.000000
 291	  292	 1.000000
 291	  331	 1.000000
 292	  293	 1.000000
 292	  332	 1.000000
 293	  294	 1.000000
 293	  333	 1.000000
 294	  295	 1.000000
 294	  334	 1.000000
 295	  296	 1.000000
 295	  335	 1.000000
 296	  297	 1.000000
 296	  336	 1.000000
 297	  298	 1.000000
 297	  337	 1.000000
 298	  299	 1.000000
 298	  338	 1.000000
 299	  300	 1.000000
 299	  339	 1.000000
 300	  301	 1.000000
 300	  340	 1.000000
 301	  302	 1.000000
 301	  341	 1.000000
 302	  303	 1.000000
 302	  342	 1.000000
 303	  304	 1.000000
 303	  343	 1.000000
 304	  305	 1.000000
 304	  344	 1.000000
 305	  306	 1.000000
 305	  345	 1.000000
 306	  307	 1.000000
 306	  346	 1.000000
 307	  308	 1.000000
 307	  347	 1.000000
 308	  309	 1.000000
 308	  348	 1.000000
 309	  310	 1.000000
 309	  349	 1.000000
 310	  311	 1.000000
 310	  350	 1.000000
 311	  312	 1.000000
 311	  351	 1.000000
 312	  313	 1.000000
 312	  352	 1.000000
 313	  314	 1.000000
 313	  353	 1.000000
 314	  315	 1.000000
 314	  354	 1.000000
 315	  316	 1.000000
 315	  355	 1.000000
 316	  317	 1.000000
 316	  356	 1.000000
 317	  318	 1.000000
 317	  357	 1.000000
 318	  319	 1.000000
 318	  358	 1.000000
 319	  359	 1.000000
 320	  321	 1.000000
 320	  360	 1.000000
 321	  322	 1.000000
 321	  361	 1.000000
 322	  323	 1.000000
 322	  362	 1.000000
 323	  324	 1.996008
 323	  363	 1.000000
 324	  325	 1.996008
 324	  364	 500.000000
 325	  326	 1.000000
 325	  365	 1.000000
 326	  327	 1.000000
 326	  366	 1.000000
 327	  328	 1.000000
 327	  367	 1.000000
 328	  329	 1.000000
 328	  368	 1.000000
 329	  330	 1.000000
 329	  369	 1.000000
 330	  331	 1.000000
 330	  370	 1.000000
 331	  332	 1.000000
 331	  371	 1.000000
 332	  333	 1.000000
 332	  372	 1.000000
 333	  334	 1.000000
 333	  373	 1.000000
 334	  335	 1.000000
 334	  374	 1.000000
 335	  336	 1.000000
 335	  375	 1.000000
 336	  337	 1.000000
 336	  376	 1.000000
 337	  338	 1.000000
 337	  377	 1.000000
 338	  339	 1.000000
 338	  378	 1.000000
 339	  340	 1.000000
 339	  379	 1.000000
 340	  341	 1.000000
 340	  380	 1.000000
 341	  342	 1.000000
 341	  381	 1.000000
 342	  343	 1.000000
 342	  382	 1.000000
 343	  344	 1.000000
 343	  383	 1.000000
 344	  345	 1.000000
 344	  384	 1.000000
 345	  346	 1.000000
 345	  385	 1.000000
 346	  347	 1.000000
 346	  386	 1.000000
 347	  348	 1.000000
 347	  387	 1.000000
 348	  349	 1.000000
 348	  388	 1.000000
 349	  350	 1.000000
 349	  389	 1.000000
 350	  351	 1.000000
 350	  390	 1.000000
 351	  352	 1.000000
 351	  391	 1.000000
 352	  353	 1.000000
 352	  392	 1.000000
 353	  354	 1.000000
 353	  393	 1.000000
 354	  355	 1.000000
 354	  394	 1.000000
 355	  356	 1.000000
 355	  395	 1.000000
 356	  357	 1.000000
 356	  396	 1.000000
 357	  358	 1.000000
 357	  397	 1.000000
 358	  359	 1.000000
 358	  398	 1.000000
 359	  399	 1.000000
 360	  361	 1.000000
 360	  400	 1.000000
 361	  362	 1.000000
 361	  401	 1.000000
 362	  363	 1.000000
 362	  402	 1.000000
 363	  364	 1.996008
 363	  403	 1.000000
 364	  365	 1.996008
 364	  404	 500.000000
 365	  366	 1.000000
 365	  405	 1.000000
 366	  367	 1.000000
 366	  406	 1.000000
 367	  368	 1.000000
 367	  407	 1.000000
 368	  369	 1.000000
 368	  408	 1.000000
 369	  370	 1.000000
 369	  409	 1.000000
 370	  371	 1.000000
 370	  410	 1.000000
 371	  372	 1.000000
 371	  411	 1.000000
 372	  373	 1.000000
 372	  412	 1.000000
 373	  374	 1.000000
 373	  413	 1.000000
 374	  375	 1.000000
 374	  414	 1.000000
 375	  376	 1.000000
 375	  415	 1.000000
 376	  377	 1.000000
 376	  416	 1.000000
 377	  378	 1.000000
 377	  417	 1.000000
 378	  379	 1.000000
 378	  418	 1.000000
 379	  380	 1.000000
 379	  419	 1.000000
 380	  381	 1.000000
 380	  420	 1.000000
 381	  382	 1.000000
 381	  421	 1.000000
 382	  383	 1.000000
 382	  422	 1.000000
 383	  384	 1.000000
 383	  423	 1.000000
 384	  385	 1.000000
 384	  424	 1.000000
 385	  386	 1.000000
 385	  425	 1.000000
 386	  387	 1.000000
 386	  426	 1.000000
 387	  388	 1.000000
 387	  427	 1.000000
 388	  389	 1.000000
 388	  428	 1.000000
 389	  390	 1.000000
 389	  429	 1.000000
 390	  391	 1.000000
 390	  430	 1.000000
 391	  392	 1.000000
 391	  431	 1.000000
 392	  393	 1.000000
 392	  432	 1.000000
 393	  394	 1.000000
 393	  433	 1.000000
 394	  395	 1.000000
 394	  434	 1.000000
 395	  396	 1.000000
 395	  435	 1.000000
 396	  397	 1.000000
 396	  436	 1.000000
 397	  398	 1.000000
 397	  437	 1.000000
 398	  399	 1.000000
 398	  438	 1.000000
 399	  439	 1.000000
 400	  401	 1.000000
 400	  440	 1.000000
 401	  402	 1.000000
 401	  441	 1.000000
 402	  403	 1.000000
 402	  442	 1.000000
 403	  404	 1.996008
 403	  443	 1.000000
 404	  405	 1.996008
 404	  444	 500.000000
 405	  406	 1.000000
 405	  445	 1.000000
 406	  407	 1.000000
 406	  446	 1.000000
 407	  408	 1.000000
 407	  447	 1.000000
 408	  409	 1.000000
 408	  448	 1.000000
 409	  410	 1.000000
 409	  449	 1.000000
 410	  411	 1.000000
 410	  450	 1.000000
 411	  412	 1.000000
 411	  451	 1.000000
 412	  413	 1.000000
 412	  452	 1.000000
 413	  414	 1.000000
 413	  453	 1.000000
 414	  415	 1.000000
 414	  454	 1.000000
 415	  416	 1.000000
 415	  455	 1.000000
 416	  417	 1.000000
 416	  456	 1.000000
 417	  418	 1.000000
 417	  457	 1.000000
 418	  419	 1.000000
 418	  458	 1.000000
 419	  420	 1.000000
 419	  459	 1.000000
 420	  421	 1.000000
 420	  460	 1.000000
 421	  422	 1.000000
 421	  461	 1.000000
 422	  423	 1.000000
 422	  462	 1.000000
 423	  424	 1.000000
 423	  463	 1.000000
 424	  425	 1.000000
 424	  464	 1.000000
 425	  426	 1.000000
 425	  465	 1.000000
 426	  427	 1.000000
 426	  466	 1.000000
 427	  428	 1.000000
 427	  467	 1.000000
 428	  429	 1.000000
 428	  468	 1.000000
 429	  430	 1.000000
 429	  469	 1.000000
 430	  431	 1.000000
 430	  470	 1.000000
 431	  432	 1.000000
 431	  471	 1.000000
 432	  433	 1.000000
 432	  472	 1.000000
 433	  434	 1.000000
 433	  473	 1.000000
 434	  435	 1.000000
 434	  474	 1.000000
 435	  436	 1.000000
 435	  475	 1.000000
 436	  437	 1.000000
 436	  476	 1.000000
 437	  438	 1.000000
 437	  477	 1.000000
 438	  439	 1.000000
 438	  478	 1.000000
 439	  479	 1.000000
 440	  441	 1.000000
 440	  480	 1.000000
 441	  442	 1.000000
 441	  481	 1.000000
 442	  443	 1.000000
 442	  482	 1.000000
 443	  444	 1.996008
 443	  483	 1.000000
 444	  445	 1.996008
 444	  484	 500.000000
 445	  446	 1.000000
 445	  485	 1.000000
 446	  447	 1.000000
 446	  486	 1.000000
 447	  448	 1.000000
 447	  487	 1.000000
 448	  449	 1.000000
 448	  488	 1.000000
 449	  450	 1.000000
 449	  489	 1.000000
 450	  451	 1.000000
 450	  490	 1.000000
 451	  452	 1.000000
 451	  491	 1.000000
 452	  453	 1.000000
 452	  492	 1.000000
 453	  454	 1.000000
 453	  493	 1.000000
 454	  455	 1.000000
 454	  494	 1.000000
 455	  456	 1.000000
 455	  495	 1.000000
 456	  457	 1.000000
 456	  496	 1.000000
 457	  458	 1.000000
 457	  497	 1.000000
 458	  459	 1.000000
 458	  498	 1.000000
 459	  460	 1.000000
 459	  499	 1.000000
 460	  461	 1.000000
 460	  500	 1.000000
 461	  462	 1.000000
 461	  501	 1.000000
 462	  463	 1.000000
 462	  502	 1.000000
 463	  464	 1.000000
 463	  503	 1.000000
 464	  465	 1.000000
 464	  504	 1.000000
 465	  466	 1.000000
 465	  505	 1.000000
 466	  467	 1.000000
 466	  506	 1.000000
 467	  468	 1.000000
 467	  507	 1.000000
 468	  469	 1.000000
 468	  508	 1.000000
 469	  470	 1.000000
 469	  509	 1.000000
 470	  471	 1.000000
 470	  510	 1.000000
 471	  472	 1.000000
 471	  511	 1.000000
 472	  473	 1.000000
 472	  512	 1.000000
 473	  474	 1.000000
 473	  513	 1.000000
 474	  475	 1.000000
 474	  514	 1.000000
 475	  476	 1.000000
 475	  515	 1.000000
 476	  477	 1.000000
 476	  516	 1.000000
 477	  478	 1.000000
 477	  517	 1.000000
 478	  479	 1.000000
 478	  518	 1.000000
 479	  519	 1.000000
 480	  481	 1.000000
 480	  520	 1.000000
 481	  482	 1.000000
 481	  521	 1.000000
 482	  483	 1.000000
 482	  522	 1.000000
 483	  484	 1.996008
 483	  523	 1.000000
 484	  485	 1.996008
 484	  524	 500.000000
 485	  486	 1.000000
 485	  525	 1.000000
 486	  487	 1.000000
 486	  526	 1.000000
 487	  488	 1.000000
 487	  527	 1.000000
 488	  489	 1.000000
 488	  528	 1.000000
 489	  490	 1.000000
 489	  529	 1.000000
 490	  491	 1.000000
 490	  530	 1.000000
 491	  492	 1.000000
 491	  531	 1.000000
 492	  493	 1.000000
 492	  532	 1.000000
 493	  494	 1.000000
 493	  533	 1.000000
 494	  495	 1.000000
 494	  534	 1.000000
 495	  496	 1.000000
 495	  535	 1.000000
 496	  497	 1.000000
 496	  536	 1.000000
 497	  498	 1.000000
 497	  537	 1.000000
 498	  499	 1.000000
 498	  538	 1.000000
 499	  500	 1.000000
 499	  539	 1.000000
 500	  501	 1.000000
 500	  540	 1.000000
 501	  502	 1.000000
 501	  541	 1.000000
 502	  503	 1.000000
 502	  542	 1.000000
 503	  504	 1.000000
 503	  543	 1.000000
 504	  505	 1.000000
 504	  544	 1.000000
 505	  506	 1.000000
 505	  545	 1.000000
 506	  507	 1.000000
 506	  546	 1.000000
 507	  508	 1.000000
 507	  547	 1.000000
 508	  509	 1.000000
 508	  548	 1.000000
 509	  510	 1.000000
 509	  549	 1.000000
 510	  511	 1.000000
 510	  550	 1.000000
 511	  512	 1.000000
 511	  551	 1.000000
 512	  513	 1.000000
 512	  552	 1.000000
 513	  514	 1.000000
 513	  553	 1.000000
 514	  515	 1.000000
 514	  554	 1.000000
 515	  516	 1.000000
 515	  555	 1.000000
 516	  517	 1.000000
 516	  556	 1.000000
 517	  518	 1.000000
 517	  557	 1.000000
 518	  519	 1.000000
 518	  558	 1.000000
 519	  559	 1.000000
 520	  521	 1.000000
 520	  560	 1.000000
 521	  522	 1.000000
 521	  561	 1.000000
 522	  523	 1.000000
 522	  562	 1.000000
 523	  524	 1.996008
 523	  563	 1.000000
 524	  525	 1.996008
 524	  564	 500.000000
 525	  526	 1.000000
 525	  565	 1.000000
 526	  527	 1.000000
 526	  566	 1.000000
 527	  528	 1.000000
 527	  567	 1.000000
 528	  529	 1.000000
 528	  568	 1.000000
 529	  530	 1.000000
 529	  569	 1.000000
 530	  531	 1.000000
 530	  570	 1.000000
 531	  532	 1.000000
 531	  571	 1.000000
 532	  533	 1.000000
 532	  572	 1.000000
 533	  534	 1.000000
 533	  573	 1.000000
 534	  535	 1.000000
 534	  574	 1.000000
 535	  536	 1.000000
 535	  575	 1.000000
 536	  537	 1.000000
 536	  576	 1.000000
 537	  538	 1.000000
 537	  577	 1.000000
 538	  539	 1.000000
 538	  578	 1.000000
 539	  540	 1.000000
 539	  579	 1.000000
 540	  541	 1.000000
 540	  580	 1.000000
 541	  542	 1.000000
 541	  581	 1.000000
 542	  543	 1.000000
 542	  582	 1.000000
 543	  544	 1.000000
 543	  583	 1.000000
 544	  545	 1.000000
 544	  584	 1.000000
 545	  546	 1.000000
 545	  585	 1.000000
 546	  547	 1.000000
 546	  586	 1.000000
 547	  548	 1.000000
 547	  587	 1.000000
 548	  549	 1.000000
 548	  588	 1.000000
 549	  550	 1.000000
 549	  589	 1.000000
 550	  551	 1.000000
 550	  590	 1.000000
 551	  552	 1.000000
 551	  591	 1.000000
 552	  553	 1.000000
 552	  592	 1.000000
 553	  554	 1.000000
 553	  593	 1.000000
 554	  555	 1.000000
 554	  594	 1.000000
 555	  556	 1.000000
 555	  595	 1.000000
 556	  557	 1.000000
 556	  596	 1.000000
 557	  558	 1.000000
 557	  597	 1.000000
 558	  559	 1.000000
 558	  598	 1.000000
 559	  599	 1.000000
 560	  561	 1.000000
 560	  600	 1.000000
 561	  562	 1.000000
 561	  601	 1.000000
 562	  563	 1.000000
 562	  602	 1.000000
 563	  564	 1.996008
 563	  603	 1.000000
 564	  565	 1.996008
 564	  604	 500.000000
 565	  566	 1.000000
 565	  605	 1.000000
 566	  567	 1.000000
 566	  606	 1.000000
 567	  568	 1.000000
 567	  607	 1.000000
 568	  569	 1.000000
 568	  608	 1.000000
 569	  570	 1.000000
 569	  609	 1.000000
 570	  571	 1.000000
 570	  610	 1.000000
 571	  572	 1.000000
 571	  611	 1.000000
 572	  573	 1.000000
 572	  612	 1.000000
 573	  574	 1.000000
 573	  613	 1.000000
 574	  575	 1.000000
 574	  614	 1.000000
 575	  576	 1.000000
 575	  615	 1.000000
 576	  577	 1.000000
 576	  616	 1.000000
 577	  578	 1.000000
 577	  617	 1.000000
 578	  579	 1.000000
 578	  618	 1.000000
 579	  580	 1.000000
 579	  619	 1.000000
 580	  581	 1.000000
 580	  620	 1.000000
 581	  582	 1.000000
 581	  621	 1.000000
 582	  583	 1.000000
 582	  622	 1.000000
 583	  584	 1.000000
 583	  623	 1.000000
 584	  585	 1.000000
 584	  624	 1.000000
 585	  586	 1.000000
 585	  625	 1.000000
 586	  587	 1.000000
 586	  626	 1.000000
 587	  588	 1.000000
 587	  627	 1.000000
 588	  589	 1.000000
 588	  628	 1.000000
 589	  590	 1.000000
 589	  629	 1.000000
 590	  591	 1.000000
 590	  630	 1.000000
 591	  592	 1.000000
 591	  631	 1.000000
 592	  593	 1.000000
 592	  632	 1.000000
 593	  594	 1.000000
 593	  633	 1.000000
 594	  595	 1.000000
 594	  634	 1.000000
 595	  596	 1.000000
 595	  635	 1.000000
 596	  597	 1.000000
 596	  636	 1.000000
 597	  598	 1.000000
 597	  637	 1.000000
 598	  599	 1.000000
 598	  638	 1.000000
 599	  639	 1.000000
 600	  601	 1.000000
 600	  640	 1.000000
 601	  602	 1.000000
 601	  641	 1.000000
 602	  603	 1.000000
 602	  642	 1.000000
 603	  604	 1.996008
 603	  643	 1.000000
 604	  605	 1.996008
 604	  644	 500.000000
 605	  606	 1.000000
 605	  645	 1.000000
 606	  607	 1.000000
 606	  646	 1.000000
 607	  608	 1.000000
 607	  647	 1.000000
 608	  609	 1.000000
 608	  648	 1.000000
 609	  610	 1.000000
 609	  649	 1.000000
 610	  611	 1.000000
 610	  650	 1.000000
 611	  612	 1.000000
 611	  651	 1.000000
 612	  613	 1.000000
 612	  652	 1.000000
 613	  614	 1.000000
 613	  653	 1.000000
 614	  615	 1.000000
 614	  654	 1.000000
 615	  616	 1.000000
 615	  655	 1.000000
 616	  617	 1.000000
 616	  656	 1.000000
 617	  618	 1.000000
 617	  657	 1.000000
 618	  619	 1.000000
 618	  658	 1.000000
 619	  620	 1.000000
 619	  659	 1.000000
 620	  621	 1.000000
 620	  660	 1.000000
 621	  622	 1.000000
 621	  661	 1.000000
 622	  623	 1.000000
 622	  662	 1.000000
 623	  624	 1.000000
 623	  663	 1.000000
 624	  625	 1.000000
 624	  664	 1.000000
 625	  626	 1.000000
 625	  665	 1.000000
 626	  627	 1.000000
 626	  666	 1.000000
 627	  628	 1.000000
 627	  667	 1.000000
 628	  629	 1.000000
 628	  668	 1.000000
 629	  630	 1.000000
 629	  669	 1.000000
 630	  631	 1.000000
 630	  670	 1.000000
 631	  632	 1.000000
 631	  671	 1.000000
 632	  633	 1.000000
 632	  672	 1.000000
 633	  634	 1.000000
 633	  673	 1.000000
 634	  635	 1.000000
 634	  674	 1.000000
 635	  636	 1.000000
 635	  675	 1.000000
 636	  637	 1.000000
 636	  676	 1.000000
 637	  638	 1.000000
 637	  677	 1.000000
 638	  639	 1.000000
 638	  678	 1.000000
 639	  679	 1.000000
 640	  641	 1.000000
 640	  680	 1.000000
 641	  642	 1.000000
 641	  681	 1.000000
 642	  643	 1.000000
 642	  682	 1.000000
 643	  644	 1.996008
 643	  683	 1.000000
 644	  645	 1.996008
 644	  684	 500.000000
 645	  646	 1.000000
 645	  685	 1.000000
 646	  647	 1.000000
 646	  686	 1.000000
 647	  648	 1.000000
 647	  687	 1.000000
 648	  649	 1.000000
 648	  688	 1.000000
 649	  650	 1.000000
 649	  689	 1.000000
 650	  651	 1.000000
 650	  690	 1.000000
 651	  652	 1.000000
 651	  691	 1.000000
 652	  653	 1.000000
 652	  692	 1.000000
 653	  654	 1.000000
 653	  693	 1.000000
 654	  655	 1.000000
 654	  694	 1.000000
 655	  656	 1.000000
 655	  695	 1.000000
 656	  657	 1.000000
 656	  696	 1.000000
 657	  658	 1.000000
 657	  697	 1.000000
 658	  659	 1.000000
 658	  698	 1.000000
 659	  660	 1.000000
 659	  699	 1.000000
 660	  661	 1.000000
 660	  700	 1.000000
 661	  662	 1.000000
 661	  701	 1.000000
 662	  663	 1.000000
 662	  702	 1.000000
 663	  664	 1.000000
 663	  703	 1.000000
 664	  665	 1.000000
 664	  704	 1.000000
 665	  666	 1.000000
 665	  705	 1.000000
 666	  667	 1.000000
 666	  706	 1.000000
 667	  668	 1.000000
 667	  707	 1.000000
 668	  669	 1.000000
 668	  708	 1.000000
 669	  670	 1.000000
 669	  709	 1.000000
 670	  671	 1.000000
 670	  710	 1.000000
 671	  672	 1.000000
 671	  711	 1.000000
 672	  673	 1.000000
 672	  712	 1.000000
 673	  674	 1.000000
 673	  713	 1.000000
 674	  675	 1.000000
 674	  714	 1.000000
 675	  676	 1.000000
 675	  715	 1.000000
 676	  677	 1.000000
 676	  716	 1.000000
 677	  678	 1.000000
 677	  717	 1.000000
 678	  679	 1.000000
 678	  718	 1.000000
 679	  719	 1.000000
 680	  681	 1.000000
 680	  720	 1.000000
 681	  682	 1.000000
 681	  721	 1.000000
 682	  683	 1.000000
 682	  722	 1.000000
 683	  684	 1.996008
 683	  723	 1.000000
 684	  685	 1.996008
 684	  724	 500.000000
 685	  686	 1.000000
 685	  725	 1.000000
 686	  687	 1.000000
 686	  726	 1.000000
 687	  688	 1.000000
 687	  727	 1.000000
 688	  689	 1.000000
 688	  728	 1.000000
 689	  690	 1.000000
 689	  729	 1.000000
 690	  691	 1.000000
 690	  730	 1.000000
 691	  692	 1.000000
 691	  731	 1.000000
 692	  693	 1.000000
 692	  732	 1.000000
 693	  694	 1.000000
 693	  733	 1.000000
 694	  695	 1.000000
 694	  734	 1.000000
 695	  696	 1.000000
 695	  735	 1.000000
 696	  697	 1.000000
 696	  736	 1.000000
 697	  698	 1.000000
 697	  737	 1.000000
 698	  699	 1.000000
 698	  738	 1.000000
 699	  700	 1.000000
 699	  739	 1.000000
 700	  701	 1.000000
 700	  740	 1.000000
 701	  702	 1.000000
 701	  741	 1.000000
 702	  703	 1.000000
 702	  742	 1.000000
 703	  704	 1.000000
 703	  743	 1.000000
 704	  705	 1.000000
 704	  744	 1.000000
 705	  706	 1.000000
 705	  745	 1.000000
 706	  707	 1.000000
 706	  746	 1.000000
 707	  708	 1.000000
 707	  747	 1.000000
 708	  709	 1.000000
 708	  748	 1.000000
 709	  710	 1.000000
 709	  749	 1.000000
 710	  711	 1.000000
 710	  750	 1.000000
 711	  712	 1.000000
 711	  751	 1.000000
 712	  713	 1.000000
 712	  752	 1.000000
 713	  714	 1.000000
 713	  753	 1.000000
 714	  715	 1.000000
 714	  754	 1.000000
 715	  716	 1.000000
 715	  755	 1.000000
 716	  717	 1.000000
 716	  756	 1.000000
 717	  718	 1.000000
 717	  757	 1.000000
 718	  719	 1.000000
 718	  758	 1.000000
 719	  759	 1.000000
 720	  721	 1.000000
 720	  760	 1.000000
 721	  722	 1.000000
 721	  761	 1.000000
 722	  723	 1.000000
 722	  762	 1.000000
 723	  724	 1.996008
 723	  763	 1.000000
 724	  725	 1.996008
 724	  764	 500.000000
 725	  726	 1.000000
 725	  765	 1.000000
 726	  727	 1.000000
 726	  766	 1.000000
 727	  728	 1.000000
 727	  767	 1.000000
 728	  729	 1.000000
 728	  768	 1.000000
 729	  730	 1.000000
 729	  769	 1.000000
 730	  731	 1.000000
 730	  770	 1.000000
 731	  732	 1.000000
 731	  771	 1.000000
 732	  733	 1.000000
 732	  772	 1.000000
 733	  734	 1.000000
 733	  773	 1.000000
 734	  735	 1.000000
 734	  774	 1.000000
 735	  736	 1.000000
 735	  775	 1.000000
 736	  737	 1.000000
 736	  776	 1.000000
 737	  738	 1.000000
 737	  777	 1.000000
 738	  739	 1.000000
 738	  778	 1.000000
 739	  740	 1.000000
 739	  779	 1.000000
 740	  741	 1.000000
 740	  780	 1.000000
 741	  742	 1.000000
 741	  781	 1.000000
 742	  743	 1.000000
 742	  782	 1.000000
 743	  744	 1.000000
 743	  783	 1.000000
 744	  745	 1.000000
 744	  784	 1.000000
 745	  746	 1.000000
 745	  785	 1.000000
 746	  747	 1.000000
 746	  786	 1.000000
 747	  748	 1.000000
 747	  787	 1.000000
 748	  749	 1.000000
 748	  788	 1.000000
 749	  750	 1.000000
 749	  789	 1.000000
 750	  751	 1.000000
 750	  790	 1.000000
 751	  752	 1.000000
 751	  791	 1.000000
 752	  753	 1.000000
 752	  792	 1.000000
 753	  754	 1.000000
 753	  793	 1.000000
 754	  755	 1.000000
 754	  794	 1.000000
 755	  756	 1.000000
 755	  795	 1.000000
 756	  757	 1.000000
 756	  796	 1.000000
 757	  758	 1.000000
 757	  797	 1.000000
 758	  759	 1.000000
 758	  798	 1.000000
 759	  799	 1.000000
 760	  761	 1.000000
 760	  800	 1.000000
 761	  762	 1.000000
 761	  801	 1.000000
 762	  763	 1.000000
 762	  802	 1.000000
 763	  764	 1.996008
 763	  803	 1.000000
 764	  765	 1.996008
 764	  804	 1.996008
 765	  766	 1.000000
 765	  805	 1.000000
 766	  767	 1.000000
 766	  806	 1.000000
 767	  768	 1.000000
 767	  807	 1.000000
 768	  769	 1.000000
 768	  808	 1.000000
 769	  770	 1.000000
 769	  809	 1.000000
 770	  771	 1.000000
 770	  810	 1.000000
 771	  772	 1.000000
 771	  811	 1.000000
 772	  773	 1.000000
 772	  812	 1.000000
 773	  774	 1.000000
 773	  813	 1.000000
 774	  775	 1.000000
 774	  814	 1.000000
 775	  776	 1.000000
 775	  815	 1.000000
 776	  777	 1.000000
 776	  816	 1.000000
 777	  778	 1.000000
 777	  817	 1.000000
 778	  779	 1.000000
 778	  818	 1.000000
 779	  780	 1.000000
 779	  819	 1.000000
 780	  781	 1.000000
 780	  820	 1.000000
 781	  782	 1.000000
 781	  821	 1.000000
 782	  783	 1.000000
 782	  822	 1.000000
 783	  784	 1.000000
 783	  823	 1.000000
 784	  785	 1.000000
 784	  824	 1.000000
 785	  786	 1.000000
 785	  825	 1.000000
 786	  787	 1.000000
 786	  826	 1.000000
 787	  788	 1.000000
 787	  827	 1.000000
 788	  789	 1.000000
 788	  828	 1.000000
 789	  790	 1.000000
 789	  829	 1.000000
 790	  791	 1.000000
 790	  830	 1.000000
 791	  792	 1.000000
 791	  831	 1.000000
 792	  793	 1.000000
 792	  832	 1.000000
 793	  794	 1.000000
 793	  833	 1.000000
 794	  795	 1.000000
 794	  834	 1.000000
 795	  796	 1.000000
 795	  835	 1.000000
 796	  797	 1.000000
 796	  836	 1.000000
 797	  798	 1.000000
 797	  837	 1.000000
 798	  799	 1.000000
 798	  838	 1.000000
 799	  839	 1.000000
 800	  801	 1.000000
 800	  840	 1.000000
 801	  802	 1.000000
 801	  841	 1.000000
 802	  803	 1.000000
 802	  842	 1.000000
 803	  804	 1.000000
 803	  843	 1.000000
 804	  805	 1.000000
 804	  844	 1.000000
 805	  806	 1.000000
 805	  845	 1.000000
 806	  807	 1.000000
 806	  846	 1.000000
 807	  808	 1.000000
 807	  847	 1.000000
 808	  809	 1.000000
 808	  848	 1.000000
 809	  810	 1.000000
 809	  849	 1.000000
 810	  811	 1.000000
 810	  850	 1.000000
 811	  812	 1.000000
 811	  851	 1.000000
 812	  813	 1.000000
 812	  852	 1.000000
 813	  814	 1.000000
 813	  853	 1.000000
 814	  815	 1.000000
 814	  854	 1.000000
 815	  816	 1.000000
 815	  855	 1.000000
 816	  817	 1.000000
 816	  856	 1.000000
 817	  818	 1.000000
 817	  857	 1.000000
 818	  819	 1.000000
 818	  858	 1.000000
 819	  820	 1.000000
 819	  859	 1.000000
 820	  821	 1.000000
 820	  860	 1.000000
 821	  822	 1.000000
 821	  861	 1.000000
 822	  823	 1.000000
 822	  862	 1.000000
 823	  824	 1.000000
 823	  863	 1.000000
 824	  825	 1.000000
 824	  864	 1.000000
 825	  826	 1.000000
 825	  865	 1.000000
 826	  827	 1.000000
 826	  866	 1.000000
 827	  828	 1.000000
 827	  867	 1.000000
 828	  829	 1.000000
 828	  868	 1.000000
 829	  830	 1.000000
 829	  869	 1.000000
 830	  831	 1.000000
 830	  870	 1.000000
 831	  832	 1.000000
 831	  871	 1.000000
 832	  833	 1.000000
 832	  872	 1.000000
 833	  834	 1.000000
 833	  873	 1.000000
 834	  835	 1.000000
 834	  874	 1.000000
 835	  836	 1.000000
 835	  875	 1.000000
 836	  837	 1.000000
 836	  876	 1.000000
 837	  838	 1.000000
 837	  877	 1.000000
 838	  839	 1.000000
 838	  878	 1.000000
 839	  879	 1.000000
 840	  841	 1.000000
 840	  880	 1.000000
 841	  842	 1.000000
 841	  881	 1.000000
 842	  843	 1.000000
 842	  882	 1.000000
 843	  844	 1.000000
 843	  883	 1.000000
 844	  845	 1.000000
 844	  884	 1.000000
 845	  846	 1.000000
 845	  885	 1.000000
 846	  847	 1.000000
 846	  886	 1.000000
 847	  848	 1.000000
 847	  887	 1.000000
 848	  849	 1.000000
 848	  888	 1.000000
 849	  850	 1.000000
 849	  889	 1.000000
 850	  851	 1.000000
 850	  890	 1.000000
 851	  852	 1.000000
 851	  891	 1.000000
 852	  853	 1.000000
 852	  892	 1.000000
 853	  854	 1.000000
 853	  893	 1.000000
 854	  855	 1.000000
 854	  894	 1.000000
 855	  856	 1.000000
 855	  895	 1.000000
 856	  857	 1.000000
 856	  896	 1.000000
 857	  858	 1.000000
 857	  897	 1.000000
 858	  859	 1.000000
 858	  898	 1.000000
 859	  860	 1.000000
 859	  899	 1.000000
 860	  861	 1.000000
 860	  900	 1.000000
 861	  862	 1.000000
 861	  901	 1.000000
 862	  863	 1.000000
 862	  902	 1.000000
 863	  864	 1.000000
 863	  903	 1.000000
 864	  865	 1.000000
 864	  904	 1.000000
 865	  866	 1.000000
 865	  905	 1.000000
 866	  867	 1.000000
 866	  906	 1.000000
 867	  868	 1.000000
 867	  907	 1.000000
 868	  869	 1.000000
 868	  908	 1.000000
 869	  870	 1.000000
 869	  909	 1.000000
 870	  871	 1.000000
 870	  910	 1.000000
 871	  872	 1.000000
 871	  911	 1.000000
 872	  873	 1.000000
 872	  912	 1.000000
 873	  874	 1.000000
 873	  913	 1.000000
 874	  875	 1.000000
 874	  914	 1.000000
 875	  876	 1.000000
 875	  915	 1.000000
 876	  877	 1.000000
 876	  916	 1.000000
 877	  878	 1.000000
 877	  917	 1.000000
 878	  879	 1.000000
 878	  918	 1.000000
 879	  919	 1.000000
 880	  881	 1.000000
 880	  920	 1.000000
 881	  882	 1.000000
 881	  921	 1.000000
 882	  883	 1.000000
 882	  922	 1.000000
 883	  884	 1.000000
 883	  923	 1.000000
 884	  885	 1.000000
 884	  924	 1.000000
 885	  886	 1.000000
 885	  925	 1.000000
 886	  887	 1.000000
 886	  926	 1.000000
 887	  888	 1.000000
 887	  927	 1.000000
 888	  889	 1.000000
 888	  928	 1.000000
 889	  890	 1.000000
 889	  929	 1.000000
 890	  891	 1.000000
 890	  930	 1.000000
 891	  892	 1.000000
 891	  931	 1.000000
 892	  893	 1.000000
 892	  932	 1.000000
 893	  894	 1.000000
 893	  933	 1.000000
 894	  895	 1.000000
 894	  934	 1.000000
 895	  896	 1.000000
 895	  935	 1.000000
 896	  897	 1.000000
 896	  936	 1.000000
 897	  898	 1.000000
 897	  937	 1.000000
 898	  899	 1.000000
 898	  938	 1.000000
 899	  900	 1.000000
 899	  939	 1.000000
 900	  901	 1.000000
 900	  940	 1.000000
 901	  902	 1.000000
 901	  941	 1.000000
 902	  903	 1.000000
 902	  942	 1.000000
 903	  904	 1.000000
 903	  943	 1.000000
 904	  905	 1.000000
 904	  944	 1.000000
 905	  906	 1.000000
 905	  945	 1.000000
 906	  907	 1.000000
 906	  946	 1.000000
 907	  908	 1.000000
 907	  947	 1.000000
 908	  909	 1.000000
 908	  948	 1.000000
 909	  910	 1.000000
 909	  949	 1.000000
 910	  911	 1.000000
 910	  950	 1.000000
 911	  912	 1.000000
 911	  951	 1.000000
 912	  913	 1.000000
 912	  952	 1.000000
 913	  914	 1.000000
 913	  953	 1.000000
 914	  915	 1.000000
 914	  954	 1.000000
 915	  916	 1.000000
 915	  955	 1.000000
 916	  917	 1.000000
 916	  956	 1.000000
 917	  918	 1.000000
 917	  957	 1.000000
 918	  919	 1.000000
 918	  958	 1.000000
 919	  959	 1.000000
 920	  921	 1.000000
 920	  960	 1.000000
 921	  922	 1.000000
 921	  961	 1.000000
 922	  923	 1.000000
 922	  962	 1.000000
 923	  924	 1.000000
 923	  963	 1.000000
 924	  925	 1.000000
 924	  964	 1.000000
 925	  926	 1.000000
 925	  965	 1.000000
 926	  927	 1.000000
 926	  966	 1.000000
 927	  928	 1.000000
 927	  967	 1.000000
 928	  929	 1.000000
 928	  968	 1.000000
 929	  930	 1.000000
 929	  969	 1.000000
 930	  931	 1.000000
 930	  970	 1.000000
 931	  932	 1.000000
 931	  971	 1.000000
 932	  933	 1.000000
 932	  972	 1.000000
 933	  934	 1.000000
 933	  973	 1.000000
 934	  935	 1.000000
 934	  974	 1.000000
 935	  936	 1.000000
 935	  975	 1.000000
 936	  937	 1.000000
 936	  976	 1.000000
 937	  938	 1.000000
 937	  977	 1.000000
 938	  939	 1.000000
 938	  978	 1.000000
 939	  940	 1.000000
 939	  979	 1.000000
 940	  941	 1.000000
 940	  980	 1.000000
 941	  942	 1.000000
 941	  981	 1.000000
 942	  943	 1.000000
 942	  982	 1.000000
 943	  944	 1.000000
 943	  983	 1.000000
 944	  945	 1.000000
 944	  984	 1.000000
 945	  946	 1.000000
 945	  985	 1.000000
 946	  947	 1.000000
 946	  986	 1.000000
 947	  948	 1.000000
 947	  987	 1.000000
 948	  949	 1.000000
 948	  988	 1.000000
 949	  950	 1.000000
 949	  989	 1.000000
 950	  951	 1.000000
 950	  990	 1.000000
 951	  952	 1.000000
 951	  991	 1.000000
 952	  953	 1.000000
 952	  992	 1.000000
 953	  954	 1.000000
 953	  993	 1.000000
 954	  955	 1.000000
 954	  994	 1.000000
 955	  956	 1.000000
 955	  995	 1.000000
 956	  957	 1.000000
 956	  996	 1.000000
 957	  958	 1.000000
 957	  997	 1.000000
 958	  959	 1.000000
 958	  998	 1.000000
 959	  999	 1.000000
 960	  961	 1.000000
 960	 1000	 1.000000
 961	  962	 1.000000
 961	 1001	 1.000000
 962	  963	 1.000000
 962	 1002	 1.000000
 963	  964	 1.000000
 963	 1003	 1.000000
 964	  965	 1.000000
 964	 1004	 1.000000
 965	  966	 1.000000
 965	 1005	 1.000000
 966	  967	 1.000000
 966	 1006	 1.000000
 967	  968	 1.000000
 967	 1007	 1.000000
 968	  969	 1.000000
 968	 1008	 1.000000
 969	  970	 1.000000
 969	 1009	 1.000000
 970	  971	 1.000000
 970	 1010	 1.000000
 971	  972	 1.000000
 971	 1011	 1.000000
 972	  973	 1.000000
 972	 1012	 1.000000
 973	  974	 1.000000
 973	 1013	 1.000000
 974	  975	 1.000000
 974	 1014	 1.000000
 975	  976	 1.000000
 975	 1015	 1.000000
 976	  977	 1.000000
 976	 1016	 1.000000
 977	  978	 1.000000
 977	 1017	 1.000000
 978	  979	 1.000000
 978	 1018	 1.000000
 979	  980	 1.000000
 979	 1019	 1.000000
 980	  981	 1.000000
 980	 1020	 1.000000
 981	  982	 1.000000
 981	 1021	 1.000000
 982	  983	 1.000000
 982	 1022	 1.000000
 983	  984	 1.000000
 983	 1023	 1.000000
 984	  985	 1.000000
 984	 1024	 1.000000
 985	  986	 1.000000
 985	 1025	 1.000000
 986	  987	 1.000000
 986	 1026	 1.000000
 987	  988	 1.000000
 987	 1027	 1.000000
 988	  989	 1.000000
 988	 1028	 1.000000
 989	  990	 1.000000
 989	 1029	 1.000000
 990	  991	 1.000000
 990	 1030	 1.000000
 991	  992	 1.000000
 991	 1031	 1.000000
 992	  993	 1.000000
 992	 1032	 1.000000
 993	  994	 1.000000
 993	 1033	 1.000000
 994	  995	 1.000000
 994	 1034	 1.000000
 995	  996	 1.000000
 995	 1035	 1.000000
 996	  997	 1.000000
 996	 1036	 1.000000
 997	  998	 1.000000
 997	 1037	 1.000000
 998	  999	 1.000000
 998	 1038	 1.000000
 999	 1039	 1.000000
1000	 1001	 1.000000
1000	 1040	 1.000000
1001	 1002	 1.000000
1001	 1041	 1.000000
1002	 1003	 1.000000
1002	 1042	 1.000000
1003	 1004	 1.000000
1003	 1043	 1.000000
1004	 1005	 1.000000
1004	 1044	 1.000000
1005	 1006	 1.000000
1005	 1045	 1.000000
1006	 1007	 1.000000
1006	 1046	 1.000000
1007	 1008	 1.000000
1007	 1047	 1.000000
1008	 1009	 1.000000
1008	 1048	 1.000000
1009	 1010	 1.000000
1009	 1049	 1.000000
1010	 1011	 1.000000
1010	 1050	 1.000000
1011	 1012	 1.000000
1011	 1051	 1.000000
1012	 1013	 1.000000
1012	 1052	 1.000000
1013	 1014	 1.000000
1013	 1053	 1.000000
1014	 1015	 1.000000
1014	 1054	 1.000000
1015	 1016	 1.000000
1015	 1055	 1.000000
1016	 1017	 1.000000
1016	 1056	 1.000000
1017	 1018	 1.000000
1017	 1057	 1.000000
1018	 1019	 1.000000
1018	 1058	 1.000000
1019	 1020	 1.000000
1019	 1059	 1.000000
1020	 1021	 1.000000
1020	 1060	 1.000000
1021	 1022	 1.000000
1021	 1061	 1.000000
1022	 1023	 1.000000
1022	 1062	 1.000000
1023	 1024	 1.000000
1023	 1063	 1.000000
1024	 1025	 1.000000
1024	 1064	 1.000000
1025	 1026	 1.000000
1025	 1065	 1.000000
1026	 1027	 1.000000
1026	 1066	 1.000000
1027	 1028	 1.000000
1027	 1067	 1.000000
1028	 1029	 1.000000
1028	 1068	 1.000000
1029	 1030	 1.000000
1029	 1069	 1.000000
1030	 1031	 1.000000
1030	 1070	 1.000000
1031	 1032	 1.000000
1031	 1071	 1.000000
1032	 1033	 1.000000
1032	 1072	 1.000000
1033	 1034	 1.000000
1033	 1073	 1.000000
1034	 1035	 1.000000
1034	 1074	 1.000000
1035	 1036	 1.000000
1035	 1075	 1.000000
1036	 1037	 1.000000
1036	 1076	 1.000000
1037	 1038	 1.000000
1037	 1077	 1.000000
1038	 1039	 1.000000
1038	 1078	 1.000000
1039	 1079	 1.000000
1040	 1041	 1.000000
1040	 1080	 1.000000
1041	 1042	 1.000000
1041	 1081	 1.000000
1042	 1043	 1.000000
1042	 1082	 1.000000
1043	 1044	 1.000000
1043	 1083	 1.000000
1044	 1045	 1.000000
1044	 1084	 1.000000
1045	 1046	 1.000000
1045	 1085	 1.000000
1046	 1047	 1.000000
1046	 1086	 1.000000
1047	 1048	 1.000000
1047	 1087	 1.000000
1048	 1049	 1.000000
1048	 1088	 1.000000
1049	 1050	 1.000000
1049	 1089	 1.000000
1050	 1051	 1.000000
1050	 1090	 1.000000
1051	 1052	 1.000000
1051	 1091	 1.000000
1052	 1053	 1.000000
1052	 1092	 1.000000
1053	 1054	 1.000000
1053	 1093	 1.000000
1054	 1055	 1.000000
1054	 1094	 1.000000
1055	 1056	 1.000000
1055	 1095	 1.000000
1056	 1057	 1.000000
1056	 1096	 1.000000
1057	 1058	 1.000000
1057	 1097	 1.000000
1058	 1059	 1.000000
1058	 1098	 1.000000
1059	 1060	 1.000000
1059	 1099	 1.000000
1060	 1061	 1.000000
1060	 1100	 1.000000
1061	 1062	 1.000000
1061	 1101	 1.000000
1062	 1063	 1.000000
1062	 1102	 1.000000
1063	 1064	 1.000000
1063	 1103	 1.000000
1064	 1065	 1.000000
1064	 1104	 1.000000
1065	 1066	 1.000000
1065	 1105	 1.000000
1066	 1067	 1.000000
1066	 1106	 1.000000
1067	 1068	 1.000000
1067	 1107	 1.000000
1068	 1069	 1.000000
1068	 1108	 1.000000
1069	 1070	 1.000000
1069	 1109	 1.000000
1070	 1071	 1.000000
1070	 1110	 1.000000
1071	 1072	 1.000000
1071	 1111	 1.000000
1072	 1073	 1.000000
1072	 1112	 1.000000
1073	 1074	 1.000000
1073	 1113	 1.000000
1074	 1075	 1.000000
1074	 1114	 1.000000
1075	 1076	 1.000000
1075	 1115	 1.000000
1076	 1077	 1.000000
1076	 1116	 1.000000
1077	 1078	 1.000000
1077	 1117	 1.000000
1078	 1079	 1.000000
1078	 1118	 1.000000
1079	 1119	 1.000000
1080	 1081	 1.000000
1080	 1120	 1.000000
1081	 1082	 1.000000
1081	 1121	 1.000000
1082	 1083	 1.000000
1082	 1122	 1.000000
1083	 1084	 1.000000
1083	 1123	 1.000000
1084	 1085	 1.000000
1084	 1124	 1.000000
1085	 1086	 1.000000
1085	 1125	 1.000000
1086	 1087	 1.000000
1086	 1126	 1.000000
1087	 1088	 1.000000
1087	 1127	 1.000000
1088	 1089	 1.000000
1088	 1128	 1.000000
1089	 1090	 1.000000
1089	 1129	 1.000000
1090	 1091	 1.000000
1090	 1130	 1.000000
1091	 1092	 1.000000
1091	 1131	 1.000000
1092	 1093	 1.000000
1092	 1132	 1.000000
1093	 1094	 1.000000
1093	 1133	 1.000000
1094	 1095	 1.000000
1094	 1134	 1.000000
1095	 1096	 1.000000
1095	 1135	 1.000000
1096	 1097	 1.000000
1096	 1136	 1.000000
1097	 1098	 1.000000
1097	 1137	 1.000000
1098	 1099	 1.000000
1098	 1138	 1.000000
1099	 1100	 1.000000
1099	 1139	 1.000000
1100	 1101	 1.000000
1100	 1140	 1.000000
1101	 1102	 1.000000
1101	 1141	 1.000000
1102	 1103	 1.000000
1102	 1142	 1.000000
1103	 1104	 1.000000
1103	 1143	 1.000000
1104	 1105	 1.000000
1104	 1144	 1.000000
1105	 1106	 1.000000
1105	 1145	 1.000000
1106	 1107	 1.000000
1106	 1146	 1.000000
1107	 1108	 1.000000
1107	 1147	 1.000000
1108	 1109	 1.000000
1108	 1148	 1.000000
1109	 1110	 1.000000
1109	 1149	 1.000000
1110	 1111	 1.000000
1110	 1150	 1.000000
1111	 1112	 1.000000
1111	 1151	 1.000000
1112	 1113	 1.000000
1112	 1152	 1.000000
1113	 1114	 1.000000
1113	 1153	 1.000000
1114	 1115	 1.000000
1114	 1154	 1.000000
1115	 1116	 1.000000
1115	 1155	 1.000000
1116	 1117	 1.000000
1116	 1156	 1.000000
1117	 1118	 1.000000
1117	 1157	 1.000000
1118	 1119	 1.000000
1118	 1158	 1.000000
1119	 1159	 1.000000
1120	 1121	 1.000000
1120	 1160	 1.000000
1121	 1122	 1.000000
1121	 1161	 1.000000
1122	 1123	 1.000000
1122	 1162	 1.000000
1123	 1124	 1.000000
1123	 1163	 1.000000
1124	 1125	 1.000000
1124	 1164	 1.000000
1125	 1126	 1.000000
1125	 1165	 1.000000
1126	 1127	 1.000000
1126	 1166	 1.000000
1127	 1128	 1.000000
1127	 1167	 1.000000
1128	 1129	 1.000000
1128	 1168	 1.000000
1129	 1130	 1.000000
1129	 1169	 1.000000
1130	 1131	 1.000000
1130	 1170	 1.000000
1131	 1132	 1.000000
1131	 1171	 1.000000
1132	 1133	 1.000000
1132	 1172	 1.000000
1133	 1134	 1.000000
1133	 1173	 1.000000
1134	 1135	 1.000000
1134	 1174	 1.996008
1135	 1136	 1.000000
1135	 1175	 1.996008
1136	 1137	 1.000000
1136	 1176	 1.996008
1137	 1138	 1.000000
1137	 1177	 1.996008
1138	 1139	 1.000000
1138	 1178	 1.996008
1139	 1140	 1.000000
1139	 1179	 1.996008
1140	 1141	 1.000000
1140	 1180	 1.996008
1141	 1142	 1.000000
1141	 1181	 1.996008
1142	 1143	 1.000000
1142	 1182	 1.996008
1143	 1144	 1.000000
1143	 1183	 1.996008
1144	 1145	 1.000000
1144	 1184	 1.996008
1145	 1146	 1.000000
1145	 1185	 1.996008
1146	 1147	 1.000000
1146	 1186	 1.996008
1147	 1148	 1.000000
1147	 1187	 1.996008
1148	 1149	 1.000000
1148	 1188	 1.996008
1149	 1150	 1.000000
1149	 1189	 1.996008
1150	 1151	 1.000000
1150	 1190	 1.996008
1151	 1152	 1.000000
1151	 1191	 1.996008
1152	 1153	 1.000000
1152	 1192	 1.996008
1153	 1154	 1.000000
1153	 1193	 1.996008
1154	 1155	 1.000000
1154	 1194	 1.996008
1155	 1156	 1.000000
1155	 1195	 1.000000
1156	 1157	 1.000000
1156	 1196	 1.000000
1157	 1158	 1.000000
1157	 1197	 1.000000
1158	 1159	 1.000000
1158	 1198	 1.000000
1159	 1199	 1.000000
1160	 1161	 1.000000
1160	 1200	 1.000000
1161	 1162	 1.000000
1161	 1201	 1.000000
1162	 1163	 1.000000
1162	 1202	 1.000000
1163	 1164	 1.000000
1163	 1203	 1.000000
1164	 1165	 1.000000
1164	 1204	 1.000000
1165	 1166	 1.000000
1165	 1205	 1.000000
1166	 1167	 1.000000
1166	 1206	 1.000000
1167	 1168	 1.000000
1167	 1207	 1.000000
1168	 1169	 1.000000
1168	 1208	 1.000000
1169	 1170	 1.000000
1169	 1209	 1.000000
1170	 1171	 1.000000
1170	 1210	 1.000000
1171	 1172	 1.000000
1171	 1211	 1.000000
1172	 1173	 1.000000
1172	 1212	 1.000000
1173	 1174	 1.996008
1173	 1213	 1.000000
1174	 1175	 500.000000
1174	 1214	 1.996008
1175	 1176	 500.000000
1175	 1215	 1.996008
1176	 1177	 500.000000
1176	 1216	 1.996008
1177	 1178	 500.000000
1177	 1217	 1.996008
1178	 1179	 500.000000
1178	 1218	 1.996008
1179	 1180	 500.000000
1179	 1219	 1.996008
1180	 1181	 500.000000
1180	 1220	 1.996008
1181	 1182	 500.000000
1181	 1221	 1.996008
1182	 1183	 500.000000
1182	 1222	 1.996008
1183	 1184	 500.000000
1183	 1223	 1.996008
1184	 1185	 500.000000
1184	 1224	 1.996008
1185	 1186	 500.000000
1185	 1225	 1.996008
1186	 1187	 500.000000
1186	 1226	 1.996008
1187	 1188	 500.000000
1187	 1227	 1.996008
1188	 1189	 500.000000
1188	 1228	 1.996008
1189	 1190	 500.000000
1189	 1229	 1.996008
1190	 1191	 500.000000
1190	 1230	 1.996008
1191	 1192	 500.000000
1191	 1231	 1.996008
1192	 1193	 500.000000
1192	 1232	 1.996008
1193	 1194	 500.000000
1193	 1233	 1.996008
1194	 1195	 1.996008
1194	 1234	 1.996008
1195	 1196	 1.000000
1195	 1235	 1.000000
1196	 1197	 1.000000
1196	 1236	 1.000000
1197	 1198	 1.000000
1197	 1237	 1.000000
1198	 1199	 1.000000
1198	 1238	 1.000000
1199	 1239	 1.000000
1200	 1201	 1.000000
1200	 1240	 1.000000
1201	 1202	 1.000000
1201	 1241	 1.000000
1202	 1203	 1.000000
1202	 1242	 1.000000
1203	 1204	 1.000000
1203	 1243	 1.000000
1204	 1205	 1.000000
1204	 1244	 1.000000
1205	 1206	 1.000000
1205	 1245	 1.000000
1206	 1207	 1.000000
1206	 1246	 1.000000
1207	 1208	 1.000000
1207	 1247	 1.000000
1208	 1209	 1.000000
1208	 1248	 1.000000
1209	 1210	 1.000000
1209	 1249	 1.000000
1210	 1211	 1.000000
1210	 1250	 1.000000
1211	 1212	 1.000000
1211	 1251	 1.000000
1212	 1213	 1.000000
1212	 1252	 1.000000
1213	 1214	 1.000000
1213	 1253	 1.000000
1214	 1215	 1.000000
1214	 1254	 1.000000
1215	 1216	 1.000000
1215	 1255	 1.000000
1216	 1217	 1.000000
1216	 1256	 1.000000
1217	 1218	 1.000000
1217	 1257	 1.000000
1218	 1219	 1.000000
1218	 1258	 1.000000
1219	 1220	 1.000000
1219	 1259	 1.000000
1220	 1221	 1.000000
1220	 1260	 1.000000
1221	 1222	 1.000000
1221	 1261	 1.000000
1222	 1223	 1.000000
1222	 1262	 1.000000
1223	 1224	 1.000000
1223	 1263	 1.000000
1224	 1225	 1.000000
1224	 1264	 1.000000
1225	 1226	 1.000000
1225	 1265	 1.000000
1226	 1227	 1.000000
1226	 1266	 1.000000
1227	 1228	 1.000000
1227	 1267	 1.000000
1228	 1229	 1.000000
1228	 1268	 1.000000
1229	 1230	 1.000000
1229	 1269	 1.000000
1230	 1231	 1.000000
1230	 1270	 1.000000
1231	 1232	 1.000000
1231	 1271	 1.000000
1232	 1233	 1.000000
1232	 1272	 1.000000
1233	 1234	 1.000000
1233	 1273	 1.000000
1234	 1235	 1.000000
1234	 1274	 1.000000
1235	 1236	 1.000000
1235	 1275	 1.000000
1236	 1237	 1.000000
1236	 1276	 1.000000
1237	 1238	 1.000000
1237	 1277	 1.000000
1238	 1239	 1.000000
1238	 1278	 1.000000
1239	 1279	 1.000000
1240	 1241	 1.000000
1240	 1280	 1.000000
1241	 1242	 1.000000
1241	 1281	 1.000000
1242	 1243	 1.000000
1242	 1282	 1.000000
1243	 1244	 1.000000
1243	 1283	 1.000000
1244	 1245	 1.000000
1244	 1284	 1.000000
1245	 1246	 1.000000
1245	 1285	 1.000000
1246	 1247	 1.000000
1246	 1286	 1.000000
1247	 1248	 1.000000
1247	 1287	 1.000000
1248	 1249	 1.000000
1248	 1288	 1.000000
1249	 1250	 1.000000
1249	 1289	 1.000000
1250	 1251	 1.000000
1250	 1290	 1.000000
1251	 1252	 1.000000
1251	 1291	 1.000000
1252	 1253	 1.000000
1252	 1292	 1.000000
1253	 1254	 1.000000
1253	 1293	 1.000000
1254	 1255	 1.000000
1254	 1294	 1.000000
1255	 1256	 1.000000
1255	 1295	 1.000000
1256	 1257	 1.000000
1256	 1296	 1.000000
1257	 1258	 1.000000
1257	 1297	 1.000000
1258	 1259	 1.000000
1258	 1298	 1.000000
1259	 1260	 1.000000
1259	 1299	 1.000000
1260	 1261	 1.000000
1260	 1300	 1.000000
1261	 1262	 1.000000
1261	 1301	 1.000000
1262	 1263	 1.000000
1262	 1302	 1.000000
1263	 1264	 1.000000
1263	 1303	 1.000000
1264	 1265	 1.000000
1264	 1304	 1.000000
1265	 1266	 1.000000
1265	 1305	 1.000000
1266	 1267	 1.000000
1266	 1306	 1.000000
1267	 1268	 1.000000
1267	 1307	 1.000000
1268	 1269	 1.000000
1268	 1308	 1.000000
1269	 1270	 1.000000
1269	 1309	 1.000000
1270	 1271	 1.000000
1270	 1310	 1.000000
1271	 1272	 1.000000
1271	 1311	 1.000000
1272	 1273	 1.000000
1272	 1312	 1.000000
1273	 1274	 1.000000
1273	 1313	 1.000000
1274	 1275	 1.000000
1274	 1314	 1.000000
1275	 1276	 1.000000
1275	 1315	 1.000000
1276	 1277	 1.000000
1276	 1316	 1.000000
1277	 1278	 1.000000
1277	 1317	 1.000000
1278	 1279	 1.000000
1278	 1318	 1.000000
1279	 1319	 1.000000
1280	 1281	 1.000000
1280	 1320	 1.000000
1281	 1282	 1.000000
1281	 1321	 1.000000
1282	 1283	 1.000000
1282	 1322	 1.000000
1283	 1284	 1.000000
1283	 1323	 1.000000
1284	 1285	 1.000000
1284	 1324	 1.000000
1285	 1286	 1.000000
1285	 1325	 1.000000
1286	 1287	 1.000000
1286	 1326	 1.000000
1287	 1288	 1.000000
1287	 1327	 1.000000
1288	 1289	 1.000000
1288	 1328	 1.000000
1289	 1290	 1.000000
1289	 1329	 1.000000
1290	 1291	 1.000000
1290	 1330	 1.000000
1291	 1292	 1.000000
1291	 1331	 1.000000
1292	 1293	 1.000000
1292	 1332	 1.000000
1293	 1294	 1.000000
1293	 1333	 1.000000
1294	 1295	 1.000000
1294	 1334	 1.000000
1295	 1296	 1.000000
1295	 1335	 1.000000
1296	 1297	 1.000000
1296	 1336	 1.000000
1297	 1298	 1.000000
1297	 1337	 1.000000
1298	 1299	 1.000000
1298	 1338	 1.000000
1299	 1300	 1.000000
1299	 1339	 1.000000
1300	 1301	 1.000000
1300	 1340	 1.000000
1301	 1302	 1.000000
1301	 1341	 1.000000
1302	 1303	 1.000000
1302	 1342	 1.000000
1303	 1304	 1.000000
1303	 1343	 1.000000
1304	 1305	 1.000000
1304	 1344	 1.000000
1305	 1306	 1.000000
1305	 1345	 1.000000
1306	 1307	 1.000000
1306	 1346	 1.000000
1307	 1308	 1.000000
1307	 1347	 1.000000
1308	 1309	 1.000000
1308	 1348	 1.000000
1309	 1310	 1.000000
1309	 1349	 1.000000
1310	 1311	 1.000000
1310	 1350	 1.000000
1311	 1312	 1.000000
1311	 1351	 1.000000
1312	 1313	 1.000000
1312	 1352	 1.000000
1313	 1314	 1.000000
1313	 1353	 1.000000
1314	 1315	 1.000000
1314	 1354	 1.000000
1315	 1316	 1.000000
1315	 1355	 1.000000
1316	 1317	 1.000000
1316	 1356	 1.000000
1317	 1318	 1.000000
1317	 1357	 1.000000
1318	 1319	 1.000000
1318	 1358	 1.000000
1319	 1359	 1.000000
1320	 1321	 1.000000
1320	 1360	 1.000000
1321	 1322	 1.000000
1321	 1361	 1.000000
1322	 1323	 1.000000
1322	 1362	 1.000000
1323	 1324	 1.000000
1323	 1363	 1.000000
1324	 1325	 1.000000
1324	 1364	 1.000000
1325	 1326	 1.000000
1325	 1365	 1.000000
1326	 1327	 1.000000
1326	 1366	 1.000000
1327	 1328	 1.000000
1327	 1367	 1.000000
1328	 1329	 1.000000
1328	 1368	 1.000000
1329	 1330	 1.000000
1329	 1369	 1.000000
1330	 1331	 1.000000
1330	 1370	 1.000000
1331	 1332	 1.000000
1331	 1371	 1.000000
1332	 1333	 1.000000
1332	 1372	 1.000000
1333	 1334	 1.000000
1333	 1373	 1.000000
1334	 1335	 1.000000
1334	 1374	 1.000000
1335	 1336	 1.000000
1335	 1375	 1.000000
1336	 1337	 1.000000
1336	 1376	 1.000000
1337	 1338	 1.000000
1337	 1377	 1.000000
1338	 1339	 1.000000
1338	 1378	 1.000000
1339	 1340	 1.000000
1339	 1379	 1.000000
1340	 1341	 1.000000
1340	 1380	 1.000000
1341	 1342	 1.000000
1341	 1381	 1.000000
1342	 1343	 1.000000
1342	 1382	 1.000000
1343	 1344	 1.000000
1343	 1383	 1.000000
1344	 1345	 1.000000
1344	 1384	 1.000000
1345	 1346	 1.000000
1345	 1385	 1.000000
1346	 1347	 1.000000
1346	 1386	 1.000000
1347	 1348	 1.000000
1347	 1387	 1.000000
1348	 1349	 1.000000
1348	 1388	 1.000000
1349	 1350	 1.000000
1349	 1389	 1.000000
1350	 1351	 1.000000
1350	 1390	 1.000000
1351	 1352	 1.000000
1351	 1391	 1.000000
1352	 1353	 1.000000
1352	 1392	 1.000000
1353	 1354	 1.000000
1353	 1393	 1.000000
1354	 1355	 1.000000
1354	 1394	 1.000000
1355	 1356	 1.000000
1355	 1395	 1.000000
1356	 1357	 1.000000
1356	 1396	 1.000000
1357	 1358	 1.000000
1357	 1397	 1.000000
1358	 1359	 1.000000
1358	 1398	 1.000000
1359	 1399	 1.000000
1360	 1361	 1.000000
1360	 1400	 1.000000
1361	 1362	 1.000000
1361	 1401	 1.000000
1362	 1363	 1.000000
1362	 1402	 1.000000
1363	 1364	 1.000000
1363	 1403	 1.000000
1364	 1365	 1.000000
1364	 1404	 1.000000
1365	 1366	 1.000000
1365	 1405	 1.000000
1366	 1367	 1.000000
1366	 1406	 1.000000
1367	 1368	 1.000000
1367	 1407	 1.000000
1368	 1369	 1.000000
1368	 1408	 1.000000
1369	 1370	 1.000000
1369	 1409	 1.000000
1370	 1371	 1.000000
1370	 1410	 1.000000
1371	 1372	 1.000000
1371	 1411	 1.000000
1372	 1373	 1.000000
1372	 1412	 1.000000
1373	 1374	 1.000000
1373	 1413	 1.000000
1374	 1375	 1.000000
1374	 1414	 1.000000
1375	 1376	 1.000000
1375	 1415	 1.000000
1376	 1377	 1.000000
1376	 1416	 1.000000
1377	 1378	 1.000000
1377	 1417	 1.000000
1378	 1379	 1.000000
1378	 1418	 1.000000
1379	 1380	 1.000000
1379	 1419	 1.000000
1380	 1381	 1.000000
1380	 1420	 1.000000
1381	 1382	 1.000000
1381	 1421	 1.000000
1382	 1383	 1.000000
1382	 1422	 1.000000
1383	 1384	 1.000000
1383	 1423	 1.000000
1384	 1385	 1.000000
1384	 1424	 1.000000
1385	 1386	 1.000000
1385	 1425	 1.000000
1386	 1387	 1.000000
1386	 1426	 1.000000
1387	 1388	 1.000000
1387	 1427	 1.000000
1388	 1389	 1.000000
1388	 1428	 1.000000
1389	 1390	 1.000000
1389	 1429	 1.000000
1390	 1391	 1.000000
1390	 1430	 1.000000
1391	 1392	 1.000000
1391	 1431	 1.000000
1392	 1393	 1.000000
1392	 1432	 1.000000
1393	 1394	 1.000000
1393	 1433	 1.000000
1394	 1395	 1.000000
1394	 1434	 1.000000
1395	 1396	 1.000000
1395	 1435	 1.000000
1396	 1397	 1.000000
1396	 1436	 1.000000
1397	 1398	 1.000000
1397	 1437	 1.000000
1398	 1399	 1.000000
1398	 1438	 1.000000
1399	 1439	 1.000000
1400	 1401	 1.000000
1400	 1440	 1.000000
1401	 1402	 1.000000
1401	 1441	 1.000000
1402	 1403	 1.000000
1402	 1442	 1.000000
1403	 1404	 1.000000
1403	 1443	 1.000000
1404	 1405	 1.000000
1404	 1444	 1.000000
1405	 1406	 1.000000
1405	 1445	 1.000000
1406	 1407	 1.000000
1406	 1446	 1.000000
1407	 1408	 1.000000
1407	 1447	 1.000000
1408	 1409	 1.000000
1408	 1448	 1.000000
1409	 1410	 1.000000
1409	 1449	 1.000000
1410	 1411	 1.000000
1410	 1450	 1.000000
1411	 1412	 1.000000
1411	 1451	 1.000000
1412	 1413	 1.000000
1412	 1452	 1.000000
1413	 1414	 1.000000
1413	 1453	 1.000000
1414	 1415	 1.000000
1414	 1454	 1.000000
1415	 1416	 1.000000
1415	 1455	 1.000000
1416	 1417	 1.000000
1416	 1456	 1.000000
1417	 1418	 1.000000
1417	 1457	 1.000000
1418	 1419	 1.000000
1418	 1458	 1.000000
1419	 1420	 1.000000
1419	 1459	 1.000000
1420	 1421	 1.000000
1420	 1460	 1.000000
1421	 1422	 1.000000
1421	 1461	 1.000000
1422	 1423	 1.000000
1422	 1462	 1.000000
1423	 1424	 1.000000
1423	 1463	 1.000000
1424	 1425	 1.000000
1424	 1464	 1.000000
1425	 1426	 1.000000
1425	 1465	 1.000000
1426	 1427	 1.000000
1426	 1466	 1.000000
1427	 1428	 1.000000
1427	 1467	 1.000000
1428	 1429	 1.000000
1428	 1468	 1.000000
1429	 1430	 1.000000
1429	 1469	 1.000000
1430	 1431	 1.000000
1430	 1470	 1.000000
1431	 1432	 1.000000
1431	 1471	 1.000000
1432	 1433	 1.000000
1432	 1472	 1.000000
1433	 1434	 1.000000
1433	 1473	 1.000000
1434	 1435	 1.000000
1434	 1474	 1.000000
1435	 1436	 1.000000
1435	 1475	 1.000000
1436	 1437	 1.000000
1436	 1476	 1.000000
1437	 1438	 1.000000
1437	 1477	 1.000000
1438	 1439	 1.000000
1438	 1478	 1.000000
1439	 1479	 1.000000
1440	 1441	 1.000000
1440	 1480	 1.000000
1441	 1442	 1.000000
1441	 1481	 1.000000
1442	 1443	 1.000000
1442	 1482	 1.000000
1443	 1444	 1.000000
1443	 1483	 1.000000
1444	 1445	 1.000000
1444	 1484	 1.000000
1445	 1446	 1.000000
1445	 1485	 1.000000
1446	 1447	 1.000000
1446	 1486	 1.000000
1447	 1448	 1.000000
1447	 1487	 1.000000
1448	 1449	 1.000000
1448	 1488	 1.000000
1449	 1450	 1.000000
1449	 1489	 1.000000
1450	 1451	 1.000000
1450	 1490	 1.000000
1451	 1452	 1.000000
1451	 1491	 1.000000
1452	 1453	 1.000000
1452	 1492	 1.000000
1453	 1454	 1.000000
1453	 1493	 1.000000
1454	 1455	 1.000000
1454	 1494	 1.000000
1455	 1456	 1.000000
1455	 1495	 1.000000
1456	 1457	 1.000000
1456	 1496	 1.000000
1457	 1458	 1.000000
1457	 1497	 1.000000
1458	 1459	 1.000000
1458	 1498	 1.000000
1459	 1460	 1.000000
1459	 1499	 1.000000
1460	 1461	 1.000000
1460	 1500	 1.000000
1461	 1462	 1.000000
1461	 1501	 1.000000
1462	 1463	 1.000000
1462	 1502	 1.000000
1463	 1464	 1.000000
1463	 1503	 1.000000
1464	 1465	 1.000000
1464	 1504	 1.000000
1465	 1466	 1.000000
1465	 1505	 1.000000
1466	 1467	 1.000000
1466	 1506	 1.000000
1467	 1468	 1.000000
1467	 1507	 1.000000
1468	 1469	 1.000000
1468	 1508	 1.000000
1469	 1470	 1.000000
1469	 1509	 1.000000
1470	 1471	 1.000000
1470	 1510	 1.000000
1471	 1472	 1.000000
1471	 1511	 1.000000
1472	 1473	 1.000000
1472	 1512	 1.000000
1473	 1474	 1.000000
1473	 1513	 1.000000
1474	 1475	 1.000000
1474	 1514	 1.000000
1475	 1476	 1.000000
1475	 1515	 1.000000
1476	 1477	 1.000000
1476	 1516	 1.000000
1477	 1478	 1.000000
1477	 1517	 1.000000
1478	 1479	 1.000000
1478	 1518	 1.000000
1479	 1519	 1.000000
1480	 1481	 1.000000
1480	 1520	 1.000000
1481	 1482	 1.000000
1481	 1521	 1.000000
1482	 1483	 1.000000
1482	 1522	 1.000000
1483	 1484	 1.000000
1483	 1523	 1.000000
1484	 1485	 1.000000
1484	 1524	 1.000000
1485	 1486	 1.000000
1485	 1525	 1.000000
1486	 1487	 1.000000
1486	 1526	 1.000000
1487	 1488	 1.000000
1487	 1527	 1.000000
1488	 1489	 1.000000
1488	 1528	 1.000000
1489	 1490	 1.000000
1489	 1529	 1.000000
1490	 1491	 1.000000
1490	 1530	 1.000000
1491	 1492	 1.000000
1491	 1531	 1.000000
1492	 1493	 1.000000
1492	 1532	 1.000000
1493	 1494	 1.000000
1493	 1533	 1.000000
1494	 1495	 1.000000
1494	 1534	 1.000000
1495	 1496	 1.000000
1495	 1535	 1.000000
1496	 1497	 1.000000
1496	 1536	 1.000000
1497	 1498	 1.000000
1497	 1537	 1.000000
1498	 1499	 1.000000
1498	 1538	 1.000000
1499	 1500	 1.000000
1499	 1539	 1.000000
1500	 1501	 1.000000
1500	 1540	 1.000000
1501	 1502	 1.000000
1501	 1541	 1.000000
1502	 1503	 1.000000
1502	 1542	 1.000000
1503	 1504	 1.000000
1503	 1543	 1.000000
1504	 1505	 1.000000
1504	 1544	 1.000000
1505	 1506	 1.000000
1505	 1545	 1.000000
1506	 1507	 1.000000
1506	 1546	 1.000000
1507	 1508	 1.000000
1507	 1547	 1.000000
1508	 1509	 1.000000
1508	 1548	 1.000000
1509	 1510	 1.000000
1509	 1549	 1.000000
1510	 1511	 1.000000
1510	 1550	 1.000000
1511	 1512	 1.000000
1511	 1551	 1.000000
1512	 1513	 1.000000
1512	 1552	 1.000000
1513	 1514	 1.000000
1513	 1553	 1.000000
1514	 1515	 1.000000
1514	 1554	 1.000000
1515	 1516	 1.000000
1515	 1555	 1.000000
1516	 1517	 1.000000
1516	 1556	 1.000000
1517	 1518	 1.000000
1517	 1557	 1.000000
1518	 1519	 1.000000
1518	 1558	 1.000000
1519	 1559	 1.000000
1520	 1521	 1.000000
1520	 1560	 1.000000
1521	 1522	 1.000000
1521	 1561	 1.000000
1522	 1523	 1.000000
1522	 1562	 1.000000
1523	 1524	 1.000000
1523	 1563	 1.000000
1524	 1525	 1.000000
1524	 1564	 1.000000
1525	 1526	 1.000000
1525	 1565	 1.000000
1526	 1527	 1.000000
1526	 1566	 1.000000
1527	 1528	 1.000000
1527	 1567	 1.000000
1528	 1529	 1.000000
1528	 1568	 1.000000
1529	 1530	 1.000000
1529	 1569	 1.000000
1530	 1531	 1.000000
1530	 1570	 1.000000
1531	 1532	 1.000000
1531	 1571	 1.000000
1532	 1533	 1.000000
1532	 1572	 1.000000
1533	 1534	 1.000000
1533	 1573	 1.000000
1534	 1535	 1.000000
1534	 1574	 1.000000
1535	 1536	 1.000000
1535	 1575	 1.000000
1536	 1537	 1.000000
1536	 1576	 1.000000
1537	 1538	 1.000000
1537	 1577	 1.000000
1538	 1539	 1.000000
1538	 1578	 1.000000
1539	 1540	 1.000000
1539	 1579	 1.000000
1540	 1541	 1.000000
1540	 1580	 1.000000
1541	 1542	 1.000000
1541	 1581	 1.000000
1542	 1543	 1.000000
1542	 1582	 1.000000
1543	 1544	 1.000000
1543	 1583	 1.000000
1544	 1545	 1.000000
1544	 1584	 1.000000
1545	 1546	 1.000000
1545	 1585	 1.000000
1546	 1547	 1.000000
1546	 1586	 1.000000
1547	 1548	 1.000000
1547	 1587	 1.000000
1548	 1549	 1.000000
1548	 1588	 1.000000
1549	 1550	 1.000000
1549	 1589	 1.000000
1550	 1551	 1.000000
1550	 1590	 1.000000
1551	 1552	 1.000000
1551	 1591	 1.000000
1552	 1553	 1.000000
1552	 1592	 1.000000
1553	 1554	 1.000000
1553	 1593	 1.000000
1554	 1555	 1.000000
1554	 1594	 1.000000
1555	 1556	 1.000000
1555	 1595	 1.000000
1556	 1557	 1.000000
1556	 1596	 1.000000
1557	 1558	 1.000000
1557	 1597	 1.000000
1558	 1559	 1.000000
1558	 1598	 1.000000
1559	 1599	 1.000000
1560	 1561	 1.000000
1561	 1562	 1.000000
1562	 1563	 1.000000
1563	 1564	 1.000000
1564	 1565	 1.000000
1565	 1566	 1.000000
1566	 1567	 1.000000
1567	 1568	 1.000000
1568	 1569	 1.000000
1569	 1570	 1.000000
1570	 1571	 1.000000
1571	 1572	 1.000000
1572	 1573	 1.000000
1573	 1574	 1.000000
1574	 1575	 1.000000
1575	 1576	 1.000000
1576	 1577	 1.000000
1577	 1578	 1.000000
1578	 1579	 1.000000
1579	 1580	 1.000000
1580	 1581	 1.000000
1581	 1582	 1.000000
1582	 1583	 1.000000
1583	 1584	 1.000000
1584	 1585	 1.000000
1585	 1586	 1.000000
1586	 1587	 1.000000
1587	 1588	 1.000000
1588	 1589	 1.000000
1589	 1590	 1.000000
1590	 1591	 1.000000
1591	 1592	 1.000000
1592	 1593	 1.000000
1593	 1594	 1.000000
1594	 1595	 1.000000
1595	 1596	 1.000000
1596	 1597	 1.000000
1597	 1598	 1.000000
1598	 1599	 1.000000
