100
0 5997.15 530 2.67016e-017 1 1 0 0 1 
1 5854.87 530 8.62216e-015 1 1 0 0 1 
2 5767.49 530 9.28264e-010 1 1 0 0 1 
3 5702.64 530 2.71828e-007 1 1 0 0 1 
4 5673.34 530 5.28047e-006 0.999995 1 0 0 1 
5 5672.94 530 0.252701 0.747299 1 0 0 1 
6 5671.57 530 0.360856 0.639144 1 0 0 1 
7 5669.38 530 0.427721 0.572279 1 0 0 1 
8 5665.92 530 0.475964 0.524036 1 0 0 1 
9 5660.41 530 0.534416 0.465584 1 0 0 1 
10 5652.72 530 0.574287 0.425713 1 0 0 1 
11 5644.01 530 0.600851 0.399149 1 0 0 1 
12 5634.39 530 0.62652 0.37348 1 0 0 1 
13 5624.15 530 0.653723 0.346277 1 0 0 1 
14 5613.5 530 0.683128 0.316872 1 0 0 1 
15 5602.57 530 0.715207 0.284793 1 0 0 1 
16 5591.43 530 0.750916 0.249084 1 0 0 1 
17 5580.09 530 0.792658 0.207342 1 0 0 1 
18 5568.48 530 0.845279 0.154721 1 0 0 1 
19 5556.48 530 0.911207 0.0887932 1 0 0 1 
20 5544.15 530 0.966027 0.0339725 1 0 0 1 
21 5531.91 530 0.99028 0.00972022 1 0 0 1 
22 5519.76 530 0.997679 0.00232084 1 0 0 1 
23 5507.78 530 0.999458 0.000542095 1 0 0 1 
24 5496.2 530 0.999879 0.000120981 1 0 0 1 
25 5485.17 530 0.999975 2.52132e-005 1 0 0 1 
26 5474.83 530 0.999995 4.81097e-006 1 0 0 1 
27 5465.22 530 0.999999 8.28675e-007 1 0 0 1 
28 5456.39 530 1 1.27642e-007 1 0 0 1 
29 5448.31 530 1 1.74569e-008 1 0 0 1 
30 5441 530 1 2.10536e-009 1 0 0 1 
31 5434.44 530 1 2.22111e-010 1 0 0 1 
32 5428.62 530 1 2.02865e-011 1 0 0 1 
33 5423.54 530 1 1.58211e-012 1 0 0 1 
34 5419.18 530 1 1.03382e-013 1 0 0 1 
35 5415.56 530 1 5.50994e-015 1 0 0 1 
36 5412.66 530 1 2.29029e-016 1 0 0 1 
37 5410.49 530 1 3.11981e-018 1 0 0 1 
38 5409.04 530 1 0 1 0 0 1 
39 5408.32 530 1 0 1 0 0 1 
40 5854.87 530 8.63233e-015 1 1 0 0 1 
41 5799.9 530 1.82658e-011 1 1 0 0 1 
42 5744.94 530 2.93353e-008 1 1 0 0 1 
43 5696.27 530 4.65982e-006 0.999995 1 0 0 1 
44 5673.22 530 1.05395e-005 0.999989 1 0 0 1 
45 5672.93 530 0.293052 0.706948 1 0 0 1 
46 5671.78 530 0.414418 0.585582 1 0 0 1 
47 5669.87 530 0.481669 0.518331 1 0 0 1 
48 5666.38 530 0.469327 0.530673 1 0 0 1 
49 5661.02 530 0.427856 0.572144 1 0 0 1 
50 5653.57 530 0.4063 0.5937 1 0 0 1 
51 5644.73 530 0.400431 0.599569 1 0 0 1 
52 5634.99 530 0.40203 0.59797 1 0 0 1 
53 5624.68 530 0.406796 0.593204 1 0 0 1 
54 5614.01 530 0.412947 0.587053 1 0 0 1 
55 5603.11 530 0.419974 0.580026 1 0 0 1 
56 5592.06 530 0.428139 0.571861 1 0 0 1 
57 5580.92 530 0.438634 0.561366 1 0 0 1 
58 5569.74 530 0.454468 0.545532 1 0 0 1 
59 5558.53 530 0.490546 0.509454 1 0 0 1 
60 5545.22 530 0.609053 0.390947 1 0 0 1 
61 5532.24 530 0.766413 0.233587 1 0 0 1 
62 5519.73 530 0.913881 0.0861186 1 0 0 1 
63 5507.46 530 0.979931 0.0200691 1 0 0 1 
64 5495.7 530 0.995705 0.00429452 1 0 0 1 
65 5484.56 530 0.999149 0.00085123 1 0 0 1 
66 5474.15 530 0.999846 0.000153838 1 0 0 1 
67 5464.52 530 0.999975 2.50772e-005 1 0 0 1 
68 5455.69 530 0.999996 3.66466e-006 1 0 0 1 
69 5447.62 530 1 4.77652e-007 1 0 0 1 
70 5440.32 530 1 5.5192e-008 1 0 0 1 
71 5433.77 530 1 5.60875e-009 1 0 0 1 
72 5427.96 530 1 4.95989e-010 1 0 0 1 
73 5422.88 530 1 3.76292e-011 1 0 0 1 
74 5418.53 530 1 2.40233e-012 1 0 0 1 
75 5414.91 530 1 1.25614e-013 1 0 0 1 
76 5412.01 530 1 5.16305e-015 1 0 0 1 
77 5409.84 530 1 1.56031e-016 1 0 0 1 
78 5408.39 530 1 1.14281e-018 1 0 0 1 
79 5407.67 530 1 0 1 0 0 1 
80 5767.49 530 9.28896e-010 1 1 0 0 1 
81 5744.94 530 2.93462e-008 1 1 0 0 1 
82 5716.08 530 3.03307e-006 0.999997 1 0 0 1 
83 5687.21 530 0.000202059 0.999798 1 0 0 1 
84 5673.02 530 7.47687e-005 0.999925 1 0 0 1 
85 5672.87 530 0.375554 0.624446 1 0 0 1 
86 5672.1 530 0.532481 0.467519 1 0 0 1 
87 5670.54 530 0.45869 0.54131 1 0 0 1 
88 5667.72 530 0.350463 0.649537 1 0 0 1 
89 5662.97 530 0.255614 0.744386 1 0 0 1 
90 5655.23 530 0.245502 0.754498 1 0 0 1 
91 5645.82 530 0.260212 0.739788 1 0 0 1 
92 5635.64 530 0.280706 0.719294 1 0 0 1 
93 5625.08 530 0.30116 0.69884 1 0 0 1 
94 5614.26 530 0.319335 0.680665 1 0 0 1 
95 5603.27 530 0.335705 0.664295 1 0 0 1 
96 5592.15 530 0.350782 0.649218 1 0 0 1 
97 5580.96 530 0.365192 0.634808 1 0 0 1 
98 5569.69 530 0.38004 0.61996 1 0 0 1 
99 5558.26 530 0.39626 0.60374 1 0 0 1 
100 5546.38 530 0.414798 0.585202 1 0 0 1 
101 5534.69 530 0.447752 0.552248 1 0 0 1 
102 5522.69 530 0.563572 0.436428 1 0 0 1 
103 5507.53 530 0.812933 0.187067 1 0 0 1 
104 5494.82 530 0.95462 0.0453801 1 0 0 1 
105 5483.32 530 0.99071 0.00928982 1 0 0 1 
106 5472.76 530 0.998324 0.00167602 1 0 0 1 
107 5463.1 530 0.999731 0.000268951 1 0 0 1 
108 5454.28 530 0.999961 3.85442e-005 1 0 0 1 
109 5446.24 530 0.999995 4.93004e-006 1 0 0 1 
110 5438.97 530 0.999999 5.60331e-007 1 0 0 1 
111 5432.43 530 1 5.61711e-008 1 0 0 1 
112 5426.63 530 1 4.91447e-009 1 0 0 1 
113 5421.57 530 1 3.69924e-010 1 0 0 1 
114 5417.22 530 1 2.34933e-011 1 0 0 1 
115 5413.61 530 1 1.22489e-012 1 0 0 1 
116 5410.72 530 1 5.03605e-014 1 0 0 1 
117 5408.55 530 1 1.53324e-015 1 0 0 1 
118 5407.1 530 1 2.92341e-017 1 0 0 1 
119 5406.38 530 1 0 1 0 0 1 
120 5702.64 530 2.72065e-007 1 1 0 0 1 
121 5696.27 530 4.66221e-006 0.999995 1 0 0 1 
122 5687.22 530 0.000202093 0.999798 1 0 0 1 
123 5677.62 530 0.00743473 0.992565 1 0 0 1 
124 5672.75 530 0.000690432 0.99931 1 0 0 1 
125 5672.7 530 0.521734 0.478266 1 0 0 1 
126 5672.22 530 0.510188 0.489812 1 0 0 1 
127 5671.58 530 0.301296 0.698704 1 0 0 1 
128 5670.25 530 0.162953 0.837047 1 0 0 1 
129 5667.12 530 0.0847681 0.915232 1 0 0 1 
130 5657.76 530 0.107055 0.892945 1 0 0 1 
131 5646.86 530 0.145608 0.854392 1 0 0 1 
132 5635.91 530 0.182131 0.817869 1 0 0 1 
133 5624.95 530 0.215258 0.784742 1 0 0 1 
134 5613.93 530 0.245561 0.754439 1 0 0 1 
135 5602.82 530 0.272706 0.727294 1 0 0 1 
136 5591.62 530 0.296961 0.703039 1 0 0 1 
137 5580.34 530 0.318757 0.681243 1 0 0 1 
138 5569 530 0.338559 0.661441 1 0 0 1 
139 5557.57 530 0.356941 0.643059 1 0 0 1 
140 5546.06 530 0.375228 0.624772 1 0 0 1 
141 5534.61 530 0.396676 0.603324 1 0 0 1 
142 5523.1 530 0.425299 0.574701 1 0 0 1 
143 5511.27 530 0.496982 0.503018 1 0 0 1 
144 5494.67 530 0.764988 0.235012 1 0 0 1 
145 5481.6 530 0.941696 0.0583045 1 0 0 1 
146 5470.6 530 0.989137 0.0108633 1 0 0 1 
147 5460.93 530 0.998287 0.00171342 1 0 0 1 
148 5452.16 530 0.999761 0.000239404 1 0 0 1 
149 5444.18 530 0.99997 2.98899e-005 1 0 0 1 
150 5436.94 530 0.999997 3.32465e-006 1 0 0 1 
151 5430.43 530 1 3.27024e-007 1 0 0 1 
152 5424.65 530 1 2.81453e-008 1 0 0 1 
153 5419.6 530 1 2.08921e-009 1 0 0 1 
154 5415.27 530 1 1.31163e-010 1 0 0 1 
155 5411.66 530 1 6.77647e-012 1 0 0 1 
156 5408.77 530 1 2.76741e-013 1 0 0 1 
157 5406.61 530 1 8.3776e-015 1 0 0 1 
158 5405.16 530 1 1.67479e-016 1 0 0 1 
159 5404.44 530 1 5.75019e-019 1 0 0 1 
160 5673.34 530 5.28553e-006 0.999995 1 0 0 1 
161 5673.23 530 1.04955e-005 0.99999 1 0 0 1 
162 5673.02 530 7.41354e-005 0.999926 1 0 0 1 
163 5672.76 530 0.000684518 0.999315 1 0 0 1 
164 5672.47 530 0.000746272 0.999254 1 0 0 1 
165 5672.36 530 0.00813121 0.991869 1 0 0 1 
166 5672.24 530 0.00928955 0.99071 1 0 0 1 
167 5672.12 530 0.0110141 0.988986 1 0 0 1 
168 5672.02 530 0.0137176 0.986282 1 0 0 1 
169 5671.93 530 0.0185425 0.981458 1 0 0 1 
170 5660.9 530 0.0342057 0.965794 1 0 0 1 
171 5646.98 530 0.0666881 0.933312 1 0 0 1 
172 5635.19 530 0.110263 0.889737 1 0 0 1 
173 5623.94 530 0.15373 0.84627 1 0 0 1 
174 5612.78 530 0.193092 0.806908 1 0 0 1 
175 5601.58 530 0.227766 0.772234 1 0 0 1 
176 5590.31 530 0.258211 0.741789 1 0 0 1 
177 5578.98 530 0.285118 0.714882 1 0 0 1 
178 5567.6 530 0.309205 0.690795 1 0 0 1 
179 5556.18 530 0.331254 0.668746 1 0 0 1 
180 5544.74 530 0.352239 0.647761 1 0 0 1 
181 5533.29 530 0.373354 0.626646 1 0 0 1 
182 5521.73 530 0.396023 0.603977 1 0 0 1 
183 5509.79 530 0.424458 0.575542 1 0 0 1 
184 5496.91 530 0.483146 0.516854 1 0 0 1 
185 5480.26 530 0.767827 0.232173 1 0 0 1 
186 5467.7 530 0.950306 0.0496937 1 0 0 1 
187 5458 530 0.992212 0.00778764 1 0 0 1 
188 5449.34 530 0.998939 0.00106089 1 0 0 1 
189 5441.43 530 0.999871 0.000129435 1 0 0 1 
190 5434.25 530 0.999986 1.41131e-005 1 0 0 1 
191 5427.78 530 0.999999 1.36368e-006 1 0 0 1 
192 5422.02 530 1 1.15461e-007 1 0 0 1 
193 5416.99 530 1 8.44214e-009 1 0 0 1 
194 5412.67 530 1 5.22722e-010 1 0 0 1 
195 5409.07 530 1 2.66705e-011 1 0 0 1 
196 5406.18 530 1 1.07716e-012 1 0 0 1 
197 5404.02 530 1 3.22976e-014 1 0 0 1 
198 5402.58 530 1 6.36438e-016 1 0 0 1 
199 5401.86 530 1 5.41274e-018 1 0 0 1 
200 5673.21 530 0.443874 0.556126 1 0 0 1 
201 5673.11 530 0.465978 0.534022 1 0 0 1 
202 5672.93 530 0.497619 0.502381 1 0 0 1 
203 5672.59 530 0.469362 0.530638 1 0 0 1 
204 5672.02 530 0.00361683 0.996383 1 0 0 1 
205 5672.13 530 0.428769 0.571231 1 0 0 1 
206 5671.6 530 0.299877 0.700123 1 0 0 1 
207 5670.62 530 0.182594 0.817406 1 0 0 1 
208 5668.94 530 0.104786 0.895214 1 0 0 1 
209 5665.44 530 0.0616822 0.938318 1 0 0 1 
210 5655.33 530 0.0816508 0.918349 1 0 0 1 
211 5644.1 530 0.112548 0.887452 1 0 0 1 
212 5632.94 530 0.145982 0.854018 1 0 0 1 
213 5621.84 530 0.178411 0.821589 1 0 0 1 
214 5610.69 530 0.208629 0.791371 1 0 0 1 
215 5599.47 530 0.236431 0.763569 1 0 0 1 
216 5588.17 530 0.261975 0.738025 1 0 0 1 
217 5576.8 530 0.285542 0.714458 1 0 0 1 
218 5565.38 530 0.307473 0.692527 1 0 0 1 
219 5553.95 530 0.328185 0.671815 1 0 0 1 
220 5542.52 530 0.348225 0.651775 1 0 0 1 
221 5531.07 530 0.368399 0.631601 1 0 0 1 
222 5519.56 530 0.390164 0.609836 1 0 0 1 
223 5507.8 530 0.417803 0.582197 1 0 0 1 
224 5495.28 530 0.471958 0.528042 1 0 0 1 
225 5478.22 530 0.714544 0.285456 1 0 0 1 
226 5464.32 530 0.934777 0.065223 1 0 0 1 
227 5454.5 530 0.989911 0.0100891 1 0 0 1 
228 5445.9 530 0.998658 0.00134203 1 0 0 1 
229 5438.05 530 0.99984 0.000160215 1 0 0 1 
230 5430.91 530 0.999983 1.715e-005 1 0 0 1 
231 5424.47 530 0.999998 1.63195e-006 1 0 0 1 
232 5418.75 530 1 1.36464e-007 1 0 0 1 
233 5413.73 530 1 9.87912e-009 1 0 0 1 
234 5409.42 530 1 6.06972e-010 1 0 0 1 
235 5405.83 530 1 3.07877e-011 1 0 0 1 
236 5402.95 530 1 1.23811e-012 1 0 0 1 
237 5400.79 530 1 3.7016e-014 1 0 0 1 
238 5399.35 530 1 7.29446e-016 1 0 0 1 
239 5398.63 530 1 5.86574e-018 1 0 0 1 
240 5672.17 530 0.785298 0.214702 1 0 0 1 
241 5672.03 530 0.828853 0.171147 1 0 0 1 
242 5671.84 530 0.873895 0.126105 1 0 0 1 
243 5671.71 530 0.841094 0.158906 1 0 0 1 
244 5671.57 530 0.00555773 0.994442 1 0 0 1 
245 5671.23 530 0.368031 0.631969 1 0 0 1 
246 5669.7 530 0.386135 0.613865 1 0 0 1 
247 5667.3 530 0.316757 0.683243 1 0 0 1 
248 5663.74 530 0.233347 0.766653 1 0 0 1 
249 5658.31 530 0.169936 0.830064 1 0 0 1 
250 5649.96 530 0.167187 0.832813 1 0 0 1 
251 5640.1 530 0.181592 0.818408 1 0 0 1 
252 5629.6 530 0.200808 0.799192 1 0 0 1 
253 5618.76 530 0.221036 0.778964 1 0 0 1 
254 5607.71 530 0.241113 0.758887 1 0 0 1 
255 5596.49 530 0.260729 0.739271 1 0 0 1 
256 5585.16 530 0.279834 0.720166 1 0 0 1 
257 5573.75 530 0.298452 0.701548 1 0 0 1 
258 5562.3 530 0.31666 0.68334 1 0 0 1 
259 5550.83 530 0.334617 0.665383 1 0 0 1 
260 5539.37 530 0.352636 0.647364 1 0 0 1 
261 5527.91 530 0.371392 0.628608 1 0 0 1 
262 5516.41 530 0.392387 0.607613 1 0 0 1 
263 5504.7 530 0.419858 0.580142 1 0 0 1 
264 5492.19 530 0.476108 0.523892 1 0 0 1 
265 5474.03 530 0.727913 0.272087 1 0 0 1 
266 5460.17 530 0.93946 0.06054 1 0 0 1 
267 5450.39 530 0.990889 0.009111 1 0 0 1 
268 5441.83 530 0.998823 0.00117687 1 0 0 1 
269 5434.04 530 0.999863 0.000136625 1 0 0 1 
270 5426.94 530 0.999986 1.42648e-005 1 0 0 1 
271 5420.54 530 0.999999 1.32866e-006 1 0 0 1 
272 5414.84 530 1 1.09136e-007 1 0 0 1 
273 5409.84 530 1 7.78687e-009 1 0 0 1 
274 5405.54 530 1 4.72962e-010 1 0 0 1 
275 5401.95 530 1 2.37796e-011 1 0 0 1 
276 5399.08 530 1 9.50052e-013 1 0 0 1 
277 5396.92 530 1 2.8257e-014 1 0 0 1 
278 5395.48 530 1 5.52596e-016 1 0 0 1 
279 5394.76 530 1 4.42452e-018 1 0 0 1 
280 5671.24 530 0.975042 0.0249579 1 0 0 1 
281 5671.21 530 0.981666 0.0183341 1 0 0 1 
282 5671.18 530 0.98182 0.0181803 1 0 0 1 
283 5671.15 530 0.83792 0.16208 1 0 0 1 
284 5671.12 530 0.00602343 0.993977 1 0 0 1 
285 5670.28 530 0.246782 0.753218 1 0 0 1 
286 5667.69 530 0.3537 0.6463 1 0 0 1 
287 5664.11 530 0.366757 0.633243 1 0 0 1 
288 5659.34 530 0.330635 0.669365 1 0 0 1 
289 5653.07 530 0.284823 0.715177 1 0 0 1 
290 5645.04 530 0.266128 0.733872 1 0 0 1 
291 5635.72 530 0.263157 0.736843 1 0 0 1 
292 5625.58 530 0.26725 0.73275 1 0 0 1 
293 5614.93 530 0.274539 0.725461 1 0 0 1 
294 5603.94 530 0.283564 0.716436 1 0 0 1 
295 5592.72 530 0.293863 0.706137 1 0 0 1 
296 5581.35 530 0.3053 0.6947 1 0 0 1 
297 5569.87 530 0.317789 0.682211 1 0 0 1 
298 5558.35 530 0.331236 0.668764 1 0 0 1 
299 5546.81 530 0.345598 0.654402 1 0 0 1 
300 5535.27 530 0.360989 0.639011 1 0 0 1 
301 5523.73 530 0.377918 0.622082 1 0 0 1 
302 5512.16 530 0.397932 0.602068 1 0 0 1 
303 5500.39 530 0.426112 0.573888 1 0 0 1 
304 5487.96 530 0.495417 0.504583 1 0 0 1 
305 5467.81 530 0.779251 0.220749 1 0 0 1 
306 5455.17 530 0.955094 0.0449057 1 0 0 1 
307 5445.63 530 0.99354 0.00646026 1 0 0 1 
308 5437.16 530 0.999192 0.00080771 1 0 0 1 
309 5429.41 530 0.999909 9.12091e-005 1 0 0 1 
310 5422.35 530 0.999991 9.30157e-006 1 0 0 1 
311 5415.98 530 0.999999 8.49605e-007 1 0 0 1 
312 5410.3 530 1 6.8691e-008 1 0 0 1 
313 5405.31 530 1 4.84056e-009 1 0 0 1 
314 5401.02 530 1 2.91252e-010 1 0 0 1 
315 5397.44 530 1 1.45442e-011 1 0 0 1 
316 5394.57 530 1 5.78401e-013 1 0 0 1 
317 5392.41 530 1 1.71628e-014 1 0 0 1 
318 5390.97 530 1 3.34852e-016 1 0 0 1 
319 5390.25 530 1 2.20355e-018 1 0 0 1 
320 5670.55 530 0.998146 0.00185373 1 0 0 1 
321 5670.57 530 0.998262 0.00173768 1 0 0 1 
322 5670.6 530 0.982472 0.0175283 1 0 0 1 
323 5670.67 530 0.77312 0.22688 1 0 0 1 
324 5670.67 530 0.00609411 0.993906 1 0 0 1 
325 5669.35 530 0.174009 0.825991 1 0 0 1 
326 5665.77 530 0.287664 0.712336 1 0 0 1 
327 5661.15 530 0.347192 0.652808 1 0 0 1 
328 5655.44 530 0.36198 0.63802 1 0 0 1 
329 5648.52 530 0.351208 0.648792 1 0 0 1 
330 5640.35 530 0.33935 0.66065 1 0 0 1 
331 5631.12 530 0.332345 0.667655 1 0 0 1 
332 5621.11 530 0.329339 0.670661 1 0 0 1 
333 5610.53 530 0.328799 0.671201 1 0 0 1 
334 5599.54 530 0.32984 0.67016 1 0 0 1 
335 5588.27 530 0.332257 0.667743 1 0 0 1 
336 5576.81 530 0.336239 0.663761 1 0 0 1 
337 5565.23 530 0.342073 0.657927 1 0 0 1 
338 5553.57 530 0.349947 0.650053 1 0 0 1 
339 5541.89 530 0.359933 0.640067 1 0 0 1 
340 5530.21 530 0.372123 0.627877 1 0 0 1 
341 5518.52 530 0.386985 0.613015 1 0 0 1 
342 5506.72 530 0.406297 0.593703 1 0 0 1 
343 5494.47 530 0.437188 0.562812 1 0 0 1 
344 5480.48 530 0.550658 0.449342 1 0 0 1 
345 5461.13 530 0.845333 0.154667 1 0 0 1 
346 5449.58 530 0.972943 0.0270567 1 0 0 1 
347 5440.27 530 0.996321 0.00367867 1 0 0 1 
348 5431.87 530 0.999553 0.000446942 1 0 0 1 
349 5424.17 530 0.999951 4.94589e-005 1 0 0 1 
350 5417.15 530 0.999995 4.96497e-006 1 0 0 1 
351 5410.8 530 1 4.48029e-007 1 0 0 1 
352 5405.14 530 1 3.59038e-008 1 0 0 1 
353 5400.16 530 1 2.51515e-009 1 0 0 1 
354 5395.88 530 1 1.50826e-010 1 0 0 1 
355 5392.3 530 1 7.5226e-012 1 0 0 1 
356 5389.42 530 1 2.99304e-013 1 0 0 1 
357 5387.26 530 1 8.8882e-015 1 0 0 1 
358 5385.81 530 1 1.74723e-016 1 0 0 1 
359 5385.09 530 1 5.87708e-019 1 0 0 1 
360 5669.9 530 0.999869 0.000131173 1 0 0 1 
361 5669.95 530 0.998775 0.00122508 1 0 0 1 
362 5670.04 530 0.969773 0.0302265 1 0 0 1 
363 5670.22 530 0.70815 0.29185 1 0 0 1 
364 5670.23 530 0.00621006 0.99379 1 0 0 1 
365 5668.44 530 0.133866 0.866134 1 0 0 1 
366 5663.93 530 0.233417 0.766583 1 0 0 1 
367 5658.38 530 0.303154 0.696846 1 0 0 1 
368 5651.81 530 0.34536 0.65464 1 0 0 1 
369 5644.24 530 0.364389 0.635611 1 0 0 1 
370 5635.7 530 0.370683 0.629317 1 0 0 1 
371 5626.31 530 0.371912 0.628088 1 0 0 1 
372 5616.23 530 0.371552 0.628448 1 0 0 1 
373 5605.61 530 0.37076 0.62924 1 0 0 1 
374 5594.58 530 0.369827 0.630173 1 0 0 1 
375 5583.24 530 0.368936 0.631064 1 0 0 1 
376 5571.66 530 0.3685 0.6315 1 0 0 1 
377 5559.91 530 0.369218 0.630782 1 0 0 1 
378 5548.06 530 0.371913 0.628087 1 0 0 1 
379 5536.14 530 0.377309 0.622691 1 0 0 1 
380 5524.23 530 0.385995 0.614005 1 0 0 1 
381 5512.31 530 0.398798 0.601202 1 0 0 1 
382 5500.19 530 0.418526 0.581474 1 0 0 1 
383 5487.25 530 0.458541 0.541459 1 0 0 1 
384 5470.25 530 0.666122 0.333878 1 0 0 1 
385 5454.08 530 0.917757 0.0822426 1 0 0 1 
386 5443.44 530 0.987285 0.0127149 1 0 0 1 
387 5434.31 530 0.998323 0.00167715 1 0 0 1 
388 5425.98 530 0.999798 0.000201513 1 0 0 1 
389 5418.33 530 0.999978 2.21635e-005 1 0 0 1 
390 5411.34 530 0.999998 2.21789e-006 1 0 0 1 
391 5405.02 530 1 2.00018e-007 1 0 0 1 
392 5399.37 530 1 1.60555e-008 1 0 0 1 
393 5394.39 530 1 1.12877e-009 1 0 0 1 
394 5390.11 530 1 6.80412e-011 1 0 0 1 
395 5386.52 530 1 3.41554e-012 1 0 0 1 
396 5383.64 530 1 1.3689e-013 1 0 0 1 
397 5381.47 530 1 4.09462e-015 1 0 0 1 
398 5380.02 530 1 7.86609e-017 1 0 0 1 
399 5379.29 530 1 0 1 0 0 1 
400 5669.23 530 0.999947 5.30606e-005 1 0 0 1 
401 5669.31 530 0.997616 0.00238422 1 0 0 1 
402 5669.47 530 0.952159 0.0478411 1 0 0 1 
403 5669.77 530 0.651676 0.348324 1 0 0 1 
404 5669.8 530 0.00637319 0.993627 1 0 0 1 
405 5667.54 530 0.109143 0.890857 1 0 0 1 
406 5662.12 530 0.196517 0.803483 1 0 0 1 
407 5655.68 530 0.262997 0.737003 1 0 0 1 
408 5648.28 530 0.312777 0.687223 1 0 0 1 
409 5640.02 530 0.347246 0.652754 1 0 0 1 
410 5630.96 530 0.369161 0.630839 1 0 0 1 
411 5621.23 530 0.382343 0.617657 1 0 0 1 
412 5610.93 530 0.390032 0.609968 1 0 0 1 
413 5600.18 530 0.394347 0.605653 1 0 0 1 
414 5589.05 530 0.396471 0.603529 1 0 0 1 
415 5577.62 530 0.397029 0.602971 1 0 0 1 
416 5565.93 530 0.396487 0.603513 1 0 0 1 
417 5554 530 0.395515 0.604485 1 0 0 1 
418 5541.87 530 0.395219 0.604781 1 0 0 1 
419 5529.61 530 0.397095 0.602905 1 0 0 1 
420 5517.32 530 0.40281 0.59719 1 0 0 1 
421 5505.06 530 0.414503 0.585497 1 0 0 1 
422 5492.53 530 0.438449 0.561551 1 0 0 1 
423 5478.63 530 0.532258 0.467742 1 0 0 1 
424 5458.89 530 0.827112 0.172888 1 0 0 1 
425 5446.58 530 0.967504 0.0324965 1 0 0 1 
426 5436.69 530 0.995255 0.00474499 1 0 0 1 
427 5427.75 530 0.999376 0.000624076 1 0 0 1 
428 5419.49 530 0.999924 7.55576e-005 1 0 0 1 
429 5411.89 530 0.999992 8.39707e-006 1 0 0 1 
430 5404.93 530 0.999999 8.50114e-007 1 0 0 1 
431 5398.63 530 1 7.76259e-008 1 0 0 1 
432 5392.99 530 1 6.3132e-009 1 0 0 1 
433 5388.02 530 1 4.49951e-010 1 0 0 1 
434 5383.72 530 1 2.75074e-011 1 0 0 1 
435 5380.12 530 1 1.40076e-012 1 0 0 1 
436 5377.22 530 1 5.695e-014 1 0 0 1 
437 5375.03 530 1 1.72967e-015 1 0 0 1 
438 5373.57 530 1 2.98303e-017 1 0 0 1 
439 5372.84 530 1 0 1 0 0 1 
440 5668.51 530 0.999879 0.000121379 1 0 0 1 
441 5668.64 530 0.995264 0.00473642 1 0 0 1 
442 5668.89 530 0.926811 0.0731893 1 0 0 1 
443 5669.33 530 0.595179 0.404821 1 0 0 1 
444 5669.37 530 0.00658931 0.993411 1 0 0 1 
445 5666.63 530 0.0920396 0.90796 1 0 0 1 
446 5660.27 530 0.170777 0.829223 1 0 0 1 
447 5652.93 530 0.232683 0.767317 1 0 0 1 
448 5644.69 530 0.282045 0.717955 1 0 0 1 
449 5635.68 530 0.32133 0.67867 1 0 0 1 
450 5626.02 530 0.351588 0.648412 1 0 0 1 
451 5615.82 530 0.37399 0.62601 1 0 0 1 
452 5605.18 530 0.390053 0.609947 1 0 0 1 
453 5594.2 530 0.401306 0.598694 1 0 0 1 
454 5582.92 530 0.409006 0.590994 1 0 0 1 
455 5571.4 530 0.414017 0.585983 1 0 0 1 
456 5559.61 530 0.416836 0.583164 1 0 0 1 
457 5547.53 530 0.417862 0.582138 1 0 0 1 
458 5535.09 530 0.417926 0.582074 1 0 0 1 
459 5522.29 530 0.418877 0.581123 1 0 0 1 
460 5509.36 530 0.423942 0.576058 1 0 0 1 
461 5496.56 530 0.438829 0.561171 1 0 0 1 
462 5483.1 530 0.492209 0.507791 1 0 0 1 
463 5463.31 530 0.750037 0.249963 1 0 0 1 
464 5449.49 530 0.94106 0.0589395 1 0 0 1 
465 5438.91 530 0.990138 0.00986154 1 0 0 1 
466 5429.41 530 0.998549 0.00145055 1 0 0 1 
467 5420.61 530 0.999804 0.000196012 1 0 0 1 
468 5412.43 530 0.999976 2.43975e-005 1 0 0 1 
469 5404.88 530 0.999997 2.78285e-006 1 0 0 1 
470 5397.95 530 1 2.88718e-007 1 0 0 1 
471 5391.66 530 1 2.69876e-008 1 0 0 1 
472 5386.02 530 1 2.24515e-009 1 0 0 1 
473 5381.03 530 1 1.63597e-010 1 0 0 1 
474 5376.72 530 1 1.02212e-011 1 0 0 1 
475 5373.09 530 1 5.31723e-013 1 0 0 1 
476 5370.16 530 1 2.20807e-014 1 0 0 1 
477 5367.96 530 1 6.85359e-016 1 0 0 1 
478 5366.48 530 1 9.86119e-018 1 0 0 1 
479 5365.73 530 1 0 1 0 0 1 
480 5667.7 530 0.999672 0.000327909 1 0 0 1 
481 5667.9 530 0.990372 0.0096276 1 0 0 1 
482 5668.28 530 0.889387 0.110613 1 0 0 1 
483 5668.91 530 0.536765 0.463235 1 0 0 1 
484 5668.95 530 0.00686654 0.993133 1 0 0 1 
485 5665.69 530 0.0789487 0.921051 1 0 0 1 
486 5658.32 530 0.150857 0.849143 1 0 0 1 
487 5650.01 530 0.20945 0.79055 1 0 0 1 
488 5640.88 530 0.257115 0.742885 1 0 0 1 
489 5631.07 530 0.296821 0.703179 1 0 0 1 
490 5620.73 530 0.330049 0.669951 1 0 0 1 
491 5609.97 530 0.357435 0.642565 1 0 0 1 
492 5598.9 530 0.379484 0.620516 1 0 0 1 
493 5587.6 530 0.39686 0.60314 1 0 0 1 
494 5576.11 530 0.410386 0.589614 1 0 0 1 
495 5564.47 530 0.420955 0.579045 1 0 0 1 
496 5552.64 530 0.429313 0.570687 1 0 0 1 
497 5540.48 530 0.435798 0.564202 1 0 0 1 
498 5527.73 530 0.440585 0.559415 1 0 0 1 
499 5514.06 530 0.445728 0.554272 1 0 0 1 
500 5499.8 530 0.459316 0.540684 1 0 0 1 
501 5485.96 530 0.522061 0.477939 1 0 0 1 
502 5466.24 530 0.741491 0.258509 1 0 0 1 
503 5452.03 530 0.925309 0.0746912 1 0 0 1 
504 5440.9 530 0.985156 0.0148444 1 0 0 1 
505 5430.92 530 0.997482 0.00251774 1 0 0 1 
506 5421.62 530 0.999612 0.000387642 1 0 0 1 
507 5412.92 530 0.999945 5.47574e-005 1 0 0 1 
508 5404.81 530 0.999993 7.08963e-006 1 0 0 1 
509 5397.31 530 0.999999 8.37787e-007 1 0 0 1 
510 5390.41 530 1 8.97922e-008 1 0 0 1 
511 5384.12 530 1 8.65364e-009 1 0 0 1 
512 5378.46 530 1 7.4128e-010 1 0 0 1 
513 5373.45 530 1 5.5569e-011 1 0 0 1 
514 5369.1 530 1 3.56936e-012 1 0 0 1 
515 5365.44 530 1 1.90778e-013 1 0 0 1 
516 5362.47 530 1 8.11233e-015 1 0 0 1 
517 5360.23 530 1 2.58601e-016 1 0 0 1 
518 5358.72 530 1 2.26958e-018 1 0 0 1 
519 5357.97 530 1 0 1 0 0 1 
520 5666.73 530 0.999019 0.000981274 1 0 0 1 
521 5667.05 530 0.97921 0.0207896 1 0 0 1 
522 5667.7 530 0.830071 0.169929 1 0 0 1 
523 5668.47 530 0.477773 0.522227 1 0 0 1 
524 5668.55 530 0.00721488 0.992785 1 0 0 1 
525 5664.68 530 0.0680864 0.931914 1 0 0 1 
526 5656.17 530 0.133785 0.866215 1 0 0 1 
527 5646.8 530 0.18992 0.81008 1 0 0 1 
528 5636.69 530 0.236491 0.763509 1 0 0 1 
529 5626.03 530 0.275834 0.724166 1 0 0 1 
530 5614.95 530 0.309741 0.690259 1 0 0 1 
531 5603.57 530 0.339162 0.660838 1 0 0 1 
532 5591.99 530 0.364531 0.635469 1 0 0 1 
533 5580.28 530 0.386139 0.613861 1 0 0 1 
534 5568.51 530 0.404404 0.595596 1 0 0 1 
535 5556.68 530 0.420069 0.579931 1 0 0 1 
536 5544.78 530 0.434473 0.565527 1 0 0 1 
537 5532.64 530 0.45017 0.54983 1 0 0 1 
538 5519.69 530 0.471189 0.528811 1 0 0 1 
539 5504.3 530 0.52177 0.47823 1 0 0 1 
540 5485.48 530 0.635444 0.364556 1 0 0 1 
541 5468.1 530 0.80463 0.19537 1 0 0 1 
542 5454.31 530 0.933273 0.0667267 1 0 0 1 
543 5442.75 530 0.983726 0.0162742 1 0 0 1 
544 5432.29 530 0.996704 0.00329562 1 0 0 1 
545 5422.52 530 0.999408 0.000592228 1 0 0 1 
546 5413.33 530 0.999904 9.64128e-005 1 0 0 1 
547 5404.71 530 0.999986 1.4298e-005 1 0 0 1 
548 5396.67 530 0.999998 1.93212e-006 1 0 0 1 
549 5389.2 530 1 2.37312e-007 1 0 0 1 
550 5382.32 530 1 2.63632e-008 1 0 0 1 
551 5376.02 530 1 2.62886e-009 1 0 0 1 
552 5370.34 530 1 2.32761e-010 1 0 0 1 
553 5365.29 530 1 1.8025e-011 1 0 0 1 
554 5360.88 530 1 1.19563e-012 1 0 0 1 
555 5357.16 530 1 6.59694e-014 1 0 0 1 
556 5354.13 530 1 2.90146e-015 1 0 0 1 
557 5351.84 530 1 9.03832e-017 1 0 0 1 
558 5350.3 530 1 0 1 0 0 1 
559 5349.52 530 1 0 1 0 0 1 
560 5665.47 530 0.996567 0.00343341 1 0 0 1 
561 5666 530 0.947073 0.0529273 1 0 0 1 
562 5667.16 530 0.698554 0.301446 1 0 0 1 
563 5668.01 530 0.418011 0.581989 1 0 0 1 
564 5668.16 530 0.00764718 0.992353 1 0 0 1 
565 5663.58 530 0.0585425 0.941458 1 0 0 1 
566 5653.71 530 0.11804 0.88196 1 0 0 1 
567 5643.13 530 0.171946 0.828054 1 0 0 1 
568 5631.97 530 0.218051 0.781949 1 0 0 1 
569 5620.39 530 0.257448 0.742552 1 0 0 1 
570 5608.52 530 0.291655 0.708345 1 0 0 1 
571 5596.47 530 0.321846 0.678154 1 0 0 1 
572 5584.33 530 0.34874 0.65126 1 0 0 1 
573 5572.16 530 0.37274 0.62726 1 0 0 1 
574 5560.01 530 0.394185 0.605815 1 0 0 1 
575 5547.89 530 0.41369 0.58631 1 0 0 1 
576 5535.75 530 0.432787 0.567213 1 0 0 1 
577 5523.34 530 0.45692 0.54308 1 0 0 1 
578 5509.42 530 0.529417 0.470583 1 0 0 1 
579 5487.65 530 0.70721 0.29279 1 0 0 1 
580 5470.67 530 0.861368 0.138632 1 0 0 1 
581 5456.72 530 0.949387 0.0506132 1 0 0 1 
582 5444.61 530 0.98534 0.0146595 1 0 0 1 
583 5433.59 530 0.996451 0.00354883 1 0 0 1 
584 5423.31 530 0.99925 0.000749791 1 0 0 1 
585 5413.64 530 0.999859 0.000141446 1 0 0 1 
586 5404.54 530 0.999976 2.4082e-005 1 0 0 1 
587 5396.01 530 0.999996 3.71805e-006 1 0 0 1 
588 5388.02 530 0.999999 5.21243e-007 1 0 0 1 
589 5380.59 530 1 6.62673e-008 1 0 0 1 
590 5373.71 530 1 7.61038e-009 1 0 0 1 
591 5367.39 530 1 7.84197e-010 1 0 0 1 
592 5361.67 530 1 7.17639e-011 1 0 0 1 
593 5356.55 530 1 5.74733e-012 1 0 0 1 
594 5352.06 530 1 3.9457e-013 1 0 0 1 
595 5348.25 530 1 2.25421e-014 1 0 0 1 
596 5345.15 530 1 1.02873e-015 1 0 0 1 
597 5342.78 530 1 2.5478e-017 1 0 0 1 
598 5341.19 530 1 0 1 0 0 1 
599 5340.39 530 1 0 1 0 0 1 
600 5663.73 530 0.986605 0.0133951 1 0 0 1 
601 5664.63 530 0.865155 0.134845 1 0 0 1 
602 5666.49 530 0.524541 0.475459 1 0 0 1 
603 5667.5 530 0.353393 0.646607 1 0 0 1 
604 5667.79 530 0.0081819 0.991818 1 0 0 1 
605 5662.31 530 0.0498814 0.950119 1 0 0 1 
606 5650.79 530 0.102884 0.897116 1 0 0 1 
607 5638.8 530 0.154424 0.845576 1 0 0 1 
608 5626.49 530 0.20039 0.79961 1 0 0 1 
609 5613.95 530 0.240389 0.759611 1 0 0 1 
610 5601.28 530 0.27525 0.72475 1 0 0 1 
611 5588.55 530 0.306038 0.693962 1 0 0 1 
612 5575.83 530 0.333669 0.666331 1 0 0 1 
613 5563.16 530 0.358814 0.641186 1 0 0 1 
614 5550.57 530 0.381989 0.618011 1 0 0 1 
615 5538.06 530 0.403845 0.596155 1 0 0 1 
616 5525.54 530 0.425873 0.574127 1 0 0 1 
617 5512.66 530 0.453451 0.546549 1 0 0 1 
618 5498.01 530 0.537787 0.462213 1 0 0 1 
619 5476.22 530 0.756514 0.243486 1 0 0 1 
620 5459.86 530 0.915432 0.0845676 1 0 0 1 
621 5446.61 530 0.976803 0.0231965 1 0 0 1 
622 5434.85 530 0.994393 0.00560698 1 0 0 1 
623 5423.99 530 0.998769 0.00123121 1 0 0 1 
624 5413.83 530 0.999753 0.000247013 1 0 0 1 
625 5404.27 530 0.999955 4.53205e-005 1 0 0 1 
626 5395.27 530 0.999992 7.60619e-006 1 0 0 1 
627 5386.82 530 0.999999 1.16753e-006 1 0 0 1 
628 5378.89 530 1 1.63741e-007 1 0 0 1 
629 5371.49 530 1 2.09317e-008 1 0 0 1 
630 5364.6 530 1 2.42849e-009 1 0 0 1 
631 5358.25 530 1 2.53953e-010 1 0 0 1 
632 5352.46 530 1 2.36908e-011 1 0 0 1 
633 5347.24 530 1 1.94255e-012 1 0 0 1 
634 5342.65 530 1 1.37083e-013 1 0 0 1 
635 5338.72 530 1 8.08746e-015 1 0 0 1 
636 5335.5 530 1 3.76639e-016 1 0 0 1 
637 5333.03 530 1 7.72968e-018 1 0 0 1 
638 5331.37 530 1 0 1 0 0 1 
639 5330.52 530 1 0 1 0 0 1 
640 5661.22 530 0.944188 0.0558125 1 0 0 1 
641 5662.94 530 0.663692 0.336308 1 0 0 1 
642 5664.77 530 0.423056 0.576944 1 0 0 1 
643 5666.7 530 0.271098 0.728902 1 0 0 1 
644 5667.45 530 0.00884854 0.991151 1 0 0 1 
645 5660.76 530 0.0419305 0.958069 1 0 0 1 
646 5647.16 530 0.0880637 0.911936 1 0 0 1 
647 5633.55 530 0.136944 0.863056 1 0 0 1 
648 5619.99 530 0.182889 0.817111 1 0 0 1 
649 5606.49 530 0.22388 0.77612 1 0 0 1 
650 5593.05 530 0.259843 0.740157 1 0 0 1 
651 5579.67 530 0.291502 0.708498 1 0 0 1 
652 5566.38 530 0.319772 0.680228 1 0 0 1 
653 5553.21 530 0.345505 0.654495 1 0 0 1 
654 5540.18 530 0.369443 0.630557 1 0 0 1 
655 5527.26 530 0.392374 0.607626 1 0 0 1 
656 5514.38 530 0.415707 0.584293 1 0 0 1 
657 5501.27 530 0.443644 0.556356 1 0 0 1 
658 5487.24 530 0.494708 0.505292 1 0 0 1 
659 5466.53 530 0.70605 0.29395 1 0 0 1 
660 5449.5 530 0.895143 0.104857 1 0 0 1 
661 5436.19 530 0.97333 0.0266696 1 0 0 1 
662 5424.56 530 0.994284 0.00571603 1 0 0 1 
663 5413.84 530 0.998895 0.00110486 1 0 0 1 
664 5403.82 530 0.999804 0.000196336 1 0 0 1 
665 5394.4 530 0.999968 3.22387e-005 1 0 0 1 
666 5385.52 530 0.999995 4.89832e-006 1 0 0 1 
667 5377.17 530 0.999999 6.88719e-007 1 0 0 1 
668 5369.31 530 1 8.95249e-008 1 0 0 1 
669 5361.94 530 1 1.07338e-008 1 0 0 1 
670 5355.04 530 1 1.18212e-009 1 0 0 1 
671 5348.64 530 1 1.18776e-010 1 0 0 1 
672 5342.74 530 1 1.07763e-011 1 0 0 1 
673 5337.4 530 1 8.69615e-013 1 0 0 1 
674 5332.65 530 1 6.10723e-014 1 0 0 1 
675 5328.55 530 1 3.61093e-015 1 0 0 1 
676 5325.17 530 1 1.70746e-016 1 0 0 1 
677 5322.57 530 1 2.12327e-018 1 0 0 1 
678 5320.8 530 1 0 1 0 0 1 
679 5319.9 530 1 0 1 0 0 1 
680 5657.43 530 0.838811 0.161189 1 0 0 1 
681 5659.83 530 0.487445 0.512555 1 0 0 1 
682 5661.89 530 0.330429 0.669571 1 0 0 1 
683 5665.32 530 0.176437 0.823563 1 0 0 1 
684 5667.13 530 0.00970196 0.990298 1 0 0 1 
685 5658.69 530 0.0346363 0.965364 1 0 0 1 
686 5642.37 530 0.0737046 0.926295 1 0 0 1 
687 5626.95 530 0.119705 0.880295 1 0 0 1 
688 5612.17 530 0.165647 0.834353 1 0 0 1 
689 5597.79 530 0.207815 0.792185 1 0 0 1 
690 5583.65 530 0.245154 0.754846 1 0 0 1 
691 5569.69 530 0.277962 0.722038 1 0 0 1 
692 5555.89 530 0.307038 0.692962 1 0 0 1 
693 5542.26 530 0.333286 0.666714 1 0 0 1 
694 5528.82 530 0.357584 0.642416 1 0 0 1 
695 5515.54 530 0.380845 0.619155 1 0 0 1 
696 5502.35 530 0.404406 0.595594 1 0 0 1 
697 5488.98 530 0.431359 0.568641 1 0 0 1 
698 5474.76 530 0.471865 0.528135 1 0 0 1 
699 5457.69 530 0.617728 0.382272 1 0 0 1 
700 5438.89 530 0.846733 0.153267 1 0 0 1 
701 5425.19 530 0.959918 0.0400822 1 0 0 1 
702 5413.65 530 0.99159 0.00840953 1 0 0 1 
703 5403.12 530 0.998441 0.00155893 1 0 0 1 
704 5393.29 530 0.999737 0.000262819 1 0 0 1 
705 5384.05 530 0.999959 4.06496e-005 1 0 0 1 
706 5375.33 530 0.999994 5.78928e-006 1 0 0 1 
707 5367.1 530 0.999999 7.60812e-007 1 0 0 1 
708 5359.32 530 1 9.23581e-008 1 0 0 1 
709 5351.98 530 1 1.03544e-008 1 0 0 1 
710 5345.06 530 1 1.06992e-009 1 0 0 1 
711 5338.58 530 1 1.01425e-010 1 0 0 1 
712 5332.56 530 1 8.74789e-012 1 0 0 1 
713 5327.04 530 1 6.77352e-013 1 0 0 1 
714 5322.08 530 1 4.61308e-014 1 0 0 1 
715 5317.75 530 1 2.68129e-015 1 0 0 1 
716 5314.15 530 1 1.28334e-016 1 0 0 1 
717 5311.35 530 1 1.55142e-019 1 0 0 1 
718 5309.43 530 1 0 1 0 0 1 
719 5308.46 530 1 0 1 0 0 1 
720 5651.55 530 0.711937 0.288063 1 0 0 1 
721 5653.16 530 0.419877 0.580123 1 0 0 1 
722 5656.61 530 0.241362 0.758638 1 0 0 1 
723 5662.58 530 0.0964616 0.903538 1 0 0 1 
724 5666.85 530 0.0108641 0.989136 1 0 0 1 
725 5655.33 530 0.0280572 0.971943 1 0 0 1 
726 5635.58 530 0.060446 0.939554 1 0 0 1 
727 5618.41 530 0.103717 0.896283 1 0 0 1 
728 5602.64 530 0.149628 0.850372 1 0 0 1 
729 5587.59 530 0.192856 0.807144 1 0 0 1 
730 5572.92 530 0.23149 0.76851 1 0 0 1 
731 5558.48 530 0.265462 0.734538 1 0 0 1 
732 5544.25 530 0.295432 0.704568 1 0 0 1 
733 5530.23 530 0.322272 0.677728 1 0 0 1 
734 5516.45 530 0.346891 0.653109 1 0 0 1 
735 5502.89 530 0.37025 0.62975 1 0 0 1 
736 5489.51 530 0.393613 0.606387 1 0 0 1 
737 5476.16 530 0.419359 0.580641 1 0 0 1 
738 5462.51 530 0.453638 0.546362 1 0 0 1 
739 5447.92 530 0.545464 0.454536 1 0 0 1 
740 5427.76 530 0.786443 0.213557 1 0 0 1 
741 5413.57 530 0.940447 0.0595535 1 0 0 1 
742 5402.13 530 0.987499 0.0125007 1 0 0 1 
743 5391.84 530 0.997726 0.00227401 1 0 0 1 
744 5382.26 530 0.999626 0.000374059 1 0 0 1 
745 5373.24 530 0.999944 5.62924e-005 1 0 0 1 
746 5364.72 530 0.999992 7.78788e-006 1 0 0 1 
747 5356.64 530 0.999999 9.93689e-007 1 0 0 1 
748 5348.97 530 1 1.1721e-007 1 0 0 1 
749 5341.67 530 1 1.27966e-008 1 0 0 1 
750 5334.73 530 1 1.29242e-009 1 0 0 1 
751 5328.15 530 1 1.20371e-010 1 0 0 1 
752 5321.95 530 1 1.02664e-011 1 0 0 1 
753 5316.19 530 1 7.9199e-013 1 0 0 1 
754 5310.94 530 1 5.41778e-014 1 0 0 1 
755 5306.31 530 1 3.19063e-015 1 0 0 1 
756 5302.39 530 1 1.50117e-016 1 0 0 1 
757 5299.33 530 1 1.58033e-018 1 0 0 1 
758 5297.21 530 1 0 1 0 0 1 
759 5296.13 530 1 0 1 0 0 1 
760 5642.41 530 0.632884 0.367116 1 0 0 1 
761 5643.64 530 0.363035 0.636965 1 0 0 1 
762 5647.64 530 0.173857 0.826143 1 0 0 1 
763 5656.24 530 0.048545 0.951455 1 0 0 1 
764 5666.64 530 0.0127204 0.98728 1 0 0 1 
765 5648.02 530 0.0228901 0.97711 1 0 0 1 
766 5625.17 530 0.0503959 0.949604 1 0 0 1 
767 5607.19 530 0.0917077 0.908292 1 0 0 1 
768 5591.08 530 0.137191 0.862809 1 0 0 1 
769 5575.74 530 0.18067 0.81933 1 0 0 1 
770 5560.75 530 0.219866 0.780134 1 0 0 1 
771 5545.98 530 0.254516 0.745484 1 0 0 1 
772 5531.39 530 0.285141 0.714859 1 0 0 1 
773 5517.04 530 0.312516 0.687484 1 0 0 1 
774 5502.97 530 0.337486 0.662514 1 0 0 1 
775 5489.21 530 0.360974 0.639026 1 0 0 1 
776 5475.74 530 0.38415 0.61585 1 0 0 1 
777 5462.5 530 0.408991 0.591009 1 0 0 1 
778 5449.33 530 0.440085 0.559915 1 0 0 1 
779 5436.06 530 0.497556 0.502444 1 0 0 1 
780 5416.11 530 0.729074 0.270926 1 0 0 1 
781 5401.37 530 0.917687 0.0823134 1 0 0 1 
782 5390.02 530 0.982518 0.0174817 1 0 0 1 
783 5380.01 530 0.996869 0.0031306 1 0 0 1 
784 5370.74 530 0.999496 0.000503597 1 0 0 1 
785 5362 530 0.999926 7.40316e-005 1 0 0 1 
786 5353.73 530 0.99999 1.00129e-005 1 0 0 1 
787 5345.85 530 0.999999 1.25192e-006 1 0 0 1 
788 5338.31 530 1 1.4529e-007 1 0 0 1 
789 5331.07 530 1 1.57e-008 1 0 0 1 
790 5324.1 530 1 1.58199e-009 1 0 0 1 
791 5317.4 530 1 1.48455e-010 1 0 0 1 
792 5310.99 530 1 1.2904e-011 1 0 0 1 
793 5304.92 530 1 1.02721e-012 1 0 0 1 
794 5299.28 530 1 7.34435e-014 1 0 0 1 
795 5294.22 530 1 4.56813e-015 1 0 0 1 
796 5289.88 530 1 2.34352e-016 1 0 0 1 
797 5286.43 530 1 5.02919e-018 1 0 0 1 
798 5284.03 530 1 0 1 0 0 1 
799 5282.8 530 1 0 1 0 0 1 
800 5629.55 530 0.602594 0.397406 1 0 0 1 
801 5630.4 530 0.347479 0.652521 1 0 0 1 
802 5632.89 530 0.176762 0.823238 1 0 0 1 
803 5636.93 530 0.0648773 0.935123 1 0 0 1 
804 5641.94 530 0.0187983 0.981202 1 0 0 1 
805 5625.78 530 0.0328965 0.967103 1 0 0 1 
806 5608.89 530 0.0590274 0.940973 1 0 0 1 
807 5592.87 530 0.0952321 0.904768 1 0 0 1 
808 5577.42 530 0.135675 0.864325 1 0 0 1 
809 5562.23 530 0.175654 0.824346 1 0 0 1 
810 5547.14 530 0.212842 0.787158 1 0 0 1 
811 5532.13 530 0.246546 0.753454 1 0 0 1 
812 5517.25 530 0.276878 0.723122 1 0 0 1 
813 5502.6 530 0.304304 0.695696 1 0 0 1 
814 5488.28 530 0.329448 0.670552 1 0 0 1 
815 5474.35 530 0.353067 0.646933 1 0 0 1 
816 5460.85 530 0.376177 0.623823 1 0 0 1 
817 5447.69 530 0.400465 0.599535 1 0 0 1 
818 5434.65 530 0.429658 0.570342 1 0 0 1 
819 5421.1 530 0.477394 0.522606 1 0 0 1 
820 5404.31 530 0.670885 0.329115 1 0 0 1 
821 5388.59 530 0.893361 0.106639 1 0 0 1 
822 5377.32 530 0.977275 0.0227247 1 0 0 1 
823 5367.66 530 0.996015 0.00398464 1 0 0 1 
824 5358.76 530 0.999376 0.000623801 1 0 0 1 
825 5350.38 530 0.999911 8.9191e-005 1 0 0 1 
826 5342.42 530 0.999988 1.17545e-005 1 0 0 1 
827 5334.79 530 0.999999 1.43768e-006 1 0 0 1 
828 5327.43 530 1 1.64229e-007 1 0 0 1 
829 5320.28 530 1 1.76212e-008 1 0 0 1 
830 5313.29 530 1 1.78326e-009 1 0 0 1 
831 5306.44 530 1 1.70433e-010 1 0 0 1 
832 5299.75 530 1 1.53331e-011 1 0 0 1 
833 5293.28 530 1 1.28561e-012 1 0 0 1 
834 5287.13 530 1 9.85338e-014 1 0 0 1 
835 5281.48 530 1 6.67818e-015 1 0 0 1 
836 5276.55 530 1 3.8164e-016 1 0 0 1 
837 5272.57 530 1 1.24116e-017 1 0 0 1 
838 5269.77 530 1 0 1 0 0 1 
839 5268.32 530 1 0 1 0 0 1 
840 5614.06 530 0.597809 0.402191 1 0 0 1 
841 5614.57 530 0.352568 0.647432 1 0 0 1 
842 5615.38 530 0.202127 0.797873 1 0 0 1 
843 5615.59 530 0.0937565 0.906243 1 0 0 1 
844 5613.27 530 0.0394818 0.960518 1 0 0 1 
845 5603.46 530 0.0525275 0.947472 1 0 0 1 
846 5590.63 530 0.0767875 0.923212 1 0 0 1 
847 5576.66 530 0.108101 0.891899 1 0 0 1 
848 5562.16 530 0.142673 0.857327 1 0 0 1 
849 5547.3 530 0.177537 0.822463 1 0 0 1 
850 5532.2 530 0.210971 0.789029 1 0 0 1 
851 5516.97 530 0.24223 0.75777 1 0 0 1 
852 5501.78 530 0.271158 0.728842 1 0 0 1 
853 5486.81 530 0.297916 0.702084 1 0 0 1 
854 5472.23 530 0.322848 0.677152 1 0 0 1 
855 5458.17 530 0.346471 0.653529 1 0 0 1 
856 5444.68 530 0.369578 0.630422 1 0 0 1 
857 5431.7 530 0.393574 0.606426 1 0 0 1 
858 5419.02 530 0.421557 0.578443 1 0 0 1 
859 5406.12 530 0.464025 0.535975 1 0 0 1 
860 5391.35 530 0.625164 0.374836 1 0 0 1 
861 5375.02 530 0.870805 0.129195 1 0 0 1 
862 5363.99 530 0.972721 0.0272787 1 0 0 1 
863 5354.79 530 0.995374 0.00462585 1 0 0 1 
864 5346.36 530 0.999302 0.000697819 1 0 0 1 
865 5338.43 530 0.999904 9.62325e-005 1 0 0 1 
866 5330.85 530 0.999988 1.22698e-005 1 0 0 1 
867 5323.55 530 0.999999 1.45963e-006 1 0 0 1 
868 5316.42 530 1 1.63487e-007 1 0 0 1 
869 5309.4 530 1 1.7394e-008 1 0 0 1 
870 5302.41 530 1 1.77122e-009 1 0 0 1 
871 5295.41 530 1 1.73438e-010 1 0 0 1 
872 5288.39 530 1 1.63247e-011 1 0 0 1 
873 5281.4 530 1 1.46492e-012 1 0 0 1 
874 5274.56 530 1 1.22956e-013 1 0 0 1 
875 5268.11 530 1 9.31176e-015 1 0 0 1 
876 5262.34 530 1 6.00737e-016 1 0 0 1 
877 5257.61 530 1 2.95679e-017 1 0 0 1 
878 5254.24 530 1 0 1 0 0 1 
879 5252.48 530 1 0 1 0 0 1 
880 5597.27 530 0.606725 0.393275 1 0 0 1 
881 5597.56 530 0.363769 0.636231 1 0 0 1 
882 5597.25 530 0.227568 0.772432 1 0 0 1 
883 5595.53 530 0.131605 0.868395 1 0 0 1 
884 5591.21 530 0.0763034 0.923697 1 0 0 1 
885 5583.09 530 0.0813329 0.918667 1 0 0 1 
886 5572.24 530 0.100806 0.899194 1 0 0 1 
887 5559.64 530 0.126594 0.873406 1 0 0 1 
888 5545.86 530 0.155208 0.844792 1 0 0 1 
889 5531.27 530 0.184571 0.815429 1 0 0 1 
890 5516.09 530 0.213492 0.786508 1 0 0 1 
891 5500.57 530 0.241383 0.758617 1 0 0 1 
892 5484.97 530 0.268026 0.731974 1 0 0 1 
893 5469.58 530 0.293414 0.706586 1 0 0 1 
894 5454.68 530 0.317679 0.682321 1 0 0 1 
895 5440.47 530 0.341093 0.658907 1 0 0 1 
896 5427.05 530 0.364191 0.635809 1 0 0 1 
897 5414.36 530 0.388086 0.611914 1 0 0 1 
898 5402.19 530 0.415387 0.584613 1 0 0 1 
899 5390.11 530 0.454875 0.545125 1 0 0 1 
900 5376.83 530 0.595021 0.404979 1 0 0 1 
901 5360.52 530 0.855132 0.144868 1 0 0 1 
902 5350 530 0.970205 0.0297951 1 0 0 1 
903 5341.41 530 0.995184 0.00481622 1 0 0 1 
904 5333.57 530 0.999309 0.000691328 1 0 0 1 
905 5326.18 530 0.999909 9.09355e-005 1 0 0 1 
906 5319.09 530 0.999989 1.1108e-005 1 0 0 1 
907 5312.19 530 0.999999 1.27467e-006 1 0 0 1 
908 5305.38 530 1 1.39091e-007 1 0 0 1 
909 5298.56 530 1 1.46153e-008 1 0 0 1 
910 5291.62 530 1 1.49649e-009 1 0 0 1 
911 5284.47 530 1 1.50684e-010 1 0 0 1 
912 5277.08 530 1 1.49739e-011 1 0 0 1 
913 5269.44 530 1 1.46025e-012 1 0 0 1 
914 5261.69 530 1 1.3713e-013 1 0 0 1 
915 5254.13 530 1 1.19621e-014 1 0 0 1 
916 5247.18 530 1 9.01497e-016 1 0 0 1 
917 5241.36 530 1 5.78389e-017 1 0 0 1 
918 5237.16 530 1 0 1 0 0 1 
919 5234.97 530 1 0 1 0 0 1 
920 5580.11 530 0.625052 0.374948 1 0 0 1 
921 5580.29 530 0.374032 0.625968 1 0 0 1 
922 5579.35 530 0.254292 0.745708 1 0 0 1 
923 5576.74 530 0.171425 0.828575 1 0 0 1 
924 5571.81 530 0.119471 0.880529 1 0 0 1 
925 5564.22 530 0.115799 0.884201 1 0 0 1 
926 5554.25 530 0.128747 0.871253 1 0 0 1 
927 5542.37 530 0.148499 0.851501 1 0 0 1 
928 5528.99 530 0.171249 0.828751 1 0 0 1 
929 5514.45 530 0.195181 0.804819 1 0 0 1 
930 5499.02 530 0.219384 0.780616 1 0 0 1 
931 5483.02 530 0.243441 0.756559 1 0 0 1 
932 5466.8 530 0.267201 0.732799 1 0 0 1 
933 5450.79 530 0.290647 0.709353 1 0 0 1 
934 5435.41 530 0.313818 0.686182 1 0 0 1 
935 5421.01 530 0.336805 0.663195 1 0 0 1 
936 5407.71 530 0.359873 0.640127 1 0 0 1 
937 5395.44 530 0.38383 0.61617 1 0 0 1 
938 5383.93 530 0.41089 0.58911 1 0 0 1 
939 5372.72 530 0.448858 0.551142 1 0 0 1 
940 5360.65 530 0.579792 0.420208 1 0 0 1 
941 5345.04 530 0.850345 0.149655 1 0 0 1 
942 5335.36 530 0.970856 0.029144 1 0 0 1 
943 5327.56 530 0.995591 0.00440943 1 0 0 1 
944 5320.44 530 0.999406 0.000593542 1 0 0 1 
945 5313.71 530 0.999926 7.35152e-005 1 0 0 1 
946 5307.2 530 0.999991 8.50447e-006 1 0 0 1 
947 5300.82 530 0.999999 9.31743e-007 1 0 0 1 
948 5294.43 530 1 9.8183e-008 1 0 0 1 
949 5287.91 530 1 1.01204e-008 1 0 0 1 
950 5281.11 530 1 1.03805e-009 1 0 0 1 
951 5273.87 530 1 1.07557e-010 1 0 0 1 
952 5266.08 530 1 1.1363e-011 1 0 0 1 
953 5257.67 530 1 1.22196e-012 1 0 0 1 
954 5248.73 530 1 1.31306e-013 1 0 0 1 
955 5239.61 530 1 1.35424e-014 1 0 0 1 
956 5230.96 530 1 1.25933e-015 1 0 0 1 
957 5223.57 530 1 9.50271e-017 1 0 0 1 
958 5218.18 530 1 0 1 0 0 1 
959 5215.33 530 1 0 1 0 0 1 
960 5563.16 530 0.652171 0.347829 1 0 0 1 
961 5563.28 530 0.383678 0.616322 1 0 0 1 
962 5562.01 530 0.280141 0.719859 1 0 0 1 
963 5558.98 530 0.209326 0.790674 1 0 0 1 
964 5553.81 530 0.162465 0.837535 1 0 0 1 
965 5546.38 530 0.15225 0.84775 1 0 0 1 
966 5536.76 530 0.15864 0.84136 1 0 0 1 
967 5525.18 530 0.172396 0.827604 1 0 0 1 
968 5511.89 530 0.189553 0.810447 1 0 0 1 
969 5497.15 530 0.208302 0.791698 1 0 0 1 
970 5481.23 530 0.22783 0.77217 1 0 0 1 
971 5464.44 530 0.247841 0.752159 1 0 0 1 
972 5447.26 530 0.268313 0.731687 1 0 0 1 
973 5430.26 530 0.289347 0.710653 1 0 0 1 
974 5414.13 530 0.311047 0.688953 1 0 0 1 
975 5399.45 530 0.333438 0.666562 1 0 0 1 
976 5386.36 530 0.356509 0.643491 1 0 0 1 
977 5374.69 530 0.380721 0.619279 1 0 0 1 
978 5364.03 530 0.40796 0.59204 1 0 0 1 
979 5353.83 530 0.445613 0.554387 1 0 0 1 
980 5342.79 530 0.579786 0.420214 1 0 0 1 
981 5328.61 530 0.859391 0.140609 1 0 0 1 
982 5320.13 530 0.975083 0.0249171 1 0 0 1 
983 5313.3 530 0.996547 0.00345346 1 0 0 1 
984 5307.03 530 0.999571 0.000429271 1 0 0 1 
985 5301.07 530 0.999951 4.94117e-005 1 0 0 1 
986 5295.28 530 0.999995 5.34871e-006 1 0 0 1 
987 5289.53 530 0.999999 5.53132e-007 1 0 0 1 
988 5283.7 530 1 5.56703e-008 1 0 0 1 
989 5277.62 530 1 5.57126e-009 1 0 0 1 
990 5271.11 530 1 5.67554e-010 1 0 0 1 
991 5263.92 530 1 6.02295e-011 1 0 0 1 
992 5255.79 530 1 6.7795e-012 1 0 0 1 
993 5246.5 530 1 8.13957e-013 1 0 0 1 
994 5236.01 530 1 1.02542e-013 1 0 0 1 
995 5224.71 530 1 1.29194e-014 1 0 0 1 
996 5213.57 530 1 1.47899e-015 1 0 0 1 
997 5203.86 530 1 1.40178e-016 1 0 0 1 
998 5196.71 530 1 3.64352e-018 1 0 0 1 
999 5192.94 530 1 0 1 0 0 1 
1000 5546.74 530 0.688993 0.311007 1 0 0 1 
1001 5546.84 530 0.392907 0.607093 1 0 0 1 
1002 5545.38 530 0.304413 0.695587 1 0 0 1 
1003 5542.12 530 0.244096 0.755904 1 0 0 1 
1004 5536.81 530 0.202602 0.797398 1 0 0 1 
1005 5529.39 530 0.188304 0.811696 1 0 0 1 
1006 5519.87 530 0.189104 0.810896 1 0 0 1 
1007 5508.31 530 0.197407 0.802593 1 0 0 1 
1008 5494.87 530 0.209425 0.790575 1 0 0 1 
1009 5479.7 530 0.223341 0.776659 1 0 0 1 
1010 5462.98 530 0.238352 0.761648 1 0 0 1 
1011 5445.03 530 0.254227 0.745773 1 0 0 1 
1012 5426.33 530 0.271085 0.728915 1 0 0 1 
1013 5407.72 530 0.289251 0.710749 1 0 0 1 
1014 5390.34 530 0.309099 0.690901 1 0 0 1 
1015 5375.27 530 0.33081 0.66919 1 0 0 1 
1016 5362.59 530 0.354039 0.645961 1 0 0 1 
1017 5351.84 530 0.378795 0.621205 1 0 0 1 
1018 5342.39 530 0.406674 0.593326 1 0 0 1 
1019 5333.44 530 0.445509 0.554491 1 0 0 1 
1020 5323.34 530 0.598619 0.401381 1 0 0 1 
1021 5311.36 530 0.883389 0.116611 1 0 0 1 
1022 5304.41 530 0.982058 0.0179419 1 0 0 1 
1023 5298.7 530 0.99777 0.00222967 1 0 0 1 
1024 5293.42 530 0.999748 0.000252487 1 0 0 1 
1025 5288.35 530 0.999973 2.67107e-005 1 0 0 1 
1026 5283.39 530 0.999997 2.67664e-006 1 0 0 1 
1027 5278.41 530 1 2.58253e-007 1 0 0 1 
1028 5273.3 530 1 2.44938e-008 1 0 0 1 
1029 5267.86 530 1 2.343e-009 1 0 0 1 
1030 5261.86 530 1 2.33041e-010 1 0 0 1 
1031 5254.98 530 1 2.49275e-011 1 0 0 1 
1032 5246.74 530 1 2.96152e-012 1 0 0 1 
1033 5236.63 530 1 3.98911e-013 1 0 0 1 
1034 5224.2 530 1 6.03842e-014 1 0 0 1 
1035 5209.7 530 1 9.71962e-015 1 0 0 1 
1036 5194.83 530 1 1.43997e-015 1 0 0 1 
1037 5181.66 530 1 1.91471e-016 1 0 0 1 
1038 5171.95 530 1 7.96911e-018 1 0 0 1 
1039 5166.83 530 1 0 1 0 0 1 
1040 5531.08 530 0.735791 0.264209 1 0 0 1 
1041 5531.17 530 0.401958 0.598042 1 0 0 1 
1042 5529.58 530 0.327197 0.672803 1 0 0 1 
1043 5526.14 530 0.275788 0.724212 1 0 0 1 
1044 5520.71 530 0.239263 0.760737 1 0 0 1 
1045 5513.23 530 0.222819 0.777181 1 0 0 1 
1046 5503.66 530 0.219343 0.780657 1 0 0 1 
1047 5491.99 530 0.223036 0.776964 1 0 0 1 
1048 5478.25 530 0.230538 0.769462 1 0 0 1 
1049 5462.46 530 0.24008 0.75992 1 0 0 1 
1050 5444.69 530 0.25083 0.74917 1 0 0 1 
1051 5425.11 530 0.262558 0.737442 1 0 0 1 
1052 5404.13 530 0.275491 0.724509 1 0 0 1 
1053 5382.8 530 0.290239 0.709761 1 0 0 1 
1054 5363.14 530 0.307709 0.692291 1 0 0 1 
1055 5347.67 530 0.328783 0.671217 1 0 0 1 
1056 5335.88 530 0.352547 0.647453 1 0 0 1 
1057 5326.62 530 0.378292 0.621708 1 0 0 1 
1058 5318.9 530 0.407381 0.592619 1 0 0 1 
1059 5311.69 530 0.449766 0.550234 1 0 0 1 
1060 5302.5 530 0.646259 0.353741 1 0 0 1 
1061 5293.54 530 0.919921 0.0800792 1 0 0 1 
1062 5288.32 530 0.989722 0.0102778 1 0 0 1 
1063 5283.86 530 0.998867 0.0011331 1 0 0 1 
1064 5279.67 530 0.999884 0.000116284 1 0 0 1 
1065 5275.6 530 0.999989 1.12461e-005 1 0 0 1 
1066 5271.58 530 0.999999 1.0355e-006 1 0 0 1 
1067 5267.52 530 1 9.21735e-008 1 0 0 1 
1068 5263.29 530 1 8.10157e-009 1 0 0 1 
1069 5258.73 530 1 7.23123e-010 1 0 0 1 
1070 5253.6 530 1 6.79595e-011 1 0 0 1 
1071 5247.46 530 1 7.03766e-012 1 0 0 1 
1072 5239.67 530 1 8.47709e-013 1 0 0 1 
1073 5229.14 530 1 1.254e-013 1 0 0 1 
1074 5214.55 530 1 2.32809e-014 1 0 0 1 
1075 5195.15 530 1 5.11203e-015 1 0 0 1 
1076 5174.44 530 1 1.09622e-015 1 0 0 1 
1077 5156.08 530 1 1.74497e-016 1 0 0 1 
1078 5142.67 530 1 1.0952e-017 1 0 0 1 
1079 5135.67 530 1 0 1 0 0 1 
1080 5516.33 530 0.789314 0.210686 1 0 0 1 
1081 5516.42 530 0.411354 0.588646 1 0 0 1 
1082 5514.7 530 0.349073 0.650927 1 0 0 1 
1083 5511.09 530 0.304962 0.695038 1 0 0 1 
1084 5505.53 530 0.272687 0.727313 1 0 0 1 
1085 5497.96 530 0.255428 0.744572 1 0 0 1 
1086 5488.3 530 0.248978 0.751022 1 0 0 1 
1087 5476.46 530 0.249049 0.750951 1 0 0 1 
1088 5462.37 530 0.252802 0.747198 1 0 0 1 
1089 5445.92 530 0.258571 0.741429 1 0 0 1 
1090 5426.96 530 0.265474 0.734526 1 0 0 1 
1091 5405.34 530 0.273192 0.726808 1 0 0 1 
1092 5381.09 530 0.281938 0.718062 1 0 0 1 
1093 5355.06 530 0.292552 0.707448 1 0 0 1 
1094 5330.65 530 0.306717 0.693283 1 0 0 1 
1095 5315.33 530 0.327479 0.672521 1 0 0 1 
1096 5305.58 530 0.352518 0.647482 1 0 0 1 
1097 5298.78 530 0.379811 0.620189 1 0 0 1 
1098 5293.56 530 0.410793 0.589207 1 0 0 1 
1099 5288.93 530 0.463017 0.536983 1 0 0 1 
1100 5280.8 530 0.740555 0.259445 1 0 0 1 
1101 5275.44 530 0.959228 0.0407722 1 0 0 1 
1102 5272.02 530 0.995616 0.00438418 1 0 0 1 
1103 5268.9 530 0.999565 0.000435393 1 0 0 1 
1104 5265.87 530 0.999959 4.08282e-005 1 0 0 1 
1105 5262.89 530 0.999996 3.61633e-006 1 0 0 1 
1106 5259.9 530 1 3.04671e-007 1 0 0 1 
1107 5256.86 530 1 2.4736e-008 1 0 0 1 
1108 5253.7 530 1 1.972e-009 1 0 0 1 
1109 5250.28 530 1 1.58339e-010 1 0 0 1 
1110 5246.41 530 1 1.32455e-011 1 0 0 1 
1111 5241.71 530 1 1.20834e-012 1 0 0 1 
1112 5235.4 530 1 1.2854e-013 1 0 0 1 
1113 5225.82 530 0.948541 0.0514587 1 0 0 1 
1114 5209.78 530 0.86362 0.13638 1 0 0 1 
1115 5181.98 530 0.930885 0.0691151 1 0 0 1 
1116 5151.78 530 0.971247 0.0287532 1 0 0 1 
1117 5125.58 530 0.990861 0.00913872 1 0 0 1 
1118 5107.04 530 0.998041 0.00195943 1 0 0 1 
1119 5097.56 530 0.999787 0.000212914 1 0 0 1 
1120 5502.53 530 0.842687 0.157313 1 0 0 1 
1121 5502.67 530 0.422871 0.577129 1 0 0 1 
1122 5500.78 530 0.37127 0.62873 1 0 0 1 
1123 5496.97 530 0.332402 0.667598 1 0 0 1 
1124 5491.3 530 0.303426 0.696574 1 0 0 1 
1125 5483.66 530 0.286197 0.713803 1 0 0 1 
1126 5473.93 530 0.277914 0.722086 1 0 0 1 
1127 5461.97 530 0.275378 0.724622 1 0 0 1 
1128 5447.63 530 0.276258 0.723742 1 0 0 1 
1129 5430.65 530 0.279041 0.720959 1 0 0 1 
1130 5410.66 530 0.282789 0.717211 1 0 0 1 
1131 5386.99 530 0.286981 0.713019 1 0 0 1 
1132 5358.62 530 0.291559 0.708441 1 0 0 1 
1133 5324.53 530 0.297272 0.702728 1 0 0 1 
1134 5287.94 530 0.306476 0.693524 1 0 0 1 
1135 5276.35 530 0.328179 0.671821 1 0 0 1 
1136 5271.27 530 0.355549 0.644451 1 0 0 1 
1137 5268.25 530 0.384499 0.615501 1 0 0 1 
1138 5266.2 530 0.41819 0.58181 1 0 0 1 
1139 5265.12 530 0.524448 0.475552 1 0 0 1 
1140 5259.39 530 0.875602 0.124398 1 0 0 1 
1141 5257.45 530 0.986048 0.0139522 1 0 0 1 
1142 5255.73 530 0.998634 0.00136631 1 0 0 1 
1143 5253.95 530 0.999874 0.000126281 1 0 0 1 
1144 5252.12 530 0.999989 1.09438e-005 1 0 0 1 
1145 5250.26 530 0.999999 8.89827e-007 1 0 0 1 
1146 5248.36 530 1 6.82836e-008 1 0 0 1 
1147 5246.42 530 1 4.9906e-009 1 0 0 1 
1148 5244.44 530 1 3.514e-010 1 0 0 1 
1149 5242.37 530 1 2.41387e-011 1 0 0 1 
1150 5240.15 530 1 1.63066e-012 1 0 0 1 
1151 5237.64 530 1 1.05912e-013 1 0 0 1 
1152 5234.49 530 0.914505 0.0854948 1 0 0 1 
1153 5229.64 530 0.630315 0.369685 1 0 0 1 
1154 5217.66 530 0.49665 0.50335 1 0 0 1 
1155 5172.29 530 0.582628 0.417372 1 0 0 1 
1156 5125.73 530 0.737626 0.262374 1 0 0 1 
1157 5087.68 530 0.876492 0.123508 1 0 0 1 
1158 5062.43 530 0.961301 0.0386994 1 0 0 1 
1159 5050.01 530 0.993847 0.00615292 1 0 0 1 
1160 5489.5 530 0.895818 0.104182 1 0 0 1 
1161 5489.98 530 0.443655 0.556345 1 0 0 1 
1162 5487.78 530 0.396327 0.603673 1 0 0 1 
1163 5483.78 530 0.358848 0.641152 1 0 0 1 
1164 5478.05 530 0.332105 0.667895 1 0 0 1 
1165 5470.41 530 0.315488 0.684512 1 0 0 1 
1166 5460.69 530 0.306309 0.693691 1 0 0 1 
1167 5448.73 530 0.302093 0.697907 1 0 0 1 
1168 5434.34 530 0.301007 0.698993 1 0 0 1 
1169 5417.23 530 0.301764 0.698236 1 0 0 1 
1170 5396.85 530 0.303456 0.696544 1 0 0 1 
1171 5372.16 530 0.305373 0.694627 1 0 0 1 
1172 5340.67 530 0.306854 0.693146 1 0 0 1 
1173 5295.32 530 0.311453 0.688547 1 0 0 1 
1174 5253.41 530 0.323847 0.676153 1 0 0 1 
1175 5253.02 530 0.333169 0.666831 1 0 0 1 
1176 5252.51 530 0.346817 0.653183 1 0 0 1 
1177 5251.89 530 0.351519 0.648481 1 0 0 1 
1178 5251.2 530 0.357471 0.642529 1 0 0 1 
1179 5250.45 530 0.370781 0.629219 1 0 0 1 
1180 5249.64 530 0.394164 0.605836 1 0 0 1 
1181 5248.71 530 0.413507 0.586493 1 0 0 1 
1182 5247.67 530 0.427809 0.572191 1 0 0 1 
1183 5246.52 530 0.43866 0.56134 1 0 0 1 
1184 5245.29 530 0.447176 0.552824 1 0 0 1 
1185 5243.99 530 0.454045 0.545955 1 0 0 1 
1186 5242.64 530 0.459699 0.540301 1 0 0 1 
1187 5241.26 530 0.46441 0.53559 1 0 0 1 
1188 5239.88 530 0.468342 0.531658 1 0 0 1 
1189 5238.52 530 0.471568 0.528432 1 0 0 1 
1190 5237.2 530 0.474051 0.525949 1 0 0 1 
1191 5235.97 530 0.475554 0.524446 1 0 0 1 
1192 5234.86 530 0.475652 0.524348 1 0 0 1 
1193 5233.94 530 0.475769 0.524231 1 0 0 1 
1194 5233.27 530 0.475928 0.524072 1 0 0 1 
1195 5162.92 530 0.480217 0.519783 1 0 0 1 
1196 5092.73 530 0.531829 0.468171 1 0 0 1 
1197 5038.06 530 0.704808 0.295192 1 0 0 1 
1198 5005.49 530 0.878617 0.121383 1 0 0 1 
1199 4990.14 530 0.975259 0.0247408 1 0 0 1 
1200 5476.84 530 0.954595 0.0454051 1 0 0 1 
1201 5478.11 530 0.534029 0.465971 1 0 0 1 
1202 5475.4 530 0.424748 0.575252 1 0 0 1 
1203 5471.45 530 0.383771 0.616229 1 0 0 1 
1204 5465.83 530 0.359668 0.640332 1 0 0 1 
1205 5458.27 530 0.344202 0.655798 1 0 0 1 
1206 5448.65 530 0.334715 0.665285 1 0 0 1 
1207 5436.84 530 0.329488 0.670512 1 0 0 1 
1208 5422.68 530 0.327205 0.672795 1 0 0 1 
1209 5405.93 530 0.326907 0.673093 1 0 0 1 
1210 5386.21 530 0.327984 0.672016 1 0 0 1 
1211 5362.97 530 0.330286 0.669714 1 0 0 1 
1212 5335.4 530 0.33503 0.66497 1 0 0 1 
1213 5303.24 530 0.349226 0.650774 1 0 0 1 
1214 5272.01 530 0.374923 0.625077 1 0 0 1 
1215 5261.72 530 0.431274 0.568726 1 0 0 1 
1216 5256.1 530 0.700176 0.299824 1 0 0 1 
1217 5252.01 530 0.898998 0.101002 1 0 0 1 
1218 5250.21 530 0.607174 0.392826 1 0 0 1 
1219 5248.24 530 0.469892 0.530108 1 0 0 1 
1220 5245.91 530 0.439662 0.560338 1 0 0 1 
1221 5243.38 530 0.43482 0.56518 1 0 0 1 
1222 5240.54 530 0.438904 0.561096 1 0 0 1 
1223 5237.46 530 0.445219 0.554781 1 0 0 1 
1224 5233.99 530 0.451438 0.548562 1 0 0 1 
1225 5230.23 530 0.456994 0.543006 1 0 0 1 
1226 5226.11 530 0.461821 0.538179 1 0 0 1 
1227 5221.58 530 0.465979 0.534021 1 0 0 1 
1228 5216.56 530 0.469533 0.530467 1 0 0 1 
1229 5210.98 530 0.472499 0.527501 1 0 0 1 
1230 5204.68 530 0.474812 0.525188 1 0 0 1 
1231 5197.41 530 0.476224 0.523776 1 0 0 1 
1232 5188.46 530 0.476346 0.523654 1 0 0 1 
1233 5175.6 530 0.47639 0.52361 1 0 0 1 
1234 5150.52 530 0.476485 0.523515 1 0 0 1 
1235 5077.79 530 0.479018 0.520982 1 0 0 1 
1236 5019.39 530 0.497213 0.502787 1 0 0 1 
1237 4967.57 530 0.619164 0.380836 1 0 0 1 
1238 4932.3 530 0.805497 0.194503 1 0 0 1 
1239 4915.21 530 0.950984 0.0490162 1 0 0 1 
1240 5464.31 530 0.986897 0.0131031 1 0 0 1 
1241 5463.34 530 0.788346 0.211654 1 0 0 1 
1242 5463.23 530 0.443184 0.556816 1 0 0 1 
1243 5460.06 530 0.411737 0.588263 1 0 0 1 
1244 5454.67 530 0.389608 0.610392 1 0 0 1 
1245 5447.23 530 0.374306 0.625694 1 0 0 1 
1246 5437.79 530 0.364293 0.635707 1 0 0 1 
1247 5426.28 530 0.358279 0.641721 1 0 0 1 
1248 5412.56 530 0.355246 0.644754 1 0 0 1 
1249 5396.51 530 0.354507 0.645493 1 0 0 1 
1250 5378.01 530 0.355784 0.644216 1 0 0 1 
1251 5356.98 530 0.359479 0.640521 1 0 0 1 
1252 5333.63 530 0.367649 0.632351 1 0 0 1 
1253 5309.07 530 0.381299 0.618701 1 0 0 1 
1254 5286.82 530 0.409583 0.590417 1 0 0 1 
1255 5271.98 530 0.451556 0.548444 1 0 0 1 
1256 5260.28 530 0.665126 0.334874 1 0 0 1 
1257 5250.97 530 0.934207 0.0657927 1 0 0 1 
1258 5245.1 530 0.90341 0.0965903 1 0 0 1 
1259 5240.52 530 0.745609 0.254391 1 0 0 1 
1260 5236.83 530 0.565707 0.434293 1 0 0 1 
1261 5231.64 530 0.482673 0.517327 1 0 0 1 
1262 5225.4 530 0.463234 0.536766 1 0 0 1 
1263 5218.78 530 0.456855 0.543145 1 0 0 1 
1264 5210.89 530 0.4572 0.5428 1 0 0 1 
1265 5202.37 530 0.460085 0.539915 1 0 0 1 
1266 5192.85 530 0.463662 0.536338 1 0 0 1 
1267 5182.12 530 0.467177 0.532823 1 0 0 1 
1268 5169.98 530 0.470376 0.529624 1 0 0 1 
1269 5156.13 530 0.473144 0.526856 1 0 0 1 
1270 5140.19 530 0.475367 0.524633 1 0 0 1 
1271 5121.55 530 0.47681 0.52319 1 0 0 1 
1272 5099.1 530 0.477126 0.522874 1 0 0 1 
1273 5070.63 530 0.477192 0.522808 1 0 0 1 
1274 5031.87 530 0.477273 0.522727 1 0 0 1 
1275 4977.34 530 0.478948 0.521052 1 0 0 1 
1276 4924.55 530 0.491146 0.508854 1 0 0 1 
1277 4879.15 530 0.571684 0.428316 1 0 0 1 
1278 4842.27 530 0.748267 0.251733 1 0 0 1 
1279 4823.73 530 0.925698 0.0743019 1 0 0 1 
1280 5453.23 530 0.99664 0.00336005 1 0 0 1 
1281 5452.33 530 0.93433 0.0656703 1 0 0 1 
1282 5452.55 530 0.572944 0.427056 1 0 0 1 
1283 5449.64 530 0.45545 0.54455 1 0 0 1 
1284 5444.45 530 0.426425 0.573575 1 0 0 1 
1285 5437.15 530 0.40898 0.59102 1 0 0 1 
1286 5427.99 530 0.397521 0.602479 1 0 0 1 
1287 5416.88 530 0.390442 0.609558 1 0 0 1 
1288 5403.72 530 0.386696 0.613304 1 0 0 1 
1289 5388.47 530 0.3857 0.6143 1 0 0 1 
1290 5371.22 530 0.387367 0.612633 1 0 0 1 
1291 5352.2 530 0.3923 0.6077 1 0 0 1 
1292 5331.92 530 0.402286 0.597714 1 0 0 1 
1293 5311.35 530 0.418385 0.581615 1 0 0 1 
1294 5291.95 530 0.455411 0.544589 1 0 0 1 
1295 5274.77 530 0.67768 0.32232 1 0 0 1 
1296 5259.88 530 0.919485 0.0805154 1 0 0 1 
1297 5249.33 530 0.984395 0.0156046 1 0 0 1 
1298 5240.3 530 0.985691 0.0143087 1 0 0 1 
1299 5231.68 530 0.941061 0.0589387 1 0 0 1 
1300 5223.27 530 0.838263 0.161737 1 0 0 1 
1301 5215.67 530 0.706351 0.293649 1 0 0 1 
1302 5208.59 530 0.576413 0.423587 1 0 0 1 
1303 5200.04 530 0.500334 0.499666 1 0 0 1 
1304 5187.36 530 0.478425 0.521575 1 0 0 1 
1305 5174.64 530 0.470271 0.529729 1 0 0 1 
1306 5160.05 530 0.468475 0.531525 1 0 0 1 
1307 5143.35 530 0.469422 0.530578 1 0 0 1 
1308 5124.45 530 0.471448 0.528552 1 0 0 1 
1309 5102.72 530 0.473703 0.526297 1 0 0 1 
1310 5077.71 530 0.475742 0.524258 1 0 0 1 
1311 5048.77 530 0.477228 0.522772 1 0 0 1 
1312 5014.92 530 0.477813 0.522187 1 0 0 1 
1313 4974.98 530 0.477978 0.522022 1 0 0 1 
1314 4927.83 530 0.478062 0.521938 1 0 0 1 
1315 4874.15 530 0.47918 0.52082 1 0 0 1 
1316 4821.42 530 0.487592 0.512408 1 0 0 1 
1317 4776 530 0.540365 0.459635 1 0 0 1 
1318 4735.45 530 0.700776 0.299224 1 0 0 1 
1319 4714.45 530 0.899428 0.100572 1 0 0 1 
1320 5443.22 530 0.999226 0.000773679 1 0 0 1 
1321 5442.01 530 0.983152 0.0168483 1 0 0 1 
1322 5439.93 530 0.856083 0.143917 1 0 0 1 
1323 5438.67 530 0.608483 0.391517 1 0 0 1 
1324 5434.92 530 0.487327 0.512673 1 0 0 1 
1325 5427.66 530 0.459669 0.540331 1 0 0 1 
1326 5418.95 530 0.442545 0.557455 1 0 0 1 
1327 5408.38 530 0.432737 0.567263 1 0 0 1 
1328 5395.8 530 0.427722 0.572278 1 0 0 1 
1329 5381.27 530 0.426547 0.573453 1 0 0 1 
1330 5364.98 530 0.429274 0.570726 1 0 0 1 
1331 5347.36 530 0.437774 0.562226 1 0 0 1 
1332 5329.09 530 0.458263 0.541737 1 0 0 1 
1333 5310.46 530 0.544768 0.455232 1 0 0 1 
1334 5289.19 530 0.765595 0.234405 1 0 0 1 
1335 5272.99 530 0.936509 0.0634909 1 0 0 1 
1336 5259.27 530 0.987088 0.0129121 1 0 0 1 
1337 5247.06 530 0.997312 0.00268837 1 0 0 1 
1338 5235.57 530 0.998318 0.00168217 1 0 0 1 
1339 5224.16 530 0.990983 0.00901712 1 0 0 1 
1340 5212.39 530 0.964992 0.035008 1 0 0 1 
1341 5200.17 530 0.910442 0.0895575 1 0 0 1 
1342 5187.42 530 0.820376 0.179624 1 0 0 1 
1343 5174.29 530 0.716412 0.283588 1 0 0 1 
1344 5161.76 530 0.607209 0.392791 1 0 0 1 
1345 5147.23 530 0.530658 0.469342 1 0 0 1 
1346 5128.25 530 0.491183 0.508817 1 0 0 1 
1347 5105.91 530 0.481469 0.518531 1 0 0 1 
1348 5080.98 530 0.477244 0.522756 1 0 0 1 
1349 5051.87 530 0.476361 0.523639 1 0 0 1 
1350 5018.47 530 0.476952 0.523048 1 0 0 1 
1351 4980.16 530 0.477894 0.522106 1 0 0 1 
1352 4936 530 0.478484 0.521516 1 0 0 1 
1353 4885.62 530 0.478742 0.521258 1 0 0 1 
1354 4829.31 530 0.47886 0.52114 1 0 0 1 
1355 4769.02 530 0.479593 0.520407 1 0 0 1 
1356 4709.96 530 0.485326 0.514674 1 0 0 1 
1357 4658.69 530 0.517101 0.482899 1 0 0 1 
1358 4610.73 530 0.658076 0.341924 1 0 0 1 
1359 4585.16 530 0.870123 0.129877 1 0 0 1 
1360 5434.49 530 0.999846 0.000154196 1 0 0 1 
1361 5433.14 530 0.996474 0.00352585 1 0 0 1 
1362 5430.44 530 0.968552 0.0314481 1 0 0 1 
1363 5426.8 530 0.875477 0.124523 1 0 0 1 
1364 5422.57 530 0.748954 0.251046 1 0 0 1 
1365 5417.36 530 0.638803 0.361197 1 0 0 1 
1366 5409.96 530 0.57729 0.42271 1 0 0 1 
1367 5400.2 530 0.547225 0.452775 1 0 0 1 
1368 5388.17 530 0.537483 0.462517 1 0 0 1 
1369 5374.05 530 0.545231 0.454769 1 0 0 1 
1370 5358.08 530 0.574563 0.425437 1 0 0 1 
1371 5340.63 530 0.637424 0.362576 1 0 0 1 
1372 5322.34 530 0.752214 0.247786 1 0 0 1 
1373 5304.34 530 0.889765 0.110235 1 0 0 1 
1374 5287.63 530 0.968988 0.0310119 1 0 0 1 
1375 5272.3 530 0.993029 0.00697122 1 0 0 1 
1376 5257.97 530 0.998472 0.0015277 1 0 0 1 
1377 5244.32 530 0.999642 0.000358418 1 0 0 1 
1378 5230.94 530 0.999826 0.000173646 1 0 0 1 
1379 5217.37 530 0.998966 0.0010341 1 0 0 1 
1380 5203.19 530 0.994675 0.00532532 1 0 0 1 
1381 5188.05 530 0.982218 0.0177824 1 0 0 1 
1382 5171.67 530 0.954393 0.0456075 1 0 0 1 
1383 5153.96 530 0.905181 0.0948185 1 0 0 1 
1384 5134.96 530 0.830427 0.169573 1 0 0 1 
1385 5114.43 530 0.739139 0.260861 1 0 0 1 
1386 5092.65 530 0.648496 0.351504 1 0 0 1 
1387 5068.77 530 0.56874 0.43126 1 0 0 1 
1388 5040.34 530 0.516632 0.483368 1 0 0 1 
1389 5004.28 530 0.491604 0.508396 1 0 0 1 
1390 4963.26 530 0.485483 0.514517 1 0 0 1 
1391 4916.57 530 0.482375 0.517625 1 0 0 1 
1392 4862.48 530 0.480976 0.519024 1 0 0 1 
1393 4801.3 530 0.480341 0.519659 1 0 0 1 
1394 4733.77 530 0.48005 0.51995 1 0 0 1 
1395 4661.62 530 0.480314 0.519686 1 0 0 1 
1396 4589.59 530 0.483962 0.516038 1 0 0 1 
1397 4525.11 530 0.499134 0.500866 1 0 0 1 
1398 4465.27 530 0.618111 0.381889 1 0 0 1 
1399 4431.48 530 0.83524 0.16476 1 0 0 1 
1400 5427.19 530 0.999975 2.54976e-005 1 0 0 1 
1401 5425.8 530 0.999411 0.000589236 1 0 0 1 
1402 5422.99 530 0.994859 0.00514139 1 0 0 1 
1403 5418.84 530 0.976901 0.0230991 1 0 0 1 
1404 5413.43 530 0.940753 0.0592466 1 0 0 1 
1405 5406.67 530 0.897449 0.102551 1 0 0 1 
1406 5398.35 530 0.861824 0.138176 1 0 0 1 
1407 5388.36 530 0.842427 0.157573 1 0 0 1 
1408 5376.73 530 0.841171 0.158829 1 0 0 1 
1409 5363.61 530 0.857818 0.142182 1 0 0 1 
1410 5349.26 530 0.890176 0.109824 1 0 0 1 
1411 5334 530 0.931368 0.0686324 1 0 0 1 
1412 5318.19 530 0.968694 0.0313063 1 0 0 1 
1413 5302.22 530 0.989777 0.0102226 1 0 0 1 
1414 5286.45 530 0.99732 0.0026801 1 0 0 1 
1415 5271.12 530 0.999354 0.00064558 1 0 0 1 
1416 5256.16 530 0.999845 0.000155286 1 0 0 1 
1417 5241.42 530 0.99996 3.9649e-005 1 0 0 1 
1418 5226.59 530 0.999984 1.60605e-005 1 0 0 1 
1419 5211.33 530 0.999909 9.14834e-005 1 0 0 1 
1420 5195.24 530 0.999389 0.000611411 1 0 0 1 
1421 5177.96 530 0.997422 0.0025777 1 0 0 1 
1422 5159.09 530 0.991913 0.00808746 1 0 0 1 
1423 5138.31 530 0.979338 0.0206623 1 0 0 1 
1424 5115.3 530 0.95461 0.0453898 1 0 0 1 
1425 5089.75 530 0.912329 0.0876715 1 0 0 1 
1426 5061.45 530 0.850797 0.149203 1 0 0 1 
1427 5030 530 0.771651 0.228349 1 0 0 1 
1428 4994.82 530 0.689048 0.310952 1 0 0 1 
1429 4955.87 530 0.614019 0.385981 1 0 0 1 
1430 4911.44 530 0.553964 0.446036 1 0 0 1 
1431 4858.97 530 0.51383 0.48617 1 0 0 1 
1432 4794.89 530 0.493862 0.506138 1 0 0 1 
1433 4722.29 530 0.488092 0.511908 1 0 0 1 
1434 4641.77 530 0.484647 0.515353 1 0 0 1 
1435 4552.91 530 0.482907 0.517093 1 0 0 1 
1436 4460.36 530 0.48408 0.51592 1 0 0 1 
1437 4371.27 530 0.494355 0.505645 1 0 0 1 
1438 4294.55 530 0.57938 0.42062 1 0 0 1 
1439 4245.35 530 0.791809 0.208191 1 0 0 1 
1440 5421.35 530 0.999997 3.32873e-006 1 0 0 1 
1441 5419.95 530 0.999924 7.60061e-005 1 0 0 1 
1442 5417.15 530 0.999357 0.000642675 1 0 0 1 
1443 5412.95 530 0.996991 0.00300905 1 0 0 1 
1444 5407.38 530 0.991551 0.00844922 1 0 0 1 
1445 5400.4 530 0.984802 0.015198 1 0 0 1 
1446 5392 530 0.979066 0.0209339 1 0 0 1 
1447 5382.17 530 0.976468 0.0235324 1 0 0 1 
1448 5370.99 530 0.977743 0.0222569 1 0 0 1 
1449 5358.57 530 0.982298 0.0177021 1 0 0 1 
1450 5345.1 530 0.988452 0.0115479 1 0 0 1 
1451 5330.77 530 0.994061 0.00593949 1 0 0 1 
1452 5315.83 530 0.99767 0.00233008 1 0 0 1 
1453 5300.52 530 0.999275 0.000724714 1 0 0 1 
1454 5285.08 530 0.999805 0.00019535 1 0 0 1 
1455 5269.66 530 0.99995 4.96848e-005 1 0 0 1 
1456 5254.24 530 0.999987 1.27228e-005 1 0 0 1 
1457 5238.68 530 0.999997 3.45915e-006 1 0 0 1 
1458 5222.77 530 0.999999 1.26863e-006 1 0 0 1 
1459 5206.2 530 0.999994 6.13815e-006 1 0 0 1 
1460 5188.62 530 0.999947 5.25395e-005 1 0 0 1 
1461 5169.64 530 0.999723 0.000277134 1 0 0 1 
1462 5148.88 530 0.998946 0.00105423 1 0 0 1 
1463 5125.9 530 0.996782 0.0032184 1 0 0 1 
1464 5100.24 530 0.991614 0.00838611 1 0 0 1 
1465 5071.4 530 0.980677 0.0193228 1 0 0 1 
1466 5038.87 530 0.960131 0.0398686 1 0 0 1 
1467 5002.05 530 0.92543 0.0745695 1 0 0 1 
1468 4960.35 530 0.874186 0.125814 1 0 0 1 
1469 4913.19 530 0.808487 0.191513 1 0 0 1 
1470 4859.56 530 0.733469 0.266531 1 0 0 1 
1471 4798.21 530 0.66108 0.33892 1 0 0 1 
1472 4728.61 530 0.597442 0.402558 1 0 0 1 
1473 4648.98 530 0.546527 0.453473 1 0 0 1 
1474 4556.41 530 0.510506 0.489494 1 0 0 1 
1475 4446.33 530 0.49439 0.50561 1 0 0 1 
1476 4325.99 530 0.489661 0.510339 1 0 0 1 
1477 4202.43 530 0.492995 0.507005 1 0 0 1 
1478 4089.74 530 0.546399 0.453601 1 0 0 1 
1479 4011.43 530 0.739301 0.260699 1 0 0 1 
1480 5416.97 530 1 3.19841e-007 1 0 0 1 
1481 5415.58 530 0.999993 7.11874e-006 1 0 0 1 
1482 5412.8 530 0.999942 5.8479e-005 1 0 0 1 
1483 5408.62 530 0.999722 0.000278026 1 0 0 1 
1484 5403.07 530 0.999189 0.000810687 1 0 0 1 
1485 5396.14 530 0.998555 0.00144508 1 0 0 1 
1486 5387.85 530 0.998071 0.00192946 1 0 0 1 
1487 5378.24 530 0.997937 0.0020633 1 0 0 1 
1488 5367.38 530 0.998187 0.00181331 1 0 0 1 
1489 5355.37 530 0.998692 0.00130831 1 0 0 1 
1490 5342.36 530 0.999238 0.000762078 1 0 0 1 
1491 5328.52 530 0.999648 0.000351979 1 0 0 1 
1492 5314.03 530 0.999871 0.000129172 1 0 0 1 
1493 5299.07 530 0.99996 3.95129e-005 1 0 0 1 
1494 5283.79 530 0.999989 1.08239e-005 1 0 0 1 
1495 5268.28 530 0.999997 2.84628e-006 1 0 0 1 
1496 5252.52 530 0.999999 7.62074e-007 1 0 0 1 
1497 5236.39 530 1 2.1822e-007 1 0 0 1 
1498 5219.7 530 1 7.72529e-008 1 0 0 1 
1499 5202.16 530 1 2.96323e-007 1 0 0 1 
1500 5183.46 530 0.999997 3.20529e-006 1 0 0 1 
1501 5163.22 530 0.999979 2.11103e-005 1 0 0 1 
1502 5141.03 530 0.999903 9.74856e-005 1 0 0 1 
1503 5116.41 530 0.999646 0.00035436 1 0 0 1 
1504 5088.86 530 0.998914 0.0010862 1 0 0 1 
1505 5057.78 530 0.997073 0.00292745 1 0 0 1 
1506 5022.52 530 0.99291 0.0070904 1 0 0 1 
1507 4982.3 530 0.984347 0.0156529 1 0 0 1 
1508 4936.26 530 0.968372 0.0316285 1 0 0 1 
1509 4883.44 530 0.941536 0.0584638 1 0 0 1 
1510 4822.64 530 0.900719 0.099281 1 0 0 1 
1511 4752.52 530 0.845823 0.154177 1 0 0 1 
1512 4671.5 530 0.780013 0.219987 1 0 0 1 
1513 4577.44 530 0.708346 0.291654 1 0 0 1 
1514 4467.63 530 0.639789 0.360211 1 0 0 1 
1515 4340.4 530 0.578396 0.421604 1 0 0 1 
1516 4192.31 530 0.531452 0.468548 1 0 0 1 
1517 4019.81 530 0.50875 0.49125 1 0 0 1 
1518 3837.27 530 0.53537 0.46463 1 0 0 1 
1519 3700.4 530 0.68428 0.31572 1 0 0 1 
1520 5414.06 530 1 2.00342e-008 1 0 0 1 
1521 5412.67 530 1 4.31262e-007 1 0 0 1 
1522 5409.9 530 0.999997 3.4535e-006 1 0 0 1 
1523 5405.75 530 0.999984 1.64502e-005 1 0 0 1 
1524 5400.24 530 0.999951 4.88995e-005 1 0 0 1 
1525 5393.37 530 0.999915 8.53217e-005 1 0 0 1 
1526 5385.18 530 0.999891 0.000109144 1 0 0 1 
1527 5375.72 530 0.99989 0.000110217 1 0 0 1 
1528 5365.05 530 0.99991 9.01404e-005 1 0 0 1 
1529 5353.29 530 0.99994 5.97579e-005 1 0 0 1 
1530 5340.56 530 0.999968 3.18429e-005 1 0 0 1 
1531 5327.01 530 0.999986 1.36078e-005 1 0 0 1 
1532 5312.77 530 0.999995 4.75621e-006 1 0 0 1 
1533 5298.01 530 0.999999 1.42827e-006 1 0 0 1 
1534 5282.81 530 1 3.92584e-007 1 0 0 1 
1535 5267.23 530 1 1.05196e-007 1 0 0 1 
1536 5251.25 530 1 2.90797e-008 1 0 0 1 
1537 5234.75 530 1 8.70036e-009 1 0 0 1 
1538 5217.55 530 1 3.09479e-009 1 0 0 1 
1539 5199.38 530 1 9.20293e-009 1 0 0 1 
1540 5179.94 530 1 1.24001e-007 1 0 0 1 
1541 5158.85 530 0.999999 1.02001e-006 1 0 0 1 
1542 5135.68 530 0.999994 5.73449e-006 1 0 0 1 
1543 5109.96 530 0.999975 2.48948e-005 1 0 0 1 
1544 5081.14 530 0.99991 8.99427e-005 1 0 0 1 
1545 5048.58 530 0.999717 0.000283219 1 0 0 1 
1546 5011.56 530 0.999201 0.00079891 1 0 0 1 
1547 4969.22 530 0.997946 0.00205393 1 0 0 1 
1548 4920.54 530 0.995139 0.00486132 1 0 0 1 
1549 4864.33 530 0.98936 0.0106399 1 0 0 1 
1550 4799.1 530 0.978372 0.0216277 1 0 0 1 
1551 4723.02 530 0.959197 0.0408034 1 0 0 1 
1552 4633.77 530 0.928517 0.071483 1 0 0 1 
1553 4528.19 530 0.883399 0.116601 1 0 0 1 
1554 4401.98 530 0.823474 0.176526 1 0 0 1 
1555 4249.16 530 0.751303 0.248697 1 0 0 1 
1556 4060.79 530 0.674508 0.325492 1 0 0 1 
1557 3825.58 530 0.608118 0.391882 1 0 0 1 
1558 3540.57 530 0.577049 0.422951 1 0 0 1 
1559 3252.91 530 0.648761 0.351239 1 0 0 1 
1560 5412.61 530 1 6.12393e-010 1 0 0 1 
1561 5411.22 530 1 1.27e-008 1 0 0 1 
1562 5408.46 530 1 9.93794e-008 1 0 0 1 
1563 5404.32 530 1 4.69694e-007 1 0 0 1 
1564 5398.83 530 0.999999 1.40823e-006 1 0 0 1 
1565 5391.99 530 0.999998 2.39167e-006 1 0 0 1 
1566 5383.86 530 0.999997 2.92247e-006 1 0 0 1 
1567 5374.47 530 0.999997 2.78382e-006 1 0 0 1 
1568 5363.9 530 0.999998 2.12416e-006 1 0 0 1 
1569 5352.26 530 0.999999 1.30391e-006 1 0 0 1 
1570 5339.66 530 0.999999 6.43503e-007 1 0 0 1 
1571 5326.24 530 1 2.57619e-007 1 0 0 1 
1572 5312.13 530 1 8.61053e-008 1 0 0 1 
1573 5297.45 530 1 2.52379e-008 1 0 0 1 
1574 5282.28 530 1 6.88255e-009 1 0 0 1 
1575 5266.67 530 1 1.85541e-009 1 0 0 1 
1576 5250.58 530 1 5.23473e-010 1 0 0 1 
1577 5233.9 530 1 1.62389e-010 1 0 0 1 
1578 5216.44 530 1 5.92916e-011 1 0 0 1 
1579 5197.96 530 1 1.3815e-010 1 0 0 1 
1580 5178.15 530 1 2.28461e-009 1 0 0 1 
1581 5156.63 530 1 2.35139e-008 1 0 0 1 
1582 5132.97 530 1 1.61457e-007 1 0 0 1 
1583 5106.69 530 0.999999 8.40536e-007 1 0 0 1 
1584 5077.23 530 0.999996 3.59439e-006 1 0 0 1 
1585 5043.92 530 0.999987 1.32775e-005 1 0 0 1 
1586 5006.02 530 0.999956 4.37123e-005 1 0 0 1 
1587 4962.62 530 0.999869 0.000130919 1 0 0 1 
1588 4912.65 530 0.999638 0.00036163 1 0 0 1 
1589 4854.81 530 0.999071 0.000929219 1 0 0 1 
1590 4787.46 530 0.997763 0.00223671 1 0 0 1 
1591 4708.51 530 0.994933 0.00506727 1 0 0 1 
1592 4615.15 530 0.989147 0.010853 1 0 0 1 
1593 4503.47 530 0.977944 0.0220559 1 0 0 1 
1594 4367.68 530 0.95752 0.0424805 1 0 0 1 
1595 4198.64 530 0.922745 0.0772547 1 0 0 1 
1596 3980.69 530 0.868509 0.131491 1 0 0 1 
1597 3684.38 530 0.794491 0.205509 1 0 0 1 
1598 3247.79 530 0.714677 0.285323 1 0 0 1 
1599 2514.94 530 0.688946 0.311054 1 0 0 1 
64628.7 0 

6000 
0
100
0 -26215.8 

2500 
0
100
16701.2 569.465 
