NumOfReservoirs  1

RESERVOIR_NAME FIELD


GRID_DATA

GRIDSIZE  10 1 1

DX
	30 

DY
	30 

DZ
	100 

PERMX
	300 

PERMY
	300 

PERMZ
	30 

PORO
	0.28 

TOPS
	500

TEMP
	540

THCOND
	40

END


FLUID_DATA
FLUID_TYPE BLACK_OIL_THERMAL
NPHASES 2
NCOMPONENTS 2

PHASE_NAME OIL
STANDARD_DENS 45.000000
NUM_OF_TABLE_ENTRIES 26
#     P(Psi)  Bo(RB/STB)    VISC(cP)  Rgo(SCF/STB)
14.7	1.03	1.195	0
1014.7	1.0106	1.197	0
2014.7	0.990006	1.19661176	0
2114.7	0.988006	1.19669176	0
2214.7	0.986006	1.19677176	0
2314.7	0.984006	1.19685176	0
2414.7	0.982006	1.19693176	0
2514.7	0.980006	1.19701176	0
2614.7	0.978006	1.19709176	0
2714.7	0.976006	1.19717176	0
2814.7	0.974006	1.19725176	0
2914.7	0.972006	1.19733176	0
3014.7	0.970006	1.19741176	0
3114.7	0.968006	1.19749176	0
3214.7	0.966006	1.19757176	0
3314.7	0.964006	1.19765176	0
3414.7	0.962006	1.19773176	0
3514.7	0.960006	1.19781176	0
3614.7	0.958006	1.19789176	0
3714.7	0.956006	1.19797176	0
3814.7	0.954006	1.19805176	0
3914.7	0.952006	1.19813176	0
4014.7	0.950006	1.19821176	0
5014.7	0.9367	1.200277	0
6014.7	0.919	1.200333	0
7014.7	0.9017	1.200388	0

PREF 3014.7
TREF 660
NUM_OF_TABLE_ENTRIES 13
#     T(R)  Bo(RB/STB)    VISC(cP)  SPECH(SCF/STB)
539     0.750006	3.0	0.5
550	0.760006	2.775	0.5
560	0.770006	2.55	0.5
570	0.780006	2.325	0.5
580	0.830006	2.1	0.5
590	0.850006	1.875	0.5
600	0.870006	1.65	0.5
610	0.900006	1.425	0.5
620	0.930006	1.2	0.5
630	0.940006	0.975	0.5
640	0.950006	0.75	0.5
650	0.960006	0.525	0.5
661     0.970006	0.300	0.5

#----------------------------------

PHASE_NAME WATER
STANDARD_DENS 63.020000
NUM_OF_TABLE_ENTRIES 26
#    P(Psia)  Bw(RB/STB)    VISC(cP)  Rgw(SCF/STB)
         14.7	1.012436679	0.96	0
1014.7	1.009404006	0.96	0
2014.7	1.006380363	0.96	0
2114.7	1.006078496	0.96	0
2214.7	1.005776718	0.96	0
2314.7	1.005475031	0.96	0
2414.7	1.005173434	0.96	0
2514.7	1.004871928	0.96	0
2614.7	1.004570512	0.96	0
2714.7	1.004269186	0.96	0
2814.7	1.003967951	0.96	0
2914.7	1.003666805	0.96	0
3014.7	1.003365751	0.96	0
3114.7	1.003064786	0.96	0
3214.7	1.002763912	0.96	0
3314.7	1.002463128	0.96	0
3414.7	1.002162434	0.96	0
3514.7	1.001861831	0.96	0
3614.7	1.001561318	0.96	0
3714.7	1.001260895	0.96	0
3814.7	1.000960563	0.96	0
3914.7	1.00066032	0.96	0
4014.7	1.000360169	0.96	0
5014.7	0.997363617	0.96	0
6014.7	0.994376095	0.96	0
7014.7	0.991397602	0.96	0

PREF 3014.7
TREF 660
NUM_OF_TABLE_ENTRIES 13
539     1.003365751	1.2	1.5
550	1.003365751	1.169	1.5
560	1.003365751	1.14	1.5
570	1.003365751	1.111	1.5
580	1.003365751	1.082	1.5
590	1.003365751	1.053	1.5
600	1.003365751	1.024	1.5
610	1.003365751	0.995	1.5
620	1.003365751	0.966	1.5
630	1.003365751	0.937	1.5
640	1.003365751	0.908	1.5
650	1.003365751	0.879	1.5
661  	1.003365751	0.85	1.5

#----------------------------------

END


PHASE_COMP_RELATION_DATA
# --- component phase relation (nPhases by nComps)
#comp:  oil  water
         1    0   #oil
         0    1   #water

END


ROCKFLUID_DATA

OW
NUM_OF_TABLE_ENTRIES 8
#   Sw        Krw       Krow      Pcow
    0.220000  0.000000  1.000000  0.000000
    0.300000  0.070000  0.400000  0.000000
    0.400000  0.150000  0.125000  0.000000
    0.500000  0.240000  0.064900  0.000000
    0.600000  0.330000  0.004800  0.000000
    0.800000  0.650000  0.000000  0.000000
    0.900000  0.830000  0.000000  0.000000
    1.000000  1.000000  0.000000  0.000000
#----------------------------------
END


ROCK_DATA
#    Compr.(1/Psia)    @Ref.press.(Psia)
    0.000004        3000.000000  35  430
END

EQUILIBRIUM_DATA
#   Swi     Sor     Sgr
    0.22    0.0    0.0
#   press   @depth     WOC    GOC
  3000.000000  500.000000  600.000000  500.000000
END


END_RESERVOIR

END_RESERVOIRS
