NumOfReservoirs  1

RESERVOIR_NAME FIELD


GRID_DATA

GRIDSIZE  10 1 1

DX
	30 

DY
	30 

DZ
	100 

PERMX
	300 

PERMY
	300 

PERMZ
	30 

PORO
	0.28 

TOPS
	500

TEMP
	660


END


FLUID_DATA
FLUID_TYPE BLACK_OIL
NPHASES 2
NCOMPONENTS 2

PHASE_NAME OIL
STANDARD_DENS 45.000000
NUM_OF_TABLE_ENTRIES 26
#     P(Psi)  Bo(RB/STB)    VISC(cP)  Rgo(SCF/STB)
14.7	1.03	1.195	0
1014.7	1.0106	1.197	0
2014.7	0.990006	1.19661176	0
2114.7	0.988006	1.19669176	0
2214.7	0.986006	1.19677176	0
2314.7	0.984006	1.19685176	0
2414.7	0.982006	1.19693176	0
2514.7	0.980006	1.19701176	0
2614.7	0.978006	1.19709176	0
2714.7	0.976006	1.19717176	0
2814.7	0.974006	1.19725176	0
2914.7	0.972006	1.19733176	0
3014.7	0.970006	1.19741176	0
3114.7	0.968006	1.19749176	0
3214.7	0.966006	1.19757176	0
3314.7	0.964006	1.19765176	0
3414.7	0.962006	1.19773176	0
3514.7	0.960006	1.19781176	0
3614.7	0.958006	1.19789176	0
3714.7	0.956006	1.19797176	0
3814.7	0.954006	1.19805176	0
3914.7	0.952006	1.19813176	0
4014.7	0.950006	1.19821176	0
5014.7	0.9367	1.200277	0
6014.7	0.919	1.200333	0
7014.7	0.9017	1.200388	0

#----------------------------------

PHASE_NAME WATER
STANDARD_DENS 63.020000
NUM_OF_TABLE_ENTRIES 26
#    P(Psia)  Bw(RB/STB)    VISC(cP)  Rgw(SCF/STB)
         14.7	1.012436679	0.96	0
1014.7	1.009404006	0.96	0
2014.7	1.006380363	0.96	0
2114.7	1.006078496	0.96	0
2214.7	1.005776718	0.96	0
2314.7	1.005475031	0.96	0
2414.7	1.005173434	0.96	0
2514.7	1.004871928	0.96	0
2614.7	1.004570512	0.96	0
2714.7	1.004269186	0.96	0
2814.7	1.003967951	0.96	0
2914.7	1.003666805	0.96	0
3014.7	1.003365751	0.96	0
3114.7	1.003064786	0.96	0
3214.7	1.002763912	0.96	0
3314.7	1.002463128	0.96	0
3414.7	1.002162434	0.96	0
3514.7	1.001861831	0.96	0
3614.7	1.001561318	0.96	0
3714.7	1.001260895	0.96	0
3814.7	1.000960563	0.96	0
3914.7	1.00066032	0.96	0
4014.7	1.000360169	0.96	0
5014.7	0.997363617	0.96	0
6014.7	0.994376095	0.96	0
7014.7	0.991397602	0.96	0

#----------------------------------

END

PHASE_COMP_RELATION_DATA
# --- component phase relation (nPhases by nComps)
#comp:  oil  water
         1    0   #oil
         0    1   #water

END


ROCKFLUID_DATA

OW
NUM_OF_TABLE_ENTRIES 8
#   Sw        Krw       Krow      Pcow
    0.220000  0.000000  1.000000  0.000000
    0.300000  0.070000  0.400000  0.000000
    0.400000  0.150000  0.125000  0.000000
    0.500000  0.240000  0.064900  0.000000
    0.600000  0.330000  0.004800  0.000000
    0.800000  0.650000  0.000000  0.000000
    0.900000  0.830000  0.000000  0.000000
    1.000000  1.000000  0.000000  0.000000
#----------------------------------
END


ROCK_DATA
#    Compr.(1/Psia)    @Ref.press.(Psia)
    0.000004        3000.000000 
END

EQUILIBRIUM_DATA
#   Swi     Sor     Sgr
    0.22    0.0    0.0
#   press   @depth     WOC    GOC
  3000.000000  500.000000  600.000000  500.000000
END


END_RESERVOIR

END_RESERVOIRS
