200
0 5997.46 530 7.26294e-018 1 1 0 0 1 
1 5870.58 530 1.81227e-017 1 1 0 0 1 
2 5793.47 530 2.0555e-013 1 1 0 0 1 
3 5733.49 530 3.30855e-011 1 1 0 0 1 
4 5706.31 530 1.40501e-009 1 1 0 0 1 
5 5705.94 530 0.211176 0.788824 1 0 0 1 
6 5704.75 530 0.321489 0.678511 1 0 0 1 
7 5703.07 530 0.387917 0.612083 1 0 0 1 
8 5700.57 530 0.421171 0.578829 1 0 0 1 
9 5697.05 530 0.443124 0.556876 1 0 0 1 
10 5692.46 530 0.443231 0.556769 1 0 0 1 
11 5686.44 530 0.45868 0.54132 1 0 0 1 
12 5680.16 530 0.477346 0.522654 1 0 0 1 
13 5673.05 530 0.449121 0.550879 1 0 0 1 
14 5665.38 530 0.460605 0.539395 1 0 0 1 
15 5657.56 530 0.4686 0.5314 1 0 0 1 
16 5649.63 530 0.451389 0.548611 1 0 0 1 
17 5641.65 530 0.457735 0.542265 1 0 0 1 
18 5633.9 530 0.463772 0.536228 1 0 0 1 
19 5626.25 530 0.469897 0.530103 1 0 0 1 
20 5618.59 530 0.465662 0.534338 1 0 0 1 
21 5610.9 530 0.47476 0.52524 1 0 0 1 
22 5603.3 530 0.47481 0.52519 1 0 0 1 
23 5595.48 530 0.515378 0.484622 1 0 0 1 
24 5586.38 530 0.55193 0.44807 1 0 0 1 
25 5576.41 530 0.721577 0.278423 1 0 0 1 
26 5567.61 530 0.841459 0.158541 1 0 0 1 
27 5560.34 530 0.952512 0.0474882 1 0 0 1 
28 5554.18 530 0.985938 0.0140622 1 0 0 1 
29 5548.11 530 0.996938 0.00306189 1 0 0 1 
30 5542.97 530 0.999437 0.000562727 1 0 0 1 
31 5538.42 530 0.999888 0.000112431 1 0 0 1 
32 5534.24 530 0.999985 1.52452e-005 1 0 0 1 
33 5530.68 530 0.999998 2.02256e-006 1 0 0 1 
34 5527.5 530 1 1.93697e-007 1 0 0 1 
35 5524.94 530 1 1.52715e-008 1 0 0 1 
36 5522.77 530 1 9.42691e-010 1 0 0 1 
37 5521.25 530 1 3.61972e-011 1 0 0 1 
38 5520.11 530 1 1.11987e-012 1 0 0 1 
39 5519.55 530 1 1.67191e-014 1 0 0 1 
40 5870.07 530 1.92934e-017 1 1 0 0 1 
41 5820.79 530 4.02181e-014 1 1 0 0 1 
42 5727.76 530 1.1849e-008 1 1 0 0 1 
43 5706.2 530 1.10567e-008 1 1 0 0 1 
44 5705.96 530 0.311268 0.688732 1 0 0 1 
45 5703.44 530 0.445097 0.554903 1 0 0 1 
46 5701.09 530 0.4295 0.5705 1 0 0 1 
47 5697.45 530 0.411245 0.588755 1 0 0 1 
48 5679.86 530 0.331337 0.668663 1 0 0 1 
49 5664.8 530 0.411999 0.588001 1 0 0 1 
50 5657.1 530 0.389179 0.610821 1 0 0 1 
51 5641.02 530 0.41635 0.58365 1 0 0 1 
52 5633.39 530 0.426142 0.573858 1 0 0 1 
53 5625.83 530 0.436129 0.563871 1 0 0 1 
54 5610.16 530 0.439562 0.560438 1 0 0 1 
55 5594.63 530 0.453071 0.546929 1 0 0 1 
56 5577.93 530 0.564293 0.435707 1 0 0 1 
57 5560.09 530 0.920849 0.0791509 1 0 0 1 
58 5542.38 530 0.999055 0.000944569 1 0 0 1 
59 5533.62 530 0.999979 2.10283e-005 1 0 0 1 
60 5526.88 530 1 1.83284e-007 1 0 0 1 
61 5522.1 530 1 5.03255e-010 1 0 0 1 
62 5519.52 530 1 6.93166e-012 1 0 0 1 
63 5518.99 530 1 1.01089e-013 1 0 0 1 
64 5791.94 530 3.88814e-015 1 1 0 0 1 
65 5772.78 530 1.54889e-011 1 1 0 0 1 
66 5716.84 530 5.498e-005 0.999945 1 0 0 1 
67 5706.01 530 1.2299e-005 0.999988 1 0 0 1 
68 5705.84 530 0.331523 0.668477 1 0 0 1 
69 5705.12 530 0.423415 0.576585 1 0 0 1 
70 5704.01 530 0.410381 0.589619 1 0 0 1 
71 5702.29 530 0.323015 0.676985 1 0 0 1 
72 5693.56 530 0.209691 0.790309 1 0 0 1 
73 5686.61 530 0.235851 0.764149 1 0 0 1 
74 5664.07 530 0.281317 0.718683 1 0 0 1 
75 5648.51 530 0.345444 0.654556 1 0 0 1 
76 5640.35 530 0.35944 0.64056 1 0 0 1 
77 5632.45 530 0.37349 0.62651 1 0 0 1 
78 5624.67 530 0.387005 0.612995 1 0 0 1 
79 5616.87 530 0.408511 0.591489 1 0 0 1 
80 5601.4 530 0.420482 0.579518 1 0 0 1 
81 5586.06 530 0.448681 0.551319 1 0 0 1 
82 5568.64 530 0.6916 0.3084 1 0 0 1 
83 5552.98 530 0.96457 0.0354299 1 0 0 1 
84 5546.63 530 0.990727 0.00927278 1 0 0 1 
85 5536.8 530 0.999721 0.000278971 1 0 0 1 
86 5528.98 530 0.999997 3.35079e-006 1 0 0 1 
87 5523.32 530 1 1.54734e-008 1 0 0 1 
88 5521.01 530 1 7.73368e-010 1 0 0 1 
89 5518.44 530 1 8.40368e-012 1 0 0 1 
90 5517.88 530 1 1.28597e-013 1 0 0 1 
91 5732.94 530 1.73258e-011 1 1 0 0 1 
92 5727.24 530 1.94409e-009 1 1 0 0 1 
93 5718.16 530 6.08038e-006 0.999994 1 0 0 1 
94 5709.67 530 0.000999106 0.999001 1 0 0 1 
95 5705.78 530 8.77114e-005 0.999912 1 0 0 1 
96 5705.66 530 0.40909 0.59091 1 0 0 1 
97 5705.26 530 0.494081 0.505919 1 0 0 1 
98 5704.72 530 0.279254 0.720746 1 0 0 1 
99 5703.77 530 0.126187 0.873813 1 0 0 1 
100 5701.43 530 0.0701154 0.929885 1 0 0 1 
101 5686.81 530 0.0955868 0.904413 1 0 0 1 
102 5670.83 530 0.216064 0.783936 1 0 0 1 
103 5654.98 530 0.262898 0.737102 1 0 0 1 
104 5639.06 530 0.313936 0.686064 1 0 0 1 
105 5631.12 530 0.330632 0.669368 1 0 0 1 
106 5623.26 530 0.345566 0.654434 1 0 0 1 
107 5615.49 530 0.359928 0.640072 1 0 0 1 
108 5607.78 530 0.381709 0.618291 1 0 0 1 
109 5592.53 530 0.416842 0.583158 1 0 0 1 
110 5577.85 530 0.471872 0.528128 1 0 0 1 
111 5560.69 530 0.728583 0.271417 1 0 0 1 
112 5551.81 530 0.914713 0.0852871 1 0 0 1 
113 5540.08 530 0.996443 0.00355703 1 0 0 1 
114 5531.1 530 0.999943 5.69345e-005 1 0 0 1 
115 5524.31 530 1 3.5072e-007 1 0 0 1 
116 5517.92 530 1 3.26803e-011 1 0 0 1 
117 5516.2 530 1 1.80198e-013 1 0 0 1 
118 5706.23 530 1.0208e-009 1 1 0 0 1 
119 5706.12 530 3.10216e-009 1 1 0 0 1 
120 5705.93 530 1.60586e-006 0.999998 1 0 0 1 
121 5705.69 530 7.7231e-005 0.999923 1 0 0 1 
122 5705.3 530 0.00285879 0.997141 1 0 0 1 
123 5705.21 530 0.00422558 0.995774 1 0 0 1 
124 5705.11 530 0.00448619 0.995514 1 0 0 1 
125 5705.03 530 0.00476453 0.995235 1 0 0 1 
126 5704.96 530 0.00519501 0.994805 1 0 0 1 
127 5696.18 530 0.0218726 0.978127 1 0 0 1 
128 5677.86 530 0.10943 0.89057 1 0 0 1 
129 5669.27 530 0.153135 0.846865 1 0 0 1 
130 5645.29 530 0.260778 0.739222 1 0 0 1 
131 5629.39 530 0.305052 0.694948 1 0 0 1 
132 5621.52 530 0.321208 0.678792 1 0 0 1 
133 5613.86 530 0.335928 0.664072 1 0 0 1 
134 5606.23 530 0.348747 0.651253 1 0 0 1 
135 5598.5 530 0.366787 0.633213 1 0 0 1 
136 5590.95 530 0.383918 0.616082 1 0 0 1 
137 5576.45 530 0.420402 0.579598 1 0 0 1 
138 5568.43 530 0.456731 0.543269 1 0 0 1 
139 5543.81 530 0.961272 0.0387278 1 0 0 1 
140 5533.25 530 0.999069 0.000931411 1 0 0 1 
141 5525.35 530 0.999992 7.52089e-006 1 0 0 1 
142 5519.56 530 1 2.40512e-008 1 0 0 1 
143 5517.43 530 1 1.42159e-009 1 0 0 1 
144 5514.8 530 1 1.52383e-012 1 0 0 1 
145 5514.15 530 1 3.41148e-014 1 0 0 1 
146 5706.12 530 0.388606 0.611394 1 0 0 1 
147 5706.05 530 0.466976 0.533024 1 0 0 1 
148 5705.82 530 0.432022 0.567978 1 0 0 1 
149 5705.49 530 0.38123 0.61877 1 0 0 1 
150 5705.04 530 0.00256154 0.997438 1 0 0 1 
151 5705.04 530 0.344784 0.655216 1 0 0 1 
152 5704.55 530 0.224171 0.775829 1 0 0 1 
153 5703.83 530 0.154522 0.845478 1 0 0 1 
154 5702.2 530 0.0808999 0.9191 1 0 0 1 
155 5699.65 530 0.0336454 0.966355 1 0 0 1 
156 5683.85 530 0.0599959 0.940004 1 0 0 1 
157 5659.7 530 0.174653 0.825347 1 0 0 1 
158 5651.03 530 0.208054 0.791946 1 0 0 1 
159 5635.21 530 0.265352 0.734648 1 0 0 1 
160 5619.24 530 0.316029 0.683971 1 0 0 1 
161 5611.89 530 0.332695 0.667305 1 0 0 1 
162 5596.47 530 0.363748 0.636252 1 0 0 1 
163 5581.78 530 0.395927 0.604073 1 0 0 1 
164 5559.43 530 0.581128 0.418872 1 0 0 1 
165 5541.71 530 0.921283 0.0787173 1 0 0 1 
166 5535.41 530 0.985237 0.0147634 1 0 0 1 
167 5526.44 530 0.999849 0.000150807 1 0 0 1 
168 5519.56 530 0.999999 6.51055e-007 1 0 0 1 
169 5513.2 530 1 7.94734e-011 1 0 0 1 
170 5511.43 530 1 4.66987e-014 1 0 0 1 
171 5705.51 530 0.642577 0.357423 1 0 0 1 
172 5705.14 530 0.7659 0.2341 1 0 0 1 
173 5704.93 530 0.699541 0.300459 1 0 0 1 
174 5704.63 530 0.00596735 0.994033 1 0 0 1 
175 5704.24 530 0.292874 0.707126 1 0 0 1 
176 5702.8 530 0.307135 0.692865 1 0 0 1 
177 5693.6 530 0.097631 0.902369 1 0 0 1 
178 5672.92 530 0.115281 0.884719 1 0 0 1 
179 5648.1 530 0.224211 0.775789 1 0 0 1 
180 5624.74 530 0.281044 0.718956 1 0 0 1 
181 5616.84 530 0.300896 0.699104 1 0 0 1 
182 5609.22 530 0.319601 0.680399 1 0 0 1 
183 5601.61 530 0.33481 0.66519 1 0 0 1 
184 5594.12 530 0.351109 0.648891 1 0 0 1 
185 5586.54 530 0.365537 0.634463 1 0 0 1 
186 5579.29 530 0.387607 0.612393 1 0 0 1 
187 5564.87 530 0.43793 0.56207 1 0 0 1 
188 5547.06 530 0.735296 0.264704 1 0 0 1 
189 5527.58 530 0.997265 0.00273475 1 0 0 1 
190 5519.57 530 0.999984 1.6326e-005 1 0 0 1 
191 5513.74 530 1 5.22484e-008 1 0 0 1 
192 5511.61 530 1 3.01656e-009 1 0 0 1 
193 5508.97 530 1 4.89796e-012 1 0 0 1 
194 5508.3 530 1 8.23043e-014 1 0 0 1 
195 5704.58 530 0.931311 0.0686889 1 0 0 1 
196 5704.53 530 0.964501 0.0354994 1 0 0 1 
197 5704.32 530 0.865272 0.134728 1 0 0 1 
198 5704.22 530 0.00764495 0.992355 1 0 0 1 
199 5703.43 530 0.212881 0.787119 1 0 0 1 
200 5697.94 530 0.305628 0.694372 1 0 0 1 
201 5694.13 530 0.294706 0.705294 1 0 0 1 
202 5683.29 530 0.175739 0.824261 1 0 0 1 
203 5669.15 530 0.205473 0.794527 1 0 0 1 
204 5660.79 530 0.202809 0.797191 1 0 0 1 
205 5637.31 530 0.26045 0.73955 1 0 0 1 
206 5621.35 530 0.292171 0.707829 1 0 0 1 
207 5613.74 530 0.306509 0.693491 1 0 0 1 
208 5606.15 530 0.321065 0.678935 1 0 0 1 
209 5598.67 530 0.337664 0.662336 1 0 0 1 
210 5583.35 530 0.370448 0.629552 1 0 0 1 
211 5569.53 530 0.403909 0.596091 1 0 0 1 
212 5561.88 530 0.43469 0.56531 1 0 0 1 
213 5544.16 530 0.731565 0.268435 1 0 0 1 
214 5528.94 530 0.96561 0.03439 1 0 0 1 
215 5519.66 530 0.9997 0.000299897 1 0 0 1 
216 5512.6 530 0.999991 9.02561e-006 1 0 0 1 
217 5506.27 530 1 2.05994e-010 1 0 0 1 
218 5504.51 530 1 1.90969e-013 1 0 0 1 
219 5703.98 530 0.994042 0.00595808 1 0 0 1 
220 5703.93 530 0.984927 0.0150726 1 0 0 1 
221 5703.87 530 0.803768 0.196232 1 0 0 1 
222 5703.81 530 0.00855462 0.991445 1 0 0 1 
223 5702.49 530 0.121281 0.878719 1 0 0 1 
224 5699.21 530 0.206594 0.793406 1 0 0 1 
225 5685.44 530 0.318426 0.681574 1 0 0 1 
226 5672.63 530 0.241477 0.758523 1 0 0 1 
227 5649.51 530 0.246481 0.753519 1 0 0 1 
228 5641.65 530 0.266069 0.733931 1 0 0 1 
229 5625.84 530 0.282255 0.717745 1 0 0 1 
230 5617.89 530 0.297562 0.702438 1 0 0 1 
231 5610.14 530 0.311576 0.688424 1 0 0 1 
232 5602.51 530 0.324919 0.675081 1 0 0 1 
233 5595 530 0.341813 0.658187 1 0 0 1 
234 5586.89 530 0.352299 0.647701 1 0 0 1 
235 5572.8 530 0.385963 0.614037 1 0 0 1 
236 5551.45 530 0.48596 0.51404 1 0 0 1 
237 5530.93 530 0.923504 0.076496 1 0 0 1 
238 5519.7 530 0.99436 0.00563989 1 0 0 1 
239 5508.35 530 0.999991 9.09459e-006 1 0 0 1 
240 5503.55 530 1 2.88872e-007 1 0 0 1 
241 5500.96 530 1 1.54915e-011 1 0 0 1 
242 5500.3 530 1 2.6035e-013 1 0 0 1 
243 5703.39 530 0.999124 0.000875701 1 0 0 1 
244 5703.44 530 0.812588 0.187412 1 0 0 1 
245 5703.41 530 0.00909991 0.9909 1 0 0 1 
246 5701.73 530 0.100201 0.899799 1 0 0 1 
247 5693.16 530 0.234385 0.765615 1 0 0 1 
248 5687.78 530 0.278126 0.721874 1 0 0 1 
249 5675.41 530 0.332682 0.667318 1 0 0 1 
250 5661.35 530 0.268398 0.731602 1 0 0 1 
251 5653.26 530 0.28359 0.71641 1 0 0 1 
252 5629.69 530 0.290565 0.709435 1 0 0 1 
253 5621.83 530 0.306022 0.693978 1 0 0 1 
254 5613.72 530 0.314361 0.685639 1 0 0 1 
255 5605.96 530 0.323858 0.676142 1 0 0 1 
256 5598.32 530 0.337633 0.662367 1 0 0 1 
257 5575.61 530 0.369743 0.630257 1 0 0 1 
258 5561.61 530 0.410183 0.589817 1 0 0 1 
259 5546.64 530 0.508402 0.491598 1 0 0 1 
260 5534.2 530 0.722945 0.277055 1 0 0 1 
261 5519.92 530 0.97099 0.0290104 1 0 0 1 
262 5510.56 530 0.998397 0.00160271 1 0 0 1 
263 5506.83 530 0.999821 0.000178682 1 0 0 1 
264 5500.9 530 0.999999 9.55854e-007 1 0 0 1 
265 5497.19 530 1 2.44948e-008 1 0 0 1 
266 5495.41 530 1 7.25892e-013 1 0 0 1 
267 5702.8 530 0.999524 0.000476232 1 0 0 1 
268 5702.84 530 0.986024 0.0139759 1 0 0 1 
269 5703.01 530 0.724762 0.275238 1 0 0 1 
270 5703.01 530 0.00909675 0.990903 1 0 0 1 
271 5700.79 530 0.0596404 0.94036 1 0 0 1 
272 5695.84 530 0.120117 0.879883 1 0 0 1 
273 5684.67 530 0.249274 0.750726 1 0 0 1 
274 5678.23 530 0.286501 0.713499 1 0 0 1 
275 5664.24 530 0.336738 0.663262 1 0 0 1 
276 5656.66 530 0.322998 0.677002 1 0 0 1 
277 5648.81 530 0.321583 0.678417 1 0 0 1 
278 5640.95 530 0.312853 0.687147 1 0 0 1 
279 5632.69 530 0.321567 0.678433 1 0 0 1 
280 5625.08 530 0.32529 0.67471 1 0 0 1 
281 5608.66 530 0.328225 0.671775 1 0 0 1 
282 5601.17 530 0.341206 0.658794 1 0 0 1 
283 5592.87 530 0.350199 0.649801 1 0 0 1 
284 5578 530 0.366494 0.633506 1 0 0 1 
285 5563.79 530 0.393305 0.606695 1 0 0 1 
286 5549.72 530 0.426816 0.573184 1 0 0 1 
287 5528.07 530 0.81252 0.18748 1 0 0 1 
288 5514.62 530 0.986275 0.0137251 1 0 0 1 
289 5498.23 530 0.999979 2.09674e-005 1 0 0 1 
290 5493.44 530 1 9.4868e-008 1 0 0 1 
291 5490.8 530 1 2.30187e-009 1 0 0 1 
292 5490.11 530 1 3.85118e-011 1 0 0 1 
293 5702.16 530 0.997461 0.00253868 1 0 0 1 
294 5702.4 530 0.925527 0.0744728 1 0 0 1 
295 5702.61 530 0.609697 0.390303 1 0 0 1 
296 5702.62 530 0.00909355 0.990906 1 0 0 1 
297 5700.04 530 0.0579966 0.942003 1 0 0 1 
298 5688.03 530 0.151306 0.848694 1 0 0 1 
299 5674.17 530 0.269054 0.730946 1 0 0 1 
300 5659.33 530 0.323377 0.676623 1 0 0 1 
301 5651.66 530 0.333932 0.666068 1 0 0 1 
302 5643.74 530 0.339675 0.660325 1 0 0 1 
303 5635.73 530 0.339825 0.660175 1 0 0 1 
304 5627.56 530 0.343371 0.656629 1 0 0 1 
305 5619.6 530 0.346222 0.653778 1 0 0 1 
306 5611.64 530 0.353015 0.646985 1 0 0 1 
307 5603.23 530 0.356881 0.643119 1 0 0 1 
308 5579.96 530 0.367552 0.632448 1 0 0 1 
309 5565.37 530 0.387856 0.612144 1 0 0 1 
310 5543.95 530 0.455901 0.544099 1 0 0 1 
311 5535.13 530 0.505344 0.494656 1 0 0 1 
312 5514.48 530 0.956545 0.0434545 1 0 0 1 
313 5503.93 530 0.99583 0.00416975 1 0 0 1 
314 5499.29 530 0.999492 0.000507513 1 0 0 1 
315 5495.55 530 0.999944 5.62892e-005 1 0 0 1 
316 5489.64 530 0.999998 2.30752e-006 1 0 0 1 
317 5486.01 530 1 9.41171e-009 1 0 0 1 
318 5484.1 530 1 1.9694e-010 1 0 0 1 
319 5701.42 530 0.996619 0.00338071 1 0 0 1 
320 5701.82 530 0.896728 0.103272 1 0 0 1 
321 5702.22 530 0.521032 0.478968 1 0 0 1 
322 5702.24 530 0.00908901 0.990911 1 0 0 1 
323 5699.04 530 0.0347137 0.965286 1 0 0 1 
324 5692.19 530 0.0761991 0.923801 1 0 0 1 
325 5678.1 530 0.182638 0.817362 1 0 0 1 
326 5662.6 530 0.267485 0.732515 1 0 0 1 
327 5654.63 530 0.298725 0.701275 1 0 0 1 
328 5646.35 530 0.322687 0.677313 1 0 0 1 
329 5638.18 530 0.339098 0.660902 1 0 0 1 
330 5630.09 530 0.349828 0.650172 1 0 0 1 
331 5621.64 530 0.355948 0.644052 1 0 0 1 
332 5613.51 530 0.364592 0.635408 1 0 0 1 
333 5589.71 530 0.367937 0.632063 1 0 0 1 
334 5581.49 530 0.377795 0.622205 1 0 0 1 
335 5566.5 530 0.381849 0.618151 1 0 0 1 
336 5544.81 530 0.428547 0.571453 1 0 0 1 
337 5515.66 530 0.783322 0.216678 1 0 0 1 
338 5507.34 530 0.957099 0.0429014 1 0 0 1 
339 5496.83 530 0.997846 0.00215412 1 0 0 1 
340 5485.9 530 0.999993 6.80777e-006 1 0 0 1 
341 5480.97 530 1 2.58662e-007 1 0 0 1 
342 5478.92 530 1 1.06247e-008 1 0 0 1 
343 5477.03 530 1 1.09693e-010 1 0 0 1 
344 5700.57 530 0.998001 0.00199869 1 0 0 1 
345 5700.88 530 0.980101 0.0198988 1 0 0 1 
346 5701.83 530 0.491018 0.508982 1 0 0 1 
347 5701.87 530 0.00908093 0.990919 1 0 0 1 
348 5698.23 530 0.0359716 0.964028 1 0 0 1 
349 5682.4 530 0.105383 0.894617 1 0 0 1 
350 5657.49 530 0.251782 0.748218 1 0 0 1 
351 5640.38 530 0.307994 0.692006 1 0 0 1 
352 5632.01 530 0.332512 0.667488 1 0 0 1 
353 5614.83 530 0.364666 0.635334 1 0 0 1 
354 5598.71 530 0.372989 0.627011 1 0 0 1 
355 5590.26 530 0.383276 0.616724 1 0 0 1 
356 5574.38 530 0.386261 0.613739 1 0 0 1 
357 5559.83 530 0.395616 0.604384 1 0 0 1 
358 5545.21 530 0.412851 0.587149 1 0 0 1 
359 5519.64 530 0.597888 0.402112 1 0 0 1 
360 5494.76 530 0.992592 0.00740809 1 0 0 1 
361 5485.83 530 0.999674 0.000326151 1 0 0 1 
362 5482.13 530 0.999968 3.181e-005 1 0 0 1 
363 5476.26 530 0.999999 8.07219e-007 1 0 0 1 
364 5470.68 530 1 1.14226e-009 1 0 0 1 
365 5469.93 530 1 3.48545e-011 1 0 0 1 
366 5699.4 530 0.997576 0.00242367 1 0 0 1 
367 5700.72 530 0.60854 0.39146 1 0 0 1 
368 5701.37 530 0.390631 0.609369 1 0 0 1 
369 5701.52 530 0.00906738 0.990933 1 0 0 1 
370 5697.1 530 0.0217274 0.978273 1 0 0 1 
371 5687.93 530 0.0481377 0.951862 1 0 0 1 
372 5670.1 530 0.135903 0.864097 1 0 0 1 
373 5661.03 530 0.170197 0.829803 1 0 0 1 
374 5633.77 530 0.296131 0.703869 1 0 0 1 
375 5624.83 530 0.320746 0.679254 1 0 0 1 
376 5615.95 530 0.335883 0.664117 1 0 0 1 
377 5607.49 530 0.356582 0.643418 1 0 0 1 
378 5599.09 530 0.369159 0.630841 1 0 0 1 
379 5591.02 530 0.380902 0.619098 1 0 0 1 
380 5574.97 530 0.396686 0.603314 1 0 0 1 
381 5559.92 530 0.401538 0.598462 1 0 0 1 
382 5545.26 530 0.413649 0.586351 1 0 0 1 
383 5529.86 530 0.435714 0.564286 1 0 0 1 
384 5521.46 530 0.473107 0.526893 1 0 0 1 
385 5499.81 530 0.818723 0.181277 1 0 0 1 
386 5492.63 530 0.969044 0.0309557 1 0 0 1 
387 5482.65 530 0.998837 0.00116259 1 0 0 1 
388 5471.25 530 0.999996 4.18234e-006 1 0 0 1 
389 5468.18 530 1 3.2481e-007 1 0 0 1 
390 5464.16 530 1 2.55652e-008 1 0 0 1 
391 5462.08 530 1 7.69787e-011 1 0 0 1 
392 5697.94 530 0.978002 0.0219982 1 0 0 1 
393 5698.6 530 0.84202 0.15798 1 0 0 1 
394 5700.87 530 0.334915 0.665085 1 0 0 1 
395 5701.19 530 0.00904696 0.990953 1 0 0 1 
396 5696.12 530 0.022186 0.977814 1 0 0 1 
397 5675.31 530 0.0796775 0.920322 1 0 0 1 
398 5645.68 530 0.200734 0.799266 1 0 0 1 
399 5636.18 530 0.229209 0.770791 1 0 0 1 
400 5617.06 530 0.315859 0.684141 1 0 0 1 
401 5608.22 530 0.332777 0.667223 1 0 0 1 
402 5599.58 530 0.351112 0.648888 1 0 0 1 
403 5591.24 530 0.368055 0.631945 1 0 0 1 
404 5574.71 530 0.393002 0.606998 1 0 0 1 
405 5559.42 530 0.410451 0.589549 1 0 0 1 
406 5544.81 530 0.41897 0.58103 1 0 0 1 
407 5529.6 530 0.440551 0.559449 1 0 0 1 
408 5500.72 530 0.712023 0.287977 1 0 0 1 
409 5490.97 530 0.918072 0.0819279 1 0 0 1 
410 5479.53 530 0.994178 0.00582178 1 0 0 1 
411 5470.55 530 0.999845 0.000154995 1 0 0 1 
412 5457.94 530 1 4.42592e-008 1 0 0 1 
413 5454.53 530 1 3.08021e-009 1 0 0 1 
414 5453.76 530 1 6.18669e-011 1 0 0 1 
415 5695.87 530 0.966731 0.033269 1 0 0 1 
416 5698.52 530 0.347484 0.652516 1 0 0 1 
417 5700.14 530 0.21847 0.78153 1 0 0 1 
418 5700.88 530 0.00901865 0.990981 1 0 0 1 
419 5694.6 530 0.0141416 0.985858 1 0 0 1 
420 5682.3 530 0.0308799 0.96912 1 0 0 1 
421 5648.83 530 0.146283 0.853717 1 0 0 1 
422 5619.03 530 0.247516 0.752484 1 0 0 1 
423 5609.12 530 0.286927 0.713073 1 0 0 1 
424 5599.79 530 0.316327 0.683673 1 0 0 1 
425 5590.88 530 0.340272 0.659728 1 0 0 1 
426 5582.3 530 0.360564 0.639436 1 0 0 1 
427 5573.8 530 0.374266 0.625734 1 0 0 1 
428 5558 530 0.405019 0.594981 1 0 0 1 
429 5543.49 530 0.427211 0.572789 1 0 0 1 
430 5528.93 530 0.445864 0.554136 1 0 0 1 
431 5511.33 530 0.467389 0.532611 1 0 0 1 
432 5499.93 530 0.711452 0.288548 1 0 0 1 
433 5476.45 530 0.984346 0.0156544 1 0 0 1 
434 5466.7 530 0.998972 0.00102771 1 0 0 1 
435 5458.3 530 0.999975 2.53814e-005 1 0 0 1 
436 5454.63 530 0.999998 2.08649e-006 1 0 0 1 
437 5448.67 530 1 4.43334e-008 1 0 0 1 
438 5446.69 530 1 4.14284e-009 1 0 0 1 
439 5444.65 530 1 2.24616e-010 1 0 0 1 
440 5693.33 530 0.759395 0.240605 1 0 0 1 
441 5694.48 530 0.431103 0.568897 1 0 0 1 
442 5698.94 530 0.136737 0.863263 1 0 0 1 
443 5700.59 530 0.00898059 0.991019 1 0 0 1 
444 5692.74 530 0.0110606 0.988939 1 0 0 1 
445 5678.1 530 0.022047 0.977953 1 0 0 1 
446 5664.93 530 0.0448557 0.955144 1 0 0 1 
447 5652.59 530 0.0794 0.9206 1 0 0 1 
448 5620.09 530 0.205978 0.794022 1 0 0 1 
449 5600.05 530 0.280896 0.719104 1 0 0 1 
450 5590.41 530 0.305781 0.694219 1 0 0 1 
451 5581.36 530 0.330073 0.669927 1 0 0 1 
452 5572.8 530 0.35355 0.64645 1 0 0 1 
453 5563.93 530 0.369712 0.630288 1 0 0 1 
454 5555.76 530 0.384586 0.615414 1 0 0 1 
455 5541.03 530 0.418751 0.581249 1 0 0 1 
456 5526.9 530 0.455348 0.544652 1 0 0 1 
457 5511.23 530 0.533936 0.466064 1 0 0 1 
458 5498.33 530 0.678732 0.321268 1 0 0 1 
459 5480 530 0.909376 0.0906236 1 0 0 1 
460 5473.35 530 0.98341 0.0165901 1 0 0 1 
461 5462.87 530 0.99682 0.00317952 1 0 0 1 
462 5453.88 530 0.999733 0.000267355 1 0 0 1 
463 5441.98 530 1 3.09473e-007 1 0 0 1 
464 5435.89 530 1 5.40261e-010 1 0 0 1 
465 5435.03 530 1 5.1219e-011 1 0 0 1 
466 5688.69 530 0.639189 0.360811 1 0 0 1 
467 5689.52 530 0.348318 0.651682 1 0 0 1 
468 5692.63 530 0.17617 0.82383 1 0 0 1 
469 5696.73 530 0.056738 0.943262 1 0 0 1 
470 5700.35 530 0.00892768 0.991072 1 0 0 1 
471 5689.82 530 0.00958442 0.990416 1 0 0 1 
472 5672.2 530 0.016279 0.983721 1 0 0 1 
473 5657.43 530 0.034714 0.965286 1 0 0 1 
474 5644.18 530 0.0719394 0.928061 1 0 0 1 
475 5621.41 530 0.143462 0.856538 1 0 0 1 
476 5600.33 530 0.228002 0.771998 1 0 0 1 
477 5579.91 530 0.303464 0.696536 1 0 0 1 
478 5570.85 530 0.32669 0.67331 1 0 0 1 
479 5552.89 530 0.370688 0.629312 1 0 0 1 
480 5537.74 530 0.397575 0.602425 1 0 0 1 
481 5523.56 530 0.430277 0.569723 1 0 0 1 
482 5507.74 530 0.575664 0.424336 1 0 0 1 
483 5476.63 530 0.912916 0.087084 1 0 0 1 
484 5463.81 530 0.98882 0.0111803 1 0 0 1 
485 5454.08 530 0.998664 0.00133612 1 0 0 1 
486 5444.08 530 0.999899 0.000100531 1 0 0 1 
487 5439.77 530 0.999971 2.85221e-005 1 0 0 1 
488 5432.25 530 0.999999 6.65736e-007 1 0 0 1 
489 5427.1 530 1 1.63929e-008 1 0 0 1 
490 5424.54 530 1 4.90337e-011 1 0 0 1 
491 5681.33 530 0.6177 0.3823 1 0 0 1 
492 5681.71 530 0.303822 0.696178 1 0 0 1 
493 5691.05 530 0.0291432 0.970857 1 0 0 1 
494 5700.16 530 0.00884274 0.991157 1 0 0 1 
495 5683.49 530 0.00890186 0.991098 1 0 0 1 
496 5663.3 530 0.0130577 0.986942 1 0 0 1 
497 5648.04 530 0.030461 0.969539 1 0 0 1 
498 5622.49 530 0.100363 0.899637 1 0 0 1 
499 5600.37 530 0.171092 0.828908 1 0 0 1 
500 5579.57 530 0.245509 0.754491 1 0 0 1 
501 5568.99 530 0.282425 0.717575 1 0 0 1 
502 5559.23 530 0.312602 0.687398 1 0 0 1 
503 5549.78 530 0.330187 0.669813 1 0 0 1 
504 5541.25 530 0.358411 0.641589 1 0 0 1 
505 5532.99 530 0.374174 0.625826 1 0 0 1 
506 5525.33 530 0.395713 0.604287 1 0 0 1 
507 5510.96 530 0.432951 0.567049 1 0 0 1 
508 5503.64 530 0.455816 0.544184 1 0 0 1 
509 5482.85 530 0.713393 0.286607 1 0 0 1 
510 5473.68 530 0.90167 0.0983304 1 0 0 1 
511 5460.1 530 0.978583 0.0214167 1 0 0 1 
512 5454.22 530 0.996313 0.00368729 1 0 0 1 
513 5444.16 530 0.999636 0.00036356 1 0 0 1 
514 5439.1 530 0.999854 0.00014634 1 0 0 1 
515 5430.02 530 0.999987 1.3128e-005 1 0 0 1 
516 5425.58 530 0.999997 3.20071e-006 1 0 0 1 
517 5418.84 530 1 1.00746e-007 1 0 0 1 
518 5414.53 530 1 2.51325e-009 1 0 0 1 
519 5413.44 530 1 6.52619e-011 1 0 0 1 
520 5672.64 530 0.478083 0.521917 1 0 0 1 
521 5672.47 530 0.185661 0.814339 1 0 0 1 
522 5674.61 530 0.0312387 0.968761 1 0 0 1 
523 5678.54 530 0.00865116 0.991349 1 0 0 1 
524 5664.1 530 0.0090733 0.990927 1 0 0 1 
525 5649.36 530 0.0135979 0.986402 1 0 0 1 
526 5635.86 530 0.028741 0.971259 1 0 0 1 
527 5623.11 530 0.049379 0.950621 1 0 0 1 
528 5599.93 530 0.129866 0.870134 1 0 0 1 
529 5578.38 530 0.196183 0.803817 1 0 0 1 
530 5556.72 530 0.261658 0.738342 1 0 0 1 
531 5546.8 530 0.296467 0.703533 1 0 0 1 
532 5537.49 530 0.321216 0.678784 1 0 0 1 
533 5528.88 530 0.347929 0.652071 1 0 0 1 
534 5520.86 530 0.371388 0.628612 1 0 0 1 
535 5505.77 530 0.410246 0.589754 1 0 0 1 
536 5490.68 530 0.461467 0.538533 1 0 0 1 
537 5456.56 530 0.970207 0.0297929 1 0 0 1 
538 5450.45 530 0.993884 0.00611643 1 0 0 1 
539 5439.77 530 0.999366 0.000634295 1 0 0 1 
540 5425 530 0.999971 2.86132e-005 1 0 0 1 
541 5411.47 530 0.999999 5.91081e-007 1 0 0 1 
542 5404.53 530 1 1.54594e-008 1 0 0 1 
543 5401.22 530 1 2.39084e-010 1 0 0 1 
544 5658.21 530 0.449747 0.550253 1 0 0 1 
545 5656.15 530 0.0981557 0.901844 1 0 0 1 
546 5653.75 530 0.0180719 0.981928 1 0 0 1 
547 5645.01 530 0.0140097 0.98599 1 0 0 1 
548 5634.05 530 0.018612 0.981388 1 0 0 1 
549 5622.59 530 0.0359633 0.964037 1 0 0 1 
550 5599.16 530 0.0778771 0.922123 1 0 0 1 
551 5576.26 530 0.151584 0.848416 1 0 0 1 
552 5564.76 530 0.193684 0.806316 1 0 0 1 
553 5542.83 530 0.257536 0.742464 1 0 0 1 
554 5533.24 530 0.287058 0.712942 1 0 0 1 
555 5524.05 530 0.312968 0.687032 1 0 0 1 
556 5515.49 530 0.339064 0.660936 1 0 0 1 
557 5507.55 530 0.363385 0.636615 1 0 0 1 
558 5499.9 530 0.384392 0.615608 1 0 0 1 
559 5485.9 530 0.430054 0.569946 1 0 0 1 
560 5470.37 530 0.602595 0.397405 1 0 0 1 
561 5459.77 530 0.871347 0.128653 1 0 0 1 
562 5445.9 530 0.981536 0.0184638 1 0 0 1 
563 5435.33 530 0.998239 0.00176118 1 0 0 1 
564 5425.4 530 0.999844 0.000155698 1 0 0 1 
565 5414.44 530 0.999989 1.07968e-005 1 0 0 1 
566 5408.96 530 0.999996 3.54932e-006 1 0 0 1 
567 5399.61 530 1 2.14183e-007 1 0 0 1 
568 5395.08 530 1 6.45182e-008 1 0 0 1 
569 5389.63 530 1 3.09984e-009 1 0 0 1 
570 5388.2 530 1 1.43564e-010 1 0 0 1 
571 5644.18 530 0.453083 0.546917 1 0 0 1 
572 5643.41 530 0.288399 0.711601 1 0 0 1 
573 5635.24 530 0.053771 0.946229 1 0 0 1 
574 5628.01 530 0.0320185 0.967982 1 0 0 1 
575 5619.02 530 0.0348599 0.96514 1 0 0 1 
576 5608.43 530 0.0467564 0.953244 1 0 0 1 
577 5597.22 530 0.0672858 0.932714 1 0 0 1 
578 5575.12 530 0.105358 0.894642 1 0 0 1 
579 5562.55 530 0.144614 0.855386 1 0 0 1 
580 5540.18 530 0.213656 0.786344 1 0 0 1 
581 5528.85 530 0.2461 0.7539 1 0 0 1 
582 5518.75 530 0.277097 0.722903 1 0 0 1 
583 5509.49 530 0.30474 0.69526 1 0 0 1 
584 5501.05 530 0.331236 0.668764 1 0 0 1 
585 5493.56 530 0.360746 0.639254 1 0 0 1 
586 5479.19 530 0.396323 0.603677 1 0 0 1 
587 5466.36 530 0.450523 0.549477 1 0 0 1 
588 5436.01 530 0.988409 0.011591 1 0 0 1 
589 5425.51 530 0.999171 0.000829134 1 0 0 1 
590 5415.08 530 0.999939 6.11078e-005 1 0 0 1 
591 5409.66 530 0.99998 1.9552e-005 1 0 0 1 
592 5393.42 530 0.999999 6.26738e-007 1 0 0 1 
593 5378.45 530 1 1.42007e-008 1 0 0 1 
594 5375.94 530 1 1.23804e-009 1 0 0 1 
595 5373.75 530 1 8.67146e-011 1 0 0 1 
596 5630.54 530 0.408813 0.591187 1 0 0 1 
597 5627.45 530 0.265336 0.734664 1 0 0 1 
598 5624.32 530 0.138669 0.861331 1 0 0 1 
599 5612.5 530 0.0543574 0.945643 1 0 0 1 
600 5594.37 530 0.0639087 0.936091 1 0 0 1 
601 5572.89 530 0.0968752 0.903125 1 0 0 1 
602 5536.7 530 0.172972 0.827028 1 0 0 1 
603 5513 530 0.241824 0.758176 1 0 0 1 
604 5502.89 530 0.270321 0.729679 1 0 0 1 
605 5493.6 530 0.297856 0.702144 1 0 0 1 
606 5485.22 530 0.324562 0.675438 1 0 0 1 
607 5477.61 530 0.355561 0.644439 1 0 0 1 
608 5464.9 530 0.396921 0.603079 1 0 0 1 
609 5453.35 530 0.448253 0.551747 1 0 0 1 
610 5439.03 530 0.742636 0.257364 1 0 0 1 
611 5431.29 530 0.929767 0.0702326 1 0 0 1 
612 5420.86 530 0.994535 0.00546529 1 0 0 1 
613 5410.51 530 0.999832 0.000167512 1 0 0 1 
614 5395 530 0.999995 4.76726e-006 1 0 0 1 
615 5388.42 530 0.999999 7.91832e-007 1 0 0 1 
616 5381.1 530 1 2.04298e-007 1 0 0 1 
617 5369.31 530 1 4.35422e-008 1 0 0 1 
618 5363.39 530 1 6.24172e-009 1 0 0 1 
619 5357.1 530 1 1.61971e-010 1 0 0 1 
620 5617.06 530 0.41384 0.58616 1 0 0 1 
621 5616.17 530 0.327636 0.672364 1 0 0 1 
622 5605.08 530 0.134296 0.865704 1 0 0 1 
623 5590.55 530 0.0794054 0.920595 1 0 0 1 
624 5570.78 530 0.0939204 0.90608 1 0 0 1 
625 5547.01 530 0.120658 0.879342 1 0 0 1 
626 5534.17 530 0.148002 0.851998 1 0 0 1 
627 5508.44 530 0.191473 0.808527 1 0 0 1 
628 5496.34 530 0.228806 0.771194 1 0 0 1 
629 5485.62 530 0.261357 0.738643 1 0 0 1 
630 5476.26 530 0.290953 0.709047 1 0 0 1 
631 5468.16 530 0.318762 0.681238 1 0 0 1 
632 5461.16 530 0.348768 0.651232 1 0 0 1 
633 5455.18 530 0.375267 0.624733 1 0 0 1 
634 5444.94 530 0.4187 0.5813 1 0 0 1 
635 5435.79 530 0.517998 0.482002 1 0 0 1 
636 5409.58 530 0.994227 0.00577309 1 0 0 1 
637 5405.19 530 0.998816 0.00118371 1 0 0 1 
638 5396.24 530 0.999971 2.9487e-005 1 0 0 1 
639 5385.29 530 0.999998 1.9138e-006 1 0 0 1 
640 5362.5 530 1 4.15874e-008 1 0 0 1 
641 5342.05 530 1 1.62687e-009 1 0 0 1 
642 5338.71 530 1 1.38737e-010 1 0 0 1 
643 5604.06 530 0.418837 0.581163 1 0 0 1 
644 5602.76 530 0.34213 0.65787 1 0 0 1 
645 5596.89 530 0.2196 0.7804 1 0 0 1 
646 5585.46 530 0.145319 0.854681 1 0 0 1 
647 5568.66 530 0.106615 0.893385 1 0 0 1 
648 5545.74 530 0.119761 0.880239 1 0 0 1 
649 5504.92 530 0.165815 0.834185 1 0 0 1 
650 5490.76 530 0.189189 0.810811 1 0 0 1 
651 5477.62 530 0.22033 0.77967 1 0 0 1 
652 5466.39 530 0.253068 0.746932 1 0 0 1 
653 5457.13 530 0.284531 0.715469 1 0 0 1 
654 5449.53 530 0.313982 0.686018 1 0 0 1 
655 5443.24 530 0.350432 0.649568 1 0 0 1 
656 5434.1 530 0.395947 0.604053 1 0 0 1 
657 5426.25 530 0.45632 0.54368 1 0 0 1 
658 5412.92 530 0.748079 0.251921 1 0 0 1 
659 5407.73 530 0.941353 0.0586467 1 0 0 1 
660 5403.08 530 0.98744 0.0125602 1 0 0 1 
661 5391.78 530 0.999748 0.000252248 1 0 0 1 
662 5382.47 530 0.999984 1.59965e-005 1 0 0 1 
663 5376.21 530 0.999998 1.61413e-006 1 0 0 1 
664 5360.99 530 1 2.62367e-007 1 0 0 1 
665 5338.58 530 1 1.06565e-008 1 0 0 1 
666 5321.61 530 1 9.41195e-010 1 0 0 1 
667 5316.95 530 1 1.12814e-010 1 0 0 1 
668 5591.94 530 0.423939 0.576061 1 0 0 1 
669 5590.74 530 0.357617 0.642383 1 0 0 1 
670 5588.26 530 0.29852 0.70148 1 0 0 1 
671 5579.71 530 0.219477 0.780523 1 0 0 1 
672 5565.23 530 0.167001 0.832999 1 0 0 1 
673 5555.05 530 0.149223 0.850777 1 0 0 1 
674 5532.38 530 0.145832 0.854168 1 0 0 1 
675 5503.69 530 0.156522 0.843478 1 0 0 1 
676 5487.64 530 0.170927 0.829073 1 0 0 1 
677 5471.3 530 0.189171 0.810829 1 0 0 1 
678 5456.28 530 0.214716 0.785284 1 0 0 1 
679 5444.56 530 0.246279 0.753721 1 0 0 1 
680 5435.77 530 0.279316 0.720684 1 0 0 1 
681 5429.06 530 0.310668 0.689332 1 0 0 1 
682 5423.77 530 0.34634 0.65366 1 0 0 1 
683 5419.49 530 0.371353 0.628647 1 0 0 1 
684 5415.8 530 0.401301 0.598699 1 0 0 1 
685 5407.1 530 0.560475 0.439525 1 0 0 1 
686 5390.99 530 0.991494 0.00850612 1 0 0 1 
687 5385.6 530 0.998633 0.00136737 1 0 0 1 
688 5382.18 530 0.99986 0.000140446 1 0 0 1 
689 5374.23 530 0.999993 7.02336e-006 1 0 0 1 
690 5352.32 530 0.994476 0.00552444 1 0 0 1 
691 5336.56 530 0.965546 0.0344536 1 0 0 1 
692 5308.61 530 1 2.78483e-009 1 0 0 1 
693 5290.5 530 1 1.79795e-010 1 0 0 1 
694 5580.63 530 0.429108 0.570892 1 0 0 1 
695 5579.51 530 0.356494 0.643506 1 0 0 1 
696 5573.68 530 0.289114 0.710886 1 0 0 1 
697 5561.63 530 0.235134 0.764866 1 0 0 1 
698 5532.68 530 0.176292 0.823708 1 0 0 1 
699 5505.31 530 0.165238 0.834762 1 0 0 1 
700 5488.6 530 0.17114 0.82886 1 0 0 1 
701 5469.88 530 0.17963 0.82037 1 0 0 1 
702 5449.76 530 0.191785 0.808215 1 0 0 1 
703 5430.9 530 0.211171 0.788829 1 0 0 1 
704 5419.15 530 0.241449 0.758551 1 0 0 1 
705 5411.73 530 0.276348 0.723652 1 0 0 1 
706 5406.64 530 0.309704 0.690296 1 0 0 1 
707 5402.81 530 0.352147 0.647853 1 0 0 1 
708 5395.83 530 0.417443 0.582557 1 0 0 1 
709 5394.44 530 0.517916 0.482084 1 0 0 1 
710 5382.35 530 0.907086 0.0929143 1 0 0 1 
711 5375.48 530 0.999317 0.000683214 1 0 0 1 
712 5370.81 530 0.999973 2.66508e-005 1 0 0 1 
713 5363.77 530 0.999999 1.31047e-006 1 0 0 1 
714 5357.75 530 0.989298 0.0107024 1 0 0 1 
715 5305.01 530 0.895214 0.104786 1 0 0 1 
716 5269.18 530 1 9.56131e-010 1 0 0 1 
717 5259.61 530 1 1.84224e-010 1 0 0 1 
718 5570.04 530 0.434341 0.565659 1 0 0 1 
719 5568.74 530 0.372894 0.627106 1 0 0 1 
720 5565.89 530 0.352134 0.647866 1 0 0 1 
721 5562.36 530 0.310753 0.689247 1 0 0 1 
722 5550.78 530 0.258347 0.741653 1 0 0 1 
723 5533.37 530 0.223444 0.776556 1 0 0 1 
724 5508.48 530 0.196246 0.803754 1 0 0 1 
725 5493.07 530 0.192778 0.807222 1 0 0 1 
726 5474.75 530 0.192528 0.807472 1 0 0 1 
727 5452.72 530 0.194435 0.805565 1 0 0 1 
728 5426.19 530 0.199095 0.800905 1 0 0 1 
729 5397.68 530 0.210231 0.789769 1 0 0 1 
730 5388.7 530 0.240421 0.759579 1 0 0 1 
731 5384.76 530 0.277931 0.722069 1 0 0 1 
732 5382.39 530 0.312521 0.687479 1 0 0 1 
733 5380.6 530 0.354067 0.645933 1 0 0 1 
734 5378.99 530 0.367844 0.632156 1 0 0 1 
735 5377.58 530 0.412449 0.587551 1 0 0 1 
736 5376.78 530 0.422652 0.577348 1 0 0 1 
737 5375.38 530 0.550289 0.449711 1 0 0 1 
738 5372.69 530 0.679788 0.320212 1 0 0 1 
739 5370.76 530 0.875833 0.124167 1 0 0 1 
740 5369.84 530 0.958507 0.0414928 1 0 0 1 
741 5368.53 530 0.982356 0.0176445 1 0 0 1 
742 5367.06 530 0.998297 0.00170323 1 0 0 1 
743 5365.95 530 0.999766 0.000234261 1 0 0 1 
744 5364.44 530 0.999909 9.0834e-005 1 0 0 1 
745 5363.11 530 0.999991 8.83881e-006 1 0 0 1 
746 5361.29 530 0.999997 3.05645e-006 1 0 0 1 
747 5359.46 530 0.984171 0.0158287 1 0 0 1 
748 5356.57 530 0.680153 0.319847 1 0 0 1 
749 5349.24 530 0.508933 0.491067 1 0 0 1 
750 5287.31 530 0.598702 0.401298 1 0 0 1 
751 5252.06 530 0.756251 0.243749 1 0 0 1 
752 5219.08 530 1 2.57439e-010 1 0 0 1 
753 5560.37 530 0.439888 0.560112 1 0 0 1 
754 5559.07 530 0.389065 0.610935 1 0 0 1 
755 5556.4 530 0.368207 0.631793 1 0 0 1 
756 5552.53 530 0.335097 0.664903 1 0 0 1 
757 5547.31 530 0.318252 0.681748 1 0 0 1 
758 5532.85 530 0.271669 0.728331 1 0 0 1 
759 5523.3 530 0.256365 0.743635 1 0 0 1 
760 5511.59 530 0.252763 0.747237 1 0 0 1 
761 5498.67 530 0.237872 0.762128 1 0 0 1 
762 5483.03 530 0.229319 0.770681 1 0 0 1 
763 5463.85 530 0.224191 0.775809 1 0 0 1 
764 5439.3 530 0.220487 0.779513 1 0 0 1 
765 5403.81 530 0.225088 0.774912 1 0 0 1 
766 5370.86 530 0.241576 0.758424 1 0 0 1 
767 5370.55 530 0.251781 0.748219 1 0 0 1 
768 5370.15 530 0.262218 0.737782 1 0 0 1 
769 5369.66 530 0.272391 0.727609 1 0 0 1 
770 5369.11 530 0.281038 0.718962 1 0 0 1 
771 5368.51 530 0.287306 0.712694 1 0 0 1 
772 5367.87 530 0.294982 0.705018 1 0 0 1 
773 5367.19 530 0.302323 0.697677 1 0 0 1 
774 5366.49 530 0.315862 0.684138 1 0 0 1 
775 5365.75 530 0.331904 0.668096 1 0 0 1 
776 5364.97 530 0.350637 0.649363 1 0 0 1 
777 5364.14 530 0.36878 0.63122 1 0 0 1 
778 5363.26 530 0.383731 0.616269 1 0 0 1 
779 5362.34 530 0.395854 0.604146 1 0 0 1 
780 5361.39 530 0.406453 0.593547 1 0 0 1 
781 5360.43 530 0.415078 0.584922 1 0 0 1 
782 5359.49 530 0.422543 0.577457 1 0 0 1 
783 5358.6 530 0.42811 0.57189 1 0 0 1 
784 5357.78 530 0.431742 0.568258 1 0 0 1 
785 5357.08 530 0.431906 0.568094 1 0 0 1 
786 5356.57 530 0.432127 0.567873 1 0 0 1 
787 5302.7 530 0.444742 0.555258 1 0 0 1 
788 5186.56 530 0.800765 0.199235 1 0 0 1 
789 5170.54 530 0.950737 0.0492627 1 0 0 1 
790 5551.62 530 0.446621 0.553379 1 0 0 1 
791 5550.28 530 0.405577 0.594423 1 0 0 1 
792 5547.66 530 0.386027 0.613973 1 0 0 1 
793 5543.59 530 0.35783 0.64217 1 0 0 1 
794 5538.29 530 0.339343 0.660657 1 0 0 1 
795 5531.51 530 0.334312 0.665688 1 0 0 1 
796 5524.05 530 0.307864 0.692136 1 0 0 1 
797 5514.8 530 0.291252 0.708748 1 0 0 1 
798 5503.73 530 0.283541 0.716459 1 0 0 1 
799 5490.94 530 0.274663 0.725337 1 0 0 1 
800 5475.85 530 0.268266 0.731734 1 0 0 1 
801 5457.63 530 0.274589 0.725411 1 0 0 1 
802 5436.09 530 0.274917 0.725083 1 0 0 1 
803 5410.99 530 0.292571 0.707429 1 0 0 1 
804 5386.33 530 0.322756 0.677244 1 0 0 1 
805 5378.48 530 0.361157 0.638843 1 0 0 1 
806 5374.79 530 0.419158 0.580842 1 0 0 1 
807 5372.58 530 0.481156 0.518844 1 0 0 1 
808 5369.86 530 0.568335 0.431665 1 0 0 1 
809 5368.22 530 0.468935 0.531065 1 0 0 1 
810 5366.33 530 0.383916 0.616084 1 0 0 1 
811 5364.39 530 0.350933 0.649067 1 0 0 1 
812 5362.63 530 0.34204 0.65796 1 0 0 1 
813 5360.74 530 0.353981 0.646019 1 0 0 1 
814 5358.23 530 0.362801 0.637199 1 0 0 1 
815 5355.81 530 0.37833 0.62167 1 0 0 1 
816 5352.48 530 0.388549 0.611451 1 0 0 1 
817 5348.9 530 0.398873 0.601127 1 0 0 1 
818 5344.85 530 0.408348 0.591652 1 0 0 1 
819 5339.71 530 0.416241 0.583759 1 0 0 1 
820 5334.26 530 0.423335 0.576665 1 0 0 1 
821 5328.2 530 0.428751 0.571249 1 0 0 1 
822 5320.55 530 0.432299 0.567701 1 0 0 1 
823 5310.18 530 0.432669 0.567331 1 0 0 1 
824 5290.01 530 0.432827 0.567173 1 0 0 1 
825 5236.68 530 0.440144 0.559856 1 0 0 1 
826 5193.53 530 0.46508 0.53492 1 0 0 1 
827 5158.4 530 0.573334 0.426666 1 0 0 1 
828 5105.84 530 0.897454 0.102546 1 0 0 1 
829 5543.76 530 0.460217 0.539783 1 0 0 1 
830 5542.26 530 0.420759 0.579241 1 0 0 1 
831 5535.49 530 0.377008 0.622992 1 0 0 1 
832 5530.38 530 0.35974 0.64026 1 0 0 1 
833 5524.05 530 0.351731 0.648269 1 0 0 1 
834 5516.57 530 0.336156 0.663844 1 0 0 1 
835 5507.63 530 0.323059 0.676941 1 0 0 1 
836 5497.08 530 0.314952 0.685048 1 0 0 1 
837 5484.93 530 0.308995 0.691005 1 0 0 1 
838 5471.24 530 0.308237 0.691763 1 0 0 1 
839 5435.84 530 0.315318 0.684682 1 0 0 1 
840 5417.14 530 0.33767 0.66233 1 0 0 1 
841 5399.83 530 0.367278 0.632722 1 0 0 1 
842 5381.74 530 0.430996 0.569004 1 0 0 1 
843 5369.99 530 0.751933 0.248067 1 0 0 1 
844 5354.29 530 0.36432 0.63568 1 0 0 1 
845 5343.82 530 0.373927 0.626073 1 0 0 1 
846 5330.49 530 0.391118 0.608882 1 0 0 1 
847 5321.92 530 0.400316 0.599684 1 0 0 1 
848 5312.31 530 0.40979 0.59021 1 0 0 1 
849 5298.1 530 0.416301 0.583699 1 0 0 1 
850 5284.01 530 0.423134 0.576866 1 0 0 1 
851 5268.59 530 0.42889 0.57111 1 0 0 1 
852 5248.46 530 0.432443 0.567557 1 0 0 1 
853 5225.8 530 0.433641 0.566359 1 0 0 1 
854 5189.54 530 0.434805 0.565195 1 0 0 1 
855 5111.62 530 0.466573 0.533427 1 0 0 1 
856 5050.94 530 0.635184 0.364816 1 0 0 1 
857 5029.27 530 0.84027 0.15973 1 0 0 1 
858 5536.51 530 0.469303 0.530697 1 0 0 1 
859 5531.98 530 0.417906 0.582094 1 0 0 1 
860 5523.34 530 0.373973 0.626027 1 0 0 1 
861 5517.4 530 0.369456 0.630544 1 0 0 1 
862 5510.18 530 0.359853 0.640147 1 0 0 1 
863 5501.65 530 0.351035 0.648965 1 0 0 1 
864 5491.54 530 0.350235 0.649765 1 0 0 1 
865 5479.96 530 0.344283 0.655717 1 0 0 1 
866 5466.93 530 0.35041 0.64959 1 0 0 1 
867 5452.11 530 0.341423 0.658577 1 0 0 1 
868 5436.62 530 0.367084 0.632916 1 0 0 1 
869 5406.83 530 0.40507 0.59493 1 0 0 1 
870 5378.45 530 0.520932 0.479068 1 0 0 1 
871 5359.76 530 0.497982 0.502018 1 0 0 1 
872 5353.03 530 0.460224 0.539776 1 0 0 1 
873 5338.54 530 0.382936 0.617064 1 0 0 1 
874 5320.38 530 0.387067 0.612933 1 0 0 1 
875 5295.33 530 0.401029 0.598971 1 0 0 1 
876 5234.5 530 0.423606 0.576394 1 0 0 1 
877 5178.26 530 0.43264 0.56736 1 0 0 1 
878 5060 530 0.444763 0.555237 1 0 0 1 
879 4994.2 530 0.493829 0.506171 1 0 0 1 
880 4930.76 530 0.769039 0.230961 1 0 0 1 
881 5528.93 530 0.556303 0.443697 1 0 0 1 
882 5527.67 530 0.469265 0.530735 1 0 0 1 
883 5521.8 530 0.424423 0.575577 1 0 0 1 
884 5517.1 530 0.407872 0.592128 1 0 0 1 
885 5504.71 530 0.382012 0.617988 1 0 0 1 
886 5496.83 530 0.378164 0.621836 1 0 0 1 
887 5476 530 0.381304 0.618696 1 0 0 1 
888 5450.88 530 0.401583 0.598417 1 0 0 1 
889 5423.4 530 0.411209 0.588791 1 0 0 1 
890 5399.13 530 0.44683 0.55317 1 0 0 1 
891 5367.35 530 0.773869 0.226131 1 0 0 1 
892 5359.91 530 0.892667 0.107333 1 0 0 1 
893 5346.33 530 0.497379 0.502621 1 0 0 1 
894 5337.36 530 0.478165 0.521835 1 0 0 1 
895 5303.7 530 0.39479 0.60521 1 0 0 1 
896 5269.57 530 0.404752 0.595248 1 0 0 1 
897 5244.88 530 0.407651 0.592349 1 0 0 1 
898 5219.99 530 0.414774 0.585226 1 0 0 1 
899 5154.83 530 0.427281 0.572719 1 0 0 1 
900 5068.78 530 0.4342 0.5658 1 0 0 1 
901 5017.35 530 0.437621 0.562379 1 0 0 1 
902 4919.97 530 0.462398 0.537602 1 0 0 1 
903 4846.69 530 0.53775 0.46225 1 0 0 1 
904 4815.65 530 0.721216 0.278784 1 0 0 1 
905 5520.81 530 0.673451 0.326549 1 0 0 1 
906 5519.47 530 0.506651 0.493349 1 0 0 1 
907 5506.39 530 0.427339 0.572661 1 0 0 1 
908 5492.34 530 0.421435 0.578565 1 0 0 1 
909 5482.62 530 0.413877 0.586123 1 0 0 1 
910 5461.77 530 0.423617 0.576383 1 0 0 1 
911 5436.84 530 0.438053 0.561947 1 0 0 1 
912 5411.98 530 0.449631 0.550369 1 0 0 1 
913 5389.1 530 0.469837 0.530163 1 0 0 1 
914 5376.82 530 0.644147 0.355853 1 0 0 1 
915 5347.17 530 0.955467 0.0445332 1 0 0 1 
916 5327.85 530 0.561353 0.438647 1 0 0 1 
917 5304.69 530 0.458447 0.541553 1 0 0 1 
918 5270.37 530 0.417629 0.582371 1 0 0 1 
919 5149.99 530 0.420005 0.579995 1 0 0 1 
920 5055.4 530 0.429347 0.570653 1 0 0 1 
921 4869.08 530 0.444848 0.555152 1 0 0 1 
922 4755.03 530 0.482163 0.517837 1 0 0 1 
923 4669.12 530 0.636773 0.363227 1 0 0 1 
924 5514.31 530 0.874387 0.125613 1 0 0 1 
925 5513.36 530 0.835002 0.164998 1 0 0 1 
926 5509.95 530 0.626082 0.373918 1 0 0 1 
927 5506.22 530 0.636319 0.363681 1 0 0 1 
928 5496.16 530 0.47929 0.52071 1 0 0 1 
929 5470.85 530 0.470748 0.529252 1 0 0 1 
930 5448.23 530 0.465237 0.534763 1 0 0 1 
931 5423.42 530 0.458407 0.541593 1 0 0 1 
932 5387.42 530 0.739289 0.260711 1 0 0 1 
933 5363.03 530 0.899324 0.100676 1 0 0 1 
934 5331.1 530 0.983105 0.0168947 1 0 0 1 
935 5305.74 530 0.743262 0.256738 1 0 0 1 
936 5277.86 530 0.488344 0.511656 1 0 0 1 
937 5198 530 0.435344 0.564656 1 0 0 1 
938 5160.3 530 0.43306 0.56694 1 0 0 1 
939 5063.54 530 0.424709 0.575291 1 0 0 1 
940 4933.13 530 0.430575 0.569425 1 0 0 1 
941 4850.97 530 0.435855 0.564145 1 0 0 1 
942 4686.36 530 0.45114 0.54886 1 0 0 1 
943 4584.89 530 0.471114 0.528886 1 0 0 1 
944 4479.39 530 0.612599 0.387401 1 0 0 1 
945 5510.27 530 0.968316 0.0316842 1 0 0 1 
946 5507.35 530 0.942963 0.0570365 1 0 0 1 
947 5496.47 530 0.831834 0.168166 1 0 0 1 
948 5484.09 530 0.632967 0.367033 1 0 0 1 
949 5475.36 530 0.70222 0.29778 1 0 0 1 
950 5457.42 530 0.626002 0.373998 1 0 0 1 
951 5444.79 530 0.683714 0.316286 1 0 0 1 
952 5421.4 530 0.792232 0.207768 1 0 0 1 
953 5398.19 530 0.758608 0.241392 1 0 0 1 
954 5372.91 530 0.908276 0.0917243 1 0 0 1 
955 5350.03 530 0.967689 0.0323107 1 0 0 1 
956 5337.9 530 0.98654 0.0134605 1 0 0 1 
957 5311.89 530 0.992552 0.00744842 1 0 0 1 
958 5263.17 530 0.678154 0.321846 1 0 0 1 
959 5239.48 530 0.558755 0.441245 1 0 0 1 
960 5211.26 530 0.522725 0.477275 1 0 0 1 
961 5136.22 530 0.467433 0.532567 1 0 0 1 
962 5027.72 530 0.455322 0.544678 1 0 0 1 
963 4874.62 530 0.452176 0.547824 1 0 0 1 
964 4670.42 530 0.444303 0.555697 1 0 0 1 
965 4326.8 530 0.487296 0.512704 1 0 0 1 
966 4252.98 530 0.572962 0.427038 1 0 0 1 
967 5507.27 530 0.995151 0.00484913 1 0 0 1 
968 5506.17 530 0.996088 0.00391184 1 0 0 1 
969 5501.48 530 0.96148 0.0385195 1 0 0 1 
970 5492.88 530 0.968399 0.0316014 1 0 0 1 
971 5486.65 530 0.96985 0.0301503 1 0 0 1 
972 5462.95 530 0.89199 0.10801 1 0 0 1 
973 5430.75 530 0.868086 0.131914 1 0 0 1 
974 5408.02 530 0.918404 0.081596 1 0 0 1 
975 5383.77 530 0.927178 0.0728217 1 0 0 1 
976 5359.9 530 0.97128 0.0287196 1 0 0 1 
977 5334.13 530 0.991725 0.00827453 1 0 0 1 
978 5306.07 530 0.997279 0.00272099 1 0 0 1 
979 5271.7 530 0.937521 0.0624793 1 0 0 1 
980 5155.17 530 0.628521 0.371479 1 0 0 1 
981 5068 530 0.498069 0.501931 1 0 0 1 
982 4925.27 530 0.480327 0.519673 1 0 0 1 
983 4717.6 530 0.469243 0.530757 1 0 0 1 
984 4424.47 530 0.455994 0.544006 1 0 0 1 
985 4242 530 0.463493 0.536507 1 0 0 1 
986 4061.7 530 0.478348 0.521652 1 0 0 1 
987 3934.3 530 0.531715 0.468285 1 0 0 1 
988 5505.44 530 0.999597 0.000402506 1 0 0 1 
989 5502.47 530 0.999606 0.0003945 1 0 0 1 
990 5495.73 530 0.99282 0.00718039 1 0 0 1 
991 5477.87 530 0.973413 0.0265869 1 0 0 1 
992 5469.65 530 0.976121 0.0238788 1 0 0 1 
993 5451.39 530 0.958885 0.0411153 1 0 0 1 
994 5429.94 530 0.987883 0.0121169 1 0 0 1 
995 5407.5 530 0.996474 0.00352608 1 0 0 1 
996 5371.06 530 0.97617 0.0238297 1 0 0 1 
997 5359.1 530 0.991048 0.0089525 1 0 0 1 
998 5317.81 530 0.997365 0.00263476 1 0 0 1 
999 5284.27 530 0.998863 0.00113679 1 0 0 1 
1000 5264.32 530 0.985317 0.0146827 1 0 0 1 
1001 5212.96 530 0.850627 0.149373 1 0 0 1 
1002 5178.9 530 0.824379 0.175621 1 0 0 1 
1003 5096.25 530 0.706007 0.293993 1 0 0 1 
1004 4975.62 530 0.564763 0.435237 1 0 0 1 
1005 4801.95 530 0.498795 0.501205 1 0 0 1 
1006 4521.17 530 0.484945 0.515055 1 0 0 1 
1007 4052.84 530 0.470708 0.529292 1 0 0 1 
1008 3738.67 530 0.475472 0.524528 1 0 0 1 
1009 3435.08 530 0.498265 0.501735 1 0 0 1 
1010 5504.31 530 0.999978 2.16077e-005 1 0 0 1 
1011 5503.17 530 0.999984 1.5914e-005 1 0 0 1 
1012 5501.31 530 0.999979 2.10219e-005 1 0 0 1 
1013 5498.3 530 0.999973 2.65578e-005 1 0 0 1 
1014 5494.55 530 0.999584 0.000415827 1 0 0 1 
1015 5489.64 530 0.998388 0.00161189 1 0 0 1 
1016 5483.37 530 0.99876 0.0012398 1 0 0 1 
1017 5476.65 530 0.998144 0.00185647 1 0 0 1 
1018 5468.71 530 0.99843 0.00156962 1 0 0 1 
1019 5459.85 530 0.996119 0.0038807 1 0 0 1 
1020 5450.45 530 0.997175 0.00282523 1 0 0 1 
1021 5440.14 530 0.993326 0.00667407 1 0 0 1 
1022 5429.47 530 0.997367 0.00263324 1 0 0 1 
1023 5418.38 530 0.997639 0.00236138 1 0 0 1 
1024 5407.01 530 0.999108 0.000892408 1 0 0 1 
1025 5395.15 530 0.999292 0.000708359 1 0 0 1 
1026 5382.59 530 0.999223 0.000777456 1 0 0 1 
1027 5370.62 530 0.999301 0.000699341 1 0 0 1 
1028 5358.22 530 0.999435 0.000565275 1 0 0 1 
1029 5344.92 530 0.998279 0.00172087 1 0 0 1 
1030 5330.47 530 0.999101 0.000899451 1 0 0 1 
1031 5315.88 530 0.999491 0.000508686 1 0 0 1 
1032 5299.35 530 0.999384 0.000615744 1 0 0 1 
1033 5281.28 530 0.999649 0.000350709 1 0 0 1 
1034 5260.21 530 0.998246 0.00175404 1 0 0 1 
1035 5235.03 530 0.995603 0.00439657 1 0 0 1 
1036 5206.61 530 0.974577 0.0254233 1 0 0 1 
1037 5171.99 530 0.956569 0.0434311 1 0 0 1 
1038 5130.7 530 0.920601 0.0793985 1 0 0 1 
1039 5083.75 530 0.884819 0.115181 1 0 0 1 
1040 5024.8 530 0.831575 0.168425 1 0 0 1 
1041 4956.67 530 0.781687 0.218313 1 0 0 1 
1042 4870.27 530 0.711322 0.288678 1 0 0 1 
1043 4768.02 530 0.661301 0.338699 1 0 0 1 
1044 4631.52 530 0.605271 0.394729 1 0 0 1 
1045 4466.82 530 0.565921 0.434079 1 0 0 1 
1046 4232.63 530 0.526277 0.473723 1 0 0 1 
1047 3913.05 530 0.497923 0.502077 1 0 0 1 
1048 3395.99 530 0.489968 0.510032 1 0 0 1 
1049 2518.66 530 0.495903 0.504097 1 0 0 1 
64628.7 0 

6000 
0
200
0 -41685 

2500 
0
200
24033.9 8249.39 
