#   --- Field Data ----------------------------------
Field_Name:   unknown
#   --- Reservoirs Data ------------------------------
NumOfReservoirs  		1
RESERVOIR_NAME     RES1
GRID_DATA    #########################################
GRIDSIZE     1050 1 1
DX  
200  
DY  
200  
DZ  
50  
PERMX  
1  
PERMY  
1  
PERMZ  
1  
PORO  
0.3  
DEPTH       
2000  
VOLUME  
2.500000  
2.500000  
3.125000  
2.500000  
2.500000  
2.500000  
3.125000  
2.500000  
2.500000  
2.500000  
3.437500  
3.437500  
2.500000  
3.125000  
2.500000  
2.500000  
3.125000  
2.500000  
2.500000  
2.500000  
3.125000  
2.500000  
3.125000  
2.500000  
3.125000  
2.500000  
3.125000  
2.500000  
3.437500  
3.437500  
2.500000  
3.125000  
2.500000  
3.125000  
2.500000  
3.125000  
2.500000  
3.125000  
2.500000  
2.500000  
2.500000  
3.437500  
3.437500  
2.500000  
3.125000  
3.125000  
2.500000  
3.750000  
5.520833  
3.437500  
3.750000  
3.125000  
2.500000  
3.125000  
4.375000  
4.375000  
4.375000  
4.375000  
4.375000  
4.375000  
4.375000  
4.062500  
3.437500  
2.500000  
2.500000  
3.437500  
3.437500  
2.500000  
2.500000  
3.125000  
2.500000  
3.125000  
4.687500  
4.479167  
4.791667  
4.375000  
2.500000  
2.500000  
2.500000  
3.750000  
5.000000  
5.000000  
5.000000  
4.062500  
4.687500  
5.000000  
5.000000  
4.687500  
4.375000  
4.062500  
2.500000  
2.500000  
2.500000  
3.125000  
2.500000  
3.125000  
2.500000  
2.500000  
2.500000  
2.500000  
3.750000  
4.687500  
5.833333  
6.041667  
3.750000  
2.500000  
2.500000  
2.500000  
3.750000  
4.687500  
4.687500  
4.687500  
4.166667  
5.000000  
5.000000  
5.000000  
5.000000  
3.125000  
2.500000  
2.500000  
2.500000  
3.125000  
3.125000  
2.500000  
2.500000  
2.500000  
2.500000  
4.375000  
4.687500  
4.583333  
5.000000  
3.750000  
2.500000  
2.500000  
3.125000  
3.125000  
4.062500  
4.479167  
4.687500  
4.791667  
5.000000  
5.000000  
5.000000  
5.000000  
4.375000  
2.500000  
2.500000  
3.125000  
2.500000  
2.500000  
3.125000  
2.500000  
2.500000  
3.437500  
3.437500  
3.437500  
6.145833  
6.041667  
4.375000  
6.145833  
3.125000  
3.125000  
3.750000  
4.791667  
6.041667  
4.479167  
4.687500  
5.000000  
5.000000  
5.000000  
3.125000  
3.125000  
3.750000  
2.500000  
2.500000  
2.500000  
3.750000  
4.791667  
5.937500  
5.937500  
4.166667  
2.500000  
2.500000  
3.125000  
3.125000  
3.125000  
4.062500  
5.729167  
5.104167  
5.000000  
5.000000  
5.104167  
5.000000  
4.375000  
2.500000  
2.500000  
4.375000  
3.125000  
2.500000  
3.125000  
5.000000  
5.000000  
6.145833  
4.375000  
5.937500  
6.145833  
3.437500  
2.500000  
2.500000  
3.125000  
4.375000  
4.687500  
4.479167  
5.000000  
6.041667  
6.041667  
5.104167  
5.000000  
3.125000  
3.437500  
5.520833  
2.500000  
2.500000  
2.500000  
4.375000  
5.000000  
5.000000  
5.104167  
5.000000  
3.750000  
2.500000  
2.500000  
2.500000  
3.541667  
4.687500  
5.000000  
4.791667  
5.000000  
5.000000  
5.104167  
6.041667  
4.375000  
2.500000  
3.541667  
3.541667  
2.500000  
3.125000  
4.687500  
4.062500  
5.000000  
4.062500  
4.062500  
3.750000  
3.125000  
2.500000  
2.500000  
3.541667  
5.000000  
6.041667  
4.062500  
4.062500  
5.000000  
6.041667  
5.104167  
5.000000  
5.000000  
3.125000  
2.500000  
5.520833  
3.437500  
2.500000  
2.500000  
4.375000  
3.750000  
4.062500  
4.062500  
2.500000  
2.500000  
3.437500  
3.437500  
3.125000  
3.125000  
3.437500  
4.375000  
6.041667  
6.145833  
4.687500  
4.687500  
5.104167  
5.000000  
5.000000  
4.375000  
2.500000  
3.437500  
4.062500  
2.500000  
2.500000  
3.125000  
5.000000  
4.687500  
3.437500  
2.500000  
2.500000  
2.500000  
2.500000  
2.500000  
4.062500  
4.062500  
5.000000  
6.250000  
4.583333  
4.687500  
4.687500  
4.479167  
4.687500  
5.000000  
5.000000  
4.687500  
3.437500  
3.437500  
4.062500  
2.500000  
2.500000  
2.500000  
4.375000  
6.041667  
4.062500  
3.125000  
2.500000  
2.500000  
3.125000  
2.500000  
3.750000  
4.687500  
4.375000  
5.104167  
7.395833  
4.687500  
4.375000  
4.687500  
5.000000  
4.791667  
4.375000  
3.437500  
2.500000  
4.375000  
3.125000  
2.500000  
3.125000  
5.000000  
5.833333  
3.437500  
3.125000  
3.750000  
4.062500  
4.687500  
4.687500  
5.000000  
6.145833  
6.145833  
5.000000  
5.000000  
5.104167  
4.791667  
4.375000  
2.500000  
3.125000  
4.375000  
2.500000  
2.500000  
2.500000  
4.375000  
5.104167  
5.104167  
4.166667  
2.500000  
3.125000  
2.500000  
3.125000  
3.750000  
5.000000  
5.000000  
5.000000  
5.000000  
5.104167  
4.062500  
4.687500  
5.000000  
5.833333  
4.479167  
6.041667  
3.125000  
2.500000  
4.375000  
3.125000  
2.500000  
3.125000  
6.145833  
5.104167  
5.104167  
3.125000  
2.500000  
2.500000  
3.125000  
5.000000  
5.000000  
5.000000  
5.000000  
4.687500  
4.062500  
5.000000  
6.145833  
4.791667  
4.375000  
2.500000  
3.125000  
4.375000  
2.500000  
2.500000  
2.500000  
3.750000  
7.395833  
4.375000  
2.500000  
2.500000  
2.500000  
2.500000  
3.750000  
5.000000  
5.000000  
5.000000  
4.062500  
4.687500  
5.000000  
5.000000  
5.104167  
6.145833  
4.479167  
4.687500  
3.125000  
2.500000  
3.750000  
3.125000  
2.500000  
2.500000  
2.500000  
3.437500  
4.583333  
6.145833  
3.750000  
2.500000  
2.500000  
3.125000  
2.500000  
4.375000  
5.000000  
5.000000  
4.687500  
4.062500  
4.687500  
4.375000  
5.000000  
4.687500  
5.208333  
4.375000  
2.500000  
2.500000  
2.500000  
3.750000  
2.500000  
2.500000  
2.500000  
2.500000  
2.500000  
4.062500  
6.145833  
5.000000  
3.125000  
3.125000  
3.750000  
4.687500  
4.687500  
5.000000  
5.000000  
4.375000  
4.687500  
4.062500  
4.791667  
5.000000  
6.041667  
3.125000  
2.500000  
3.750000  
3.125000  
2.500000  
2.500000  
2.500000  
3.125000  
5.000000  
5.000000  
4.375000  
2.500000  
2.500000  
3.125000  
2.500000  
3.125000  
4.062500  
4.062500  
4.062500  
6.041667  
5.104167  
3.750000  
4.062500  
4.375000  
4.791667  
4.062500  
4.791667  
5.000000  
4.375000  
2.500000  
3.437500  
5.520833  
2.500000  
2.500000  
2.500000  
2.500000  
2.500000  
4.375000  
5.000000  
4.687500  
3.437500  
2.500000  
2.500000  
2.500000  
3.125000  
5.000000  
4.791667  
4.166667  
3.750000  
5.000000  
4.791667  
4.791667  
5.000000  
3.125000  
3.541667  
4.895833  
2.500000  
2.500000  
2.500000  
3.125000  
5.000000  
3.750000  
4.062500  
3.437500  
2.500000  
2.500000  
2.500000  
2.500000  
4.375000  
5.000000  
5.208333  
7.083333  
4.687500  
5.000000  
5.729167  
4.375000  
5.729167  
4.479167  
4.687500  
3.750000  
2.500000  
2.500000  
5.625000  
3.750000  
2.500000  
3.125000  
2.500000  
4.375000  
4.687500  
4.062500  
4.375000  
2.500000  
2.500000  
2.500000  
2.500000  
3.437500  
5.000000  
5.104167  
5.104167  
5.000000  
4.375000  
4.791667  
4.791667  
3.750000  
3.125000  
2.500000  
3.125000  
5.208333  
5.000000  
4.375000  
4.375000  
5.000000  
5.000000  
3.125000  
2.500000  
2.500000  
2.500000  
3.437500  
5.000000  
5.000000  
6.041667  
6.145833  
4.687500  
5.000000  
4.479167  
4.479167  
4.375000  
5.729167  
4.166667  
3.125000  
2.500000  
4.166667  
5.000000  
5.000000  
5.000000  
5.104167  
5.000000  
3.750000  
2.500000  
2.500000  
2.500000  
2.500000  
2.500000  
4.375000  
5.000000  
5.000000  
4.583333  
4.687500  
6.041667  
4.479167  
5.000000  
4.166667  
2.500000  
2.500000  
3.437500  
6.041667  
5.000000  
4.687500  
5.104167  
3.750000  
2.500000  
2.500000  
2.500000  
2.500000  
2.500000  
3.125000  
4.687500  
6.041667  
5.104167  
4.687500  
4.583333  
4.687500  
4.062500  
5.104167  
5.729167  
6.041667  
4.062500  
2.500000  
2.500000  
2.500000  
4.375000  
5.000000  
4.791667  
4.375000  
5.000000  
4.791667  
2.500000  
2.500000  
2.500000  
2.500000  
2.500000  
2.500000  
2.500000  
4.062500  
4.479167  
6.145833  
5.729167  
5.104167  
4.062500  
4.687500  
4.479167  
4.791667  
5.000000  
3.125000  
2.500000  
3.125000  
4.687500  
5.104167  
5.000000  
3.750000  
2.500000  
2.500000  
2.500000  
2.500000  
2.500000  
2.500000  
2.500000  
3.125000  
4.166667  
4.062500  
5.520833  
4.166667  
4.375000  
4.062500  
4.166667  
4.791667  
4.375000  
2.500000  
2.500000  
2.500000  
3.125000  
3.437500  
5.000000  
5.416667  
3.750000  
2.500000  
2.500000  
2.500000  
2.500000  
2.500000  
2.500000  
2.500000  
2.500000  
2.500000  
3.437500  
3.437500  
2.500000  
2.500000  
3.437500  
3.541667  
2.500000  
3.437500  
3.541667  
2.500000  
3.125000  
2.500000  
3.125000  
2.500000  
2.500000  
4.791667  
4.375000  
4.687500  
3.125000  
2.500000  
2.500000  
2.500000  
2.500000  
3.750000  
3.750000  
2.500000  
3.125000  
2.500000  
2.500000  
2.500000  
2.500000  
2.500000  
2.500000  
2.500000  
2.500000  
2.500000  
2.500000  
2.500000  
2.500000  
2.500000  
2.500000  
2.500000  
2.500000  
2.500000  
2.500000  
2.500000  
2.500000  
2.500000  
2.500000  
2.500000  
2.500000  
2.500000  
2.500000  
3.750000  
4.375000  
2.500000  
2.500000  
2.500000  
3.125000  
2.500000  
2.500000  
3.125000  
2.500000  
2.500000  
2.500000  
2.500000  
2.500000  
3.125000  
2.500000  
2.500000  
2.500000  
3.125000  
2.500000  
3.125000  
2.500000  
3.541667  
3.750000  
3.437500  
2.500000  
3.125000  
2.500000  
3.125000  
2.500000  
2.500000  
2.500000  
2.500000  
2.500000  
2.500000  
2.500000  
2.500000  
2.500000  
3.125000  
3.437500  
4.687500  
3.125000  
2.500000  
3.750000  
3.750000  
2.500000  
2.500000  
2.500000  
2.500000  
2.500000  
2.500000  
3.125000  
3.125000  
3.125000  
3.437500  
5.520833  
5.520833  
4.375000  
4.375000  
3.750000  
2.500000  
3.437500  
3.437500  
2.500000  
3.125000  
2.500000  
3.437500  
4.062500  
4.375000  
4.375000  
2.500000  
3.125000  
5.000000  
3.125000  
3.125000  
2.500000  
2.500000  
3.125000  
2.500000  
3.125000  
3.125000  
3.750000  
4.791667  
6.145833  
5.833333  
4.062500  
6.145833  
5.000000  
4.062500  
4.375000  
4.375000  
5.000000  
5.000000  
3.125000  
2.500000  
4.375000  
4.687500  
4.062500  
3.750000  
3.125000  
4.375000  
4.375000  
5.000000  
6.250000  
5.000000  
5.208333  
3.750000  
4.166667  
5.104167  
4.479167  
4.687500  
5.000000  
5.000000  
5.000000  
5.000000  
5.000000  
4.375000  
2.500000  
3.125000  
5.000000  
5.000000  
4.062500  
4.687500  
5.000000  
5.000000  
6.145833  
4.479167  
4.687500  
6.145833  
4.687500  
6.145833  
6.145833  
5.000000  
5.000000  
5.000000  
4.687500  
3.437500  
2.500000  
4.375000  
5.000000  
5.104167  
5.000000  
5.000000  
4.687500  
5.104167  
4.791667  
6.145833  
5.000000  
6.145833  
4.687500  
5.833333  
4.375000  
5.000000  
4.375000  
4.687500  
4.687500  
4.375000  
3.437500  
3.125000  
5.000000  
4.791667  
5.000000  
5.000000  
4.687500  
4.479167  
5.000000  
6.145833  
5.000000  
4.791667  
4.375000  
5.104167  
4.583333  
4.687500  
5.104167  
4.687500  
5.000000  
4.687500  
5.000000  
3.750000  
2.500000  
2.500000  
4.375000  
6.041667  
4.375000  
4.687500  
5.000000  
5.104167  
5.000000  
6.041667  
4.687500  
5.729167  
5.000000  
5.937500  
5.000000  
5.000000  
5.000000  
5.000000  
4.687500  
3.437500  
2.500000  
2.500000  
3.125000  
4.375000  
4.375000  
4.062500  
4.062500  
5.416667  
4.375000  
4.479167  
3.750000  
3.541667  
4.375000  
3.750000  
3.437500  
5.104167  
4.062500  
4.375000  
4.375000  
4.375000  
4.375000  
3.125000  
2.500000  
2.500000  
2.500000  
3.125000  
2.500000  
3.125000  
2.500000  
3.437500  
3.437500  
2.500000  
2.500000  
3.125000  
2.500000  
3.125000  
2.500000  
3.125000  
2.500000  
3.541667  
3.437500  
2.500000  
2.500000  
3.541667  
3.437500  
2.500000  
3.125000  
2.500000  
2.500000  
3.125000  
2.500000  
2.500000  
3.125000  
2.500000  
3.125000  
2.500000  
3.125000  
2.500000  
3.125000  
2.500000  
3.125000  
2.500000  
2.500000  
2.500000  
  
CONNECTION  
2411  
0  	    1	 1.000000
0  	   40	 1.000000
1  	    2	 1.000000
1  	   41	 1.000000
2  	    3	 1.000000
2  	   41	 0.446766
2  	   42	 0.446766
3  	    4	 1.996008
3  	   42	 1.000000
4  	    5	 1.996008
4  	   43	 500.000000
5  	    6	 1.000000
5  	   44	 1.000000
6  	    7	 1.000000
6  	   44	 0.446766
6  	   45	 0.446766
7  	    8	 1.000000
7  	   45	 1.000000
8  	    9	 1.000000
8  	   46	 1.000000
9  	   10	 1.000000
9  	   47	 1.000000
10  	   11	 1.340298
10  	   47	 0.446766
10  	   72	 0.242464
11  	   12	 1.000000
11  	   48	 0.446766
11  	   73	 0.242464
12  	   13	 1.000000
12  	   48	 1.000000
13  	   14	 1.000000
13  	   48	 0.446766
13  	   49	 0.446766
14  	   15	 1.000000
14  	   49	 1.000000
15  	   16	 1.000000
15  	   50	 1.000000
16  	   17	 1.000000
16  	   50	 0.446766
16  	   51	 0.446766
17  	   18	 1.000000
17  	   51	 1.000000
18  	   19	 1.000000
18  	   52	 1.000000
19  	   20	 1.000000
19  	   53	 1.000000
20  	   21	 1.000000
20  	   53	 0.446766
20  	   54	 0.446766
21  	   22	 1.000000
21  	   54	 1.000000
22  	   23	 1.000000
22  	   54	 0.446766
22  	   55	 0.446766
23  	   24	 1.000000
23  	   55	 1.000000
24  	   25	 1.000000
24  	   55	 0.446766
24  	   56	 0.446766
25  	   26	 1.000000
25  	   56	 1.000000
26  	   27	 1.000000
26  	   56	 0.446766
26  	   57	 0.446766
27  	   28	 1.000000
27  	   57	 1.000000
28  	   29	 1.340298
28  	   57	 0.446766
28  	   83	 0.242464
29  	   30	 1.000000
29  	   58	 0.446766
29  	   84	 0.242464
30  	   31	 1.000000
30  	   58	 1.000000
31  	   32	 1.000000
31  	   58	 0.446766
31  	   59	 0.446766
32  	   33	 1.000000
32  	   59	 1.000000
33  	   34	 1.000000
33  	   59	 0.446766
33  	   60	 0.446766
34  	   35	 1.000000
34  	   60	 1.000000
35  	   36	 1.000000
35  	   60	 0.446766
35  	   61	 0.446766
36  	   37	 1.000000
36  	   61	 1.000000
37  	   38	 1.000000
37  	   61	 0.446766
37  	   62	 0.446766
38  	   39	 1.000000
38  	   62	 1.000000
39  	   63	 1.000000
40  	   41	 1.000000
40  	   64	 1.000000
41  	   42	 0.242464
41  	   65	 1.340298
42  	   43	 1.996008
42  	   66	 1.340298
43  	   44	 1.996008
43  	   67	 500.000000
44  	   68	 1.000000
44  	   69	 0.446766
45  	   46	 1.000000
45  	   69	 0.446766
45  	   70	 1.000000
46  	   47	 1.000000
46  	   71	 1.000000
47  	   71	 0.446766
47  	   72	 1.000000
48  	   49	 0.242464
48  	   73	 1.150637
48  	   74	 0.164377
48  	  102	 0.333333
49  	   50	 1.000000
49  	   74	 1.340298
50  	   74	 0.446766
50  	   75	 1.000000
51  	   52	 1.000000
51  	   75	 0.446766
51  	   76	 1.000000
52  	   53	 1.000000
52  	   77	 1.000000
53  	   78	 1.000000
53  	   79	 0.446766
54  	   79	 1.000000
54  	   80	 1.000000
55  	   80	 1.000000
55  	   81	 1.000000
56  	   81	 1.000000
56  	   82	 1.000000
57  	   82	 1.000000
57  	   83	 1.000000
58  	   84	 1.000000
58  	   85	 1.000000
59  	   85	 1.000000
59  	   86	 1.000000
60  	   86	 1.000000
60  	   87	 1.000000
61  	   62	 0.242464
61  	   87	 0.446766
61  	   88	 1.340298
62  	   63	 1.000000
62  	   89	 1.340298
63  	   90	 1.000000
64  	   65	 1.000000
64  	   91	 1.000000
65  	   66	 0.242464
65  	   92	 1.000000
65  	   93	 0.446766
66  	   67	 1.996008
66  	   93	 0.446766
66  	   94	 1.000000
67  	   68	 1.996008
67  	   95	 500.000000
68  	   69	 1.000000
68  	   96	 1.000000
69  	   70	 1.000000
69  	   97	 1.000000
70  	   71	 1.000000
70  	   98	 1.000000
71  	   99	 1.000000
71  	  100	 0.446766
72  	   73	 1.340298
72  	  100	 1.000000
72  	  101	 0.446766
73  	  101	 1.340298
73  	  102	 0.164377
74  	  102	 1.150637
74  	  103	 1.000000
75  	   76	 1.000000
75  	  103	 1.000000
75  	  104	 0.446766
76  	   77	 1.000000
76  	  104	 1.000000
77  	   78	 1.000000
77  	  105	 1.000000
78  	   79	 1.000000
78  	  106	 1.000000
79  	  107	 1.000000
79  	  108	 0.446766
80  	  108	 1.000000
80  	  109	 1.000000
81  	  109	 1.000000
81  	  110	 1.000000
82  	  110	 1.000000
82  	  111	 1.000000
83  	   84	 1.340298
83  	  111	 0.446766
83  	  112	 1.000000
84  	  112	 0.446766
84  	  113	 1.000000
85  	  113	 1.000000
85  	  114	 1.000000
86  	  114	 1.000000
86  	  115	 1.000000
87  	   88	 1.340298
87  	  115	 1.000000
87  	  142	 0.242464
88  	   89	 0.242464
88  	  116	 1.000000
88  	  143	 0.242464
89  	   90	 1.000000
89  	  116	 1.000000
89  	  117	 0.446766
90  	  117	 1.000000
91  	   92	 1.000000
91  	  118	 1.996008
92  	   93	 1.000000
92  	  119	 1.996008
93  	   94	 1.000000
93  	  120	 1.996008
94  	   95	 1.996008
94  	  121	 1.996008
95  	   96	 1.996008
95  	  121	 223.383079
95  	  122	 223.383079
96  	   97	 1.000000
96  	  122	 1.996008
97  	   98	 1.000000
97  	  123	 1.996008
98  	   99	 1.000000
98  	  124	 1.996008
99  	  100	 1.000000
99  	  125	 1.996008
100  	  126	 1.996008
100  	  127	 0.446766
101  	  102	 0.242464
101  	  127	 1.000000
101  	  128	 1.000000
102  	  103	 0.242464
102  	  128	 0.446766
102  	  129	 1.340298
103  	  129	 0.164377
103  	  130	 1.000000
103  	  157	 0.164377
103  	  158	 0.242464
104  	  105	 1.000000
104  	  130	 1.000000
104  	  131	 0.446766
105  	  106	 1.000000
105  	  131	 1.000000
106  	  107	 1.000000
106  	  132	 1.000000
107  	  108	 1.000000
107  	  133	 1.000000
108  	  134	 1.000000
108  	  135	 0.446766
109  	  110	 0.242464
109  	  135	 0.446766
109  	  136	 1.340298
110  	  137	 1.340298
110  	  138	 0.446766
111  	  112	 1.340298
111  	  138	 1.000000
111  	  164	 0.242464
112  	  139	 1.150637
112  	  164	 0.164377
113  	  139	 1.000000
113  	  140	 1.000000
114  	  140	 1.000000
114  	  141	 1.000000
115  	  141	 1.000000
115  	  142	 1.000000
116  	  143	 1.000000
116  	  144	 1.000000
117  	  144	 0.446766
117  	  145	 1.000000
118  	  119	 500.000000
118  	  146	 1.996008
119  	  120	 500.000000
119  	  147	 1.996008
120  	  121	 500.000000
120  	  148	 1.996008
121  	  149	 1.996008
121  	  150	 223.383079
122  	  123	 500.000000
122  	  150	 223.383079
122  	  151	 1.996008
123  	  124	 500.000000
123  	  152	 1.996008
124  	  125	 500.000000
124  	  153	 1.996008
125  	  126	 500.000000
125  	  154	 1.996008
126  	  127	 1.996008
126  	  155	 1.996008
127  	  155	 0.446766
127  	  156	 1.000000
128  	  129	 1.340298
128  	  156	 1.000000
128  	  178	 0.242464
129  	  157	 1.333333
129  	  178	 0.164377
130  	  158	 1.000000
130  	  159	 1.000000
131  	  132	 1.000000
131  	  159	 1.000000
131  	  160	 0.446766
132  	  133	 1.000000
132  	  160	 1.000000
133  	  134	 1.000000
133  	  161	 1.000000
134  	  135	 1.000000
134  	  161	 0.446766
134  	  162	 0.446766
135  	  136	 1.000000
135  	  162	 1.000000
136  	  137	 0.242464
136  	  162	 0.446766
136  	  163	 1.000000
137  	  138	 1.340298
137  	  163	 1.150637
137  	  187	 0.164377
138  	  164	 1.000000
138  	  187	 0.242464
139  	  164	 0.164377
139  	  165	 1.340298
139  	  166	 0.446766
140  	  166	 1.000000
140  	  167	 1.000000
141  	  167	 1.000000
141  	  168	 1.000000
142  	  143	 2.000000
142  	  168	 1.000000
142  	  191	 0.242464
143  	  169	 1.000000
143  	  192	 0.242464
144  	  145	 1.000000
144  	  169	 1.000000
144  	  170	 0.446766
145  	  170	 1.000000
146  	  147	 1.000000
146  	  171	 1.000000
147  	  148	 1.000000
147  	  171	 0.446766
147  	  172	 0.446766
148  	  149	 1.000000
148  	  172	 1.000000
149  	  150	 1.996008
149  	  173	 1.000000
150  	  151	 1.996008
150  	  174	 500.000000
151  	  152	 1.000000
151  	  175	 1.000000
152  	  153	 1.000000
152  	  176	 1.000000
153  	  154	 1.340298
153  	  176	 0.446766
153  	  200	 0.242464
154  	  155	 1.000000
154  	  177	 0.446766
154  	  201	 0.242464
155  	  156	 0.242464
155  	  177	 1.340298
156  	  177	 0.164377
156  	  178	 1.150637
156  	  202	 0.333333
157  	  158	 1.340298
157  	  178	 0.333333
157  	  179	 0.553846
157  	  204	 0.333333
158  	  159	 0.242464
158  	  179	 1.340298
159  	  179	 0.164377
159  	  180	 1.150637
159  	  205	 0.333333
160  	  161	 1.000000
160  	  180	 0.446766
160  	  181	 1.000000
161  	  182	 1.000000
161  	  183	 0.446766
162  	  183	 0.446766
162  	  184	 1.000000
162  	  185	 0.446766
163  	  185	 0.446766
163  	  186	 1.340298
163  	  187	 0.164377
164  	  165	 0.242464
164  	  187	 1.000000
164  	  188	 1.000000
165  	  166	 1.340298
165  	  188	 1.150637
165  	  214	 0.164377
166  	  189	 1.000000
166  	  214	 0.242464
167  	  189	 1.000000
167  	  190	 1.000000
168  	  190	 1.000000
168  	  191	 1.000000
169  	  192	 1.000000
169  	  193	 1.000000
170  	  193	 0.446766
170  	  194	 1.000000
171  	  195	 1.000000
171  	  196	 0.446766
172  	  173	 1.000000
172  	  196	 1.000000
172  	  197	 0.446766
173  	  174	 1.996008
173  	  197	 1.000000
174  	  175	 1.996008
174  	  198	 500.000000
175  	  176	 1.000000
175  	  199	 1.000000
176  	  199	 0.446766
176  	  200	 1.000000
177  	  201	 1.000000
177  	  202	 1.150637
178  	  202	 0.164377
178  	  203	 1.340298
178  	  204	 0.553846
179  	  204	 0.333333
179  	  205	 1.150637
179  	  227	 0.164377
179  	  228	 0.242464
180  	  181	 1.000000
180  	  205	 0.164377
180  	  206	 1.340298
181  	  182	 1.000000
181  	  207	 1.000000
182  	  183	 1.000000
182  	  208	 1.000000
183  	  184	 1.000000
183  	  209	 1.000000
184  	  185	 1.000000
184  	  209	 0.446766
184  	  210	 0.446766
185  	  186	 1.000000
185  	  210	 1.000000
186  	  187	 0.242464
186  	  210	 0.446766
186  	  211	 1.000000
187  	  188	 0.242464
187  	  211	 0.446766
187  	  212	 1.340298
188  	  213	 2.000000
188  	  214	 0.164377
189  	  214	 1.000000
189  	  215	 1.000000
190  	  215	 1.000000
190  	  216	 1.000000
191  	  192	 2.000000
191  	  216	 1.150637
191  	  240	 0.164377
192  	  217	 1.000000
192  	  240	 0.242464
193  	  194	 1.000000
193  	  217	 1.000000
193  	  218	 0.446766
194  	  218	 1.000000
195  	  196	 1.000000
195  	  219	 1.000000
196  	  219	 0.446766
196  	  220	 1.000000
197  	  198	 1.996008
197  	  220	 0.446766
197  	  221	 1.000000
198  	  199	 1.996008
198  	  222	 500.000000
199  	  223	 1.000000
199  	  224	 0.446766
200  	  201	 2.000000
200  	  224	 1.000000
200  	  247	 0.242464
201  	  225	 1.000000
201  	  248	 0.242464
202  	  203	 0.242464
202  	  225	 1.000000
202  	  226	 1.000000
203  	  204	 1.340298
203  	  226	 1.000000
203  	  250	 0.242464
204  	  227	 1.150637
204  	  251	 0.242464
205  	  206	 0.242464
205  	  228	 1.000000
205  	  229	 1.000000
206  	  207	 1.000000
206  	  229	 0.446766
206  	  230	 1.000000
207  	  208	 1.000000
207  	  231	 1.000000
208  	  209	 1.000000
208  	  232	 1.000000
209  	  233	 1.000000
209  	  234	 0.446766
210  	  234	 1.000000
210  	  235	 1.000000
211  	  212	 1.340298
211  	  235	 1.000000
211  	  258	 0.242464
212  	  213	 0.242464
212  	  236	 1.150637
212  	  258	 0.164377
213  	  214	 0.242464
213  	  236	 1.000000
213  	  237	 1.000000
214  	  237	 1.000000
214  	  238	 1.000000
215  	  216	 0.242464
215  	  238	 1.000000
215  	  239	 0.164377
215  	  262	 0.242464
215  	  263	 0.164377
216  	  239	 2.000000
216  	  240	 0.164377
217  	  240	 1.000000
217  	  241	 1.000000
218  	  241	 0.446766
218  	  242	 1.000000
219  	  220	 0.242464
219  	  243	 1.340298
220  	  221	 1.000000
220  	  243	 0.164377
220  	  244	 0.553846
220  	  268	 0.333333
221  	  222	 1.996008
221  	  244	 1.000000
222  	  223	 1.996008
222  	  245	 500.000000
223  	  224	 1.000000
223  	  246	 1.000000
224  	  246	 0.446766
224  	  247	 1.000000
225  	  248	 1.000000
225  	  249	 1.000000
226  	  249	 1.000000
226  	  250	 1.000000
227  	  228	 2.000000
227  	  251	 1.000000
227  	  278	 0.242464
228  	  252	 1.000000
228  	  279	 0.242464
229  	  230	 1.000000
229  	  252	 0.446766
229  	  253	 1.000000
230  	  231	 1.000000
230  	  254	 1.000000
231  	  232	 1.000000
231  	  255	 1.000000
232  	  233	 1.000000
232  	  256	 1.000000
233  	  234	 1.340298
233  	  256	 0.553846
233  	  284	 0.164377
234  	  257	 1.000000
234  	  284	 0.242464
235  	  257	 1.000000
235  	  258	 1.000000
236  	  258	 0.164377
236  	  259	 1.340298
236  	  260	 0.446766
237  	  260	 1.000000
237  	  261	 1.000000
238  	  261	 1.000000
238  	  262	 1.000000
239  	  240	 0.242464
239  	  263	 1.150637
239  	  264	 1.000000
240  	  264	 1.000000
240  	  265	 1.000000
241  	  242	 1.000000
241  	  265	 1.000000
241  	  266	 0.446766
242  	  266	 1.000000
243  	  267	 1.000000
243  	  268	 0.553846
244  	  245	 1.996008
244  	  268	 0.164377
244  	  269	 1.340298
245  	  246	 1.996008
245  	  270	 500.000000
246  	  271	 1.000000
246  	  272	 0.446766
247  	  248	 1.340298
247  	  272	 1.000000
247  	  273	 0.446766
248  	  273	 1.000000
248  	  274	 0.446766
249  	  274	 1.000000
249  	  275	 1.000000
250  	  251	 1.340298
250  	  275	 0.446766
250  	  276	 1.000000
251  	  277	 1.000000
251  	  278	 0.446766
252  	  253	 1.000000
252  	  279	 0.446766
252  	  280	 1.000000
253  	  254	 1.000000
253  	  280	 0.446766
253  	  281	 0.446766
254  	  255	 1.000000
254  	  281	 1.000000
255  	  256	 1.000000
255  	  282	 1.000000
256  	  283	 1.340298
256  	  284	 0.164377
257  	  284	 1.000000
257  	  285	 1.000000
258  	  259	 0.242464
258  	  285	 1.000000
258  	  286	 1.000000
259  	  260	 1.000000
259  	  286	 1.000000
259  	  287	 0.446766
260  	  261	 0.242464
260  	  287	 1.340298
261  	  262	 0.242464
261  	  288	 2.000000
262  	  263	 2.000000
262  	  288	 0.164377
262  	  313	 0.164377
262  	  314	 0.500000
263  	  289	 1.000000
263  	  315	 0.242464
264  	  289	 1.000000
264  	  290	 1.000000
265  	  290	 1.000000
265  	  291	 1.000000
266  	  291	 0.446766
266  	  292	 1.000000
267  	  268	 1.000000
267  	  293	 1.000000
268  	  269	 0.242464
268  	  293	 0.446766
268  	  294	 1.000000
269  	  270	 1.996008
269  	  294	 0.446766
269  	  295	 1.000000
270  	  271	 1.996008
270  	  296	 500.000000
271  	  272	 1.000000
271  	  297	 1.000000
272  	  297	 0.446766
272  	  298	 1.000000
273  	  274	 1.000000
273  	  298	 1.000000
273  	  299	 0.446766
274  	  275	 0.242464
274  	  299	 1.340298
275  	  276	 1.000000
275  	  300	 1.340298
276  	  277	 1.000000
276  	  301	 1.000000
277  	  278	 1.000000
277  	  302	 1.000000
278  	  279	 1.340298
278  	  303	 1.000000
279  	  280	 1.000000
279  	  304	 1.000000
280  	  305	 1.000000
280  	  306	 0.446766
281  	  282	 1.000000
281  	  306	 0.446766
281  	  307	 1.000000
282  	  283	 1.340298
282  	  307	 0.446766
282  	  333	 0.242464
283  	  284	 0.242464
283  	  308	 1.000000
283  	  334	 0.242464
284  	  308	 1.000000
284  	  309	 1.000000
285  	  286	 0.242464
285  	  309	 1.150637
285  	  310	 0.164377
285  	  336	 0.333333
286  	  310	 1.340298
286  	  311	 0.446766
287  	  288	 0.242464
287  	  311	 1.000000
287  	  312	 1.000000
288  	  312	 1.000000
288  	  313	 1.150637
289  	  315	 1.000000
289  	  316	 1.000000
290  	  316	 1.000000
290  	  317	 1.000000
291  	  292	 1.000000
291  	  317	 1.000000
291  	  318	 0.446766
292  	  318	 1.000000
293  	  294	 0.242464
293  	  319	 1.340298
294  	  295	 1.000000
294  	  320	 1.340298
295  	  296	 1.996008
295  	  321	 1.000000
296  	  297	 1.996008
296  	  322	 500.000000
297  	  323	 1.000000
297  	  324	 0.446766
298  	  324	 1.000000
298  	  325	 1.000000
299  	  300	 0.242464
299  	  325	 1.000000
299  	  326	 1.000000
300  	  301	 1.000000
300  	  326	 0.446766
300  	  327	 1.000000
301  	  302	 1.000000
301  	  328	 1.000000
302  	  303	 1.000000
302  	  329	 1.000000
303  	  304	 1.000000
303  	  330	 1.000000
304  	  305	 1.000000
304  	  331	 1.000000
305  	  306	 1.000000
305  	  332	 1.000000
306  	  307	 1.340298
306  	  332	 0.446766
306  	  354	 0.242464
307  	  333	 1.000000
307  	  355	 0.242464
308  	  334	 1.000000
308  	  335	 1.000000
309  	  335	 1.150637
309  	  336	 0.333333
309  	  358	 0.333333
310  	  311	 1.340298
310  	  336	 1.333333
310  	  359	 0.164377
311  	  337	 1.000000
311  	  359	 0.242464
312  	  313	 0.242464
312  	  337	 0.446766
312  	  338	 1.340298
313  	  314	 1.340298
313  	  339	 1.340298
314  	  315	 2.000000
314  	  339	 0.446766
314  	  361	 0.242464
315  	  340	 1.000000
315  	  362	 0.242464
316  	  340	 1.000000
316  	  341	 1.000000
317  	  318	 0.242464
317  	  341	 0.446766
317  	  342	 1.340298
318  	  343	 1.340298
319  	  320	 0.242464
319  	  344	 1.000000
319  	  345	 0.446766
320  	  321	 1.000000
320  	  345	 1.000000
320  	  346	 0.446766
321  	  322	 1.996008
321  	  346	 1.000000
322  	  323	 1.996008
322  	  347	 500.000000
323  	  324	 1.000000
323  	  348	 1.000000
324  	  348	 0.446766
324  	  349	 1.000000
325  	  326	 0.242464
325  	  349	 1.000000
325  	  350	 0.164377
325  	  372	 0.242464
325  	  373	 0.164377
326  	  327	 1.000000
326  	  350	 1.340298
327  	  328	 1.000000
327  	  350	 0.446766
327  	  351	 0.446766
328  	  329	 1.000000
328  	  351	 1.000000
329  	  330	 1.000000
329  	  352	 1.000000
330  	  331	 1.000000
330  	  352	 0.446766
330  	  353	 0.446766
331  	  332	 1.000000
331  	  353	 1.000000
332  	  353	 0.446766
332  	  354	 1.000000
333  	  334	 1.340298
333  	  355	 1.000000
333  	  356	 0.446766
334  	  335	 0.242464
334  	  356	 1.340298
335  	  357	 2.000000
335  	  358	 0.164377
336  	  358	 1.150637
336  	  359	 0.333333
336  	  383	 0.242464
336  	  384	 0.164377
337  	  338	 1.340298
337  	  359	 1.000000
337  	  385	 0.242464
338  	  339	 0.242464
338  	  360	 1.000000
338  	  386	 0.242464
339  	  360	 1.000000
339  	  361	 1.000000
340  	  362	 1.000000
340  	  363	 1.000000
341  	  342	 1.340298
341  	  363	 1.150637
341  	  390	 0.164377
342  	  343	 0.242464
342  	  364	 1.000000
342  	  390	 0.242464
343  	  364	 0.446766
343  	  365	 1.000000
344  	  345	 1.000000
344  	  366	 1.000000
345  	  366	 0.446766
345  	  367	 1.000000
346  	  347	 1.996008
346  	  367	 0.446766
346  	  368	 1.000000
347  	  348	 1.996008
347  	  369	 500.000000
348  	  370	 1.000000
348  	  371	 0.446766
349  	  371	 1.000000
349  	  372	 1.000000
350  	  351	 0.242464
350  	  373	 1.150637
350  	  374	 0.164377
350  	  398	 0.242464
350  	  399	 0.164377
351  	  352	 1.000000
351  	  374	 1.340298
352  	  375	 1.000000
352  	  376	 0.446766
353  	  376	 0.446766
353  	  377	 1.000000
353  	  378	 0.446766
354  	  355	 1.340298
354  	  378	 0.446766
354  	  379	 1.000000
355  	  379	 0.446766
355  	  380	 1.000000
356  	  357	 0.242464
356  	  380	 1.000000
356  	  381	 1.000000
357  	  358	 0.242464
357  	  381	 1.000000
357  	  382	 1.000000
358  	  382	 1.000000
358  	  383	 1.000000
359  	  384	 1.150637
359  	  385	 1.000000
360  	  386	 1.000000
360  	  387	 1.000000
361  	  362	 2.000000
361  	  387	 1.000000
361  	  411	 0.242464
362  	  388	 1.150637
362  	  411	 0.164377
363  	  388	 0.446766
363  	  389	 1.340298
363  	  390	 0.164377
364  	  365	 1.000000
364  	  390	 1.000000
364  	  391	 0.446766
365  	  391	 1.000000
366  	  392	 1.000000
366  	  393	 0.446766
367  	  368	 1.000000
367  	  393	 1.000000
367  	  394	 0.446766
368  	  369	 1.996008
368  	  394	 1.000000
369  	  370	 1.996008
369  	  395	 500.000000
370  	  371	 1.000000
370  	  396	 1.000000
371  	  396	 0.446766
371  	  397	 1.000000
372  	  373	 2.000000
372  	  397	 1.150637
372  	  421	 0.164377
373  	  398	 1.000000
373  	  421	 0.242464
374  	  375	 1.000000
374  	  399	 1.150637
374  	  400	 0.446766
375  	  376	 1.000000
375  	  400	 1.000000
376  	  377	 1.000000
376  	  401	 1.000000
377  	  378	 1.000000
377  	  402	 1.000000
378  	  379	 1.000000
378  	  403	 1.000000
379  	  403	 0.446766
379  	  404	 1.000000
380  	  404	 1.000000
380  	  405	 1.000000
381  	  405	 1.000000
381  	  406	 1.000000
382  	  406	 1.000000
382  	  407	 1.000000
383  	  384	 2.000000
383  	  407	 1.000000
383  	  431	 0.242464
384  	  408	 1.000000
384  	  432	 0.242464
385  	  386	 1.340298
385  	  408	 0.446766
385  	  409	 1.000000
386  	  409	 0.446766
386  	  410	 1.000000
387  	  410	 1.000000
387  	  411	 1.000000
388  	  389	 1.340298
388  	  411	 0.333333
388  	  435	 0.164377
388  	  436	 0.500000
389  	  390	 0.242464
389  	  412	 1.150637
389  	  436	 0.164377
390  	  412	 1.000000
390  	  413	 1.000000
391  	  413	 0.446766
391  	  414	 1.000000
392  	  393	 1.000000
392  	  415	 1.000000
393  	  415	 0.446766
393  	  416	 1.000000
394  	  395	 1.996008
394  	  416	 0.446766
394  	  417	 1.000000
395  	  396	 1.996008
395  	  418	 500.000000
396  	  419	 1.000000
396  	  420	 0.446766
397  	  420	 1.000000
397  	  421	 0.333333
397  	  446	 0.242464
397  	  447	 0.164377
398  	  399	 2.000000
398  	  421	 1.150637
398  	  448	 0.164377
399  	  422	 1.000000
399  	  448	 0.242464
400  	  401	 1.000000
400  	  422	 0.446766
400  	  423	 1.000000
401  	  402	 1.000000
401  	  424	 1.000000
402  	  403	 1.000000
402  	  425	 1.000000
403  	  426	 1.000000
403  	  427	 0.446766
404  	  427	 1.000000
404  	  428	 1.000000
405  	  428	 1.000000
405  	  429	 1.000000
406  	  429	 1.000000
406  	  430	 1.000000
407  	  430	 1.000000
407  	  431	 1.000000
408  	  409	 1.340298
408  	  432	 1.000000
408  	  459	 0.242464
409  	  433	 1.000000
409  	  460	 0.242464
410  	  433	 1.000000
410  	  434	 1.000000
411  	  434	 1.000000
411  	  435	 1.150637
412  	  436	 0.164377
412  	  437	 1.340298
412  	  438	 0.446766
413  	  414	 1.000000
413  	  438	 1.000000
413  	  439	 0.446766
414  	  439	 1.000000
415  	  440	 1.000000
415  	  441	 0.446766
416  	  417	 1.000000
416  	  441	 1.000000
416  	  442	 0.446766
417  	  418	 1.996008
417  	  442	 1.000000
418  	  419	 1.996008
418  	  443	 500.000000
419  	  420	 1.000000
419  	  444	 1.000000
420  	  445	 1.000000
420  	  446	 0.446766
421  	  447	 1.333333
421  	  448	 0.333333
421  	  475	 0.333333
422  	  423	 1.000000
422  	  448	 1.000000
422  	  449	 0.446766
423  	  424	 1.000000
423  	  449	 1.000000
424  	  425	 1.000000
424  	  450	 1.000000
425  	  426	 1.000000
425  	  451	 1.000000
426  	  427	 1.000000
426  	  452	 1.000000
427  	  453	 1.000000
427  	  454	 0.446766
428  	  454	 1.000000
428  	  455	 1.000000
429  	  455	 1.000000
429  	  456	 1.000000
430  	  456	 1.000000
430  	  457	 1.000000
431  	  432	 1.340298
431  	  457	 0.446766
431  	  458	 1.000000
432  	  458	 0.446766
432  	  459	 1.000000
433  	  460	 1.000000
433  	  461	 1.000000
434  	  461	 1.000000
434  	  462	 1.000000
435  	  436	 2.000000
435  	  462	 1.000000
435  	  487	 0.242464
436  	  437	 0.242464
436  	  463	 1.150637
436  	  487	 0.164377
437  	  438	 1.340298
437  	  463	 1.150637
437  	  489	 0.164377
438  	  464	 1.000000
438  	  489	 0.242464
439  	  464	 0.446766
439  	  465	 1.000000
440  	  441	 1.000000
440  	  466	 1.000000
441  	  467	 1.000000
441  	  468	 0.446766
442  	  443	 1.996008
442  	  468	 0.446766
442  	  469	 1.000000
443  	  444	 1.996008
443  	  470	 500.000000
444  	  445	 1.000000
444  	  471	 1.000000
445  	  446	 1.000000
445  	  472	 1.000000
446  	  447	 1.340298
446  	  473	 1.000000
447  	  474	 1.340298
447  	  475	 0.164377
448  	  475	 1.150637
448  	  476	 1.000000
449  	  450	 1.000000
449  	  476	 1.000000
449  	  477	 0.446766
450  	  451	 1.000000
450  	  477	 1.000000
451  	  452	 1.000000
451  	  478	 1.000000
452  	  453	 1.000000
452  	  478	 0.446766
452  	  479	 0.446766
453  	  454	 1.000000
453  	  479	 1.000000
454  	  479	 0.446766
454  	  480	 1.000000
455  	  480	 1.000000
455  	  481	 1.000000
456  	  481	 1.000000
456  	  482	 1.000000
457  	  458	 1.340298
457  	  482	 1.000000
457  	  509	 0.242464
458  	  483	 1.000000
458  	  510	 0.242464
459  	  460	 1.340298
459  	  483	 1.000000
459  	  484	 0.446766
460  	  461	 0.242464
460  	  484	 1.340298
461  	  462	 0.242464
461  	  485	 2.000000
462  	  486	 1.340298
462  	  487	 0.446766
463  	  487	 0.164377
463  	  488	 2.000000
463  	  489	 0.164377
464  	  465	 1.000000
464  	  489	 1.000000
464  	  490	 0.446766
465  	  490	 1.000000
466  	  467	 1.000000
466  	  491	 1.000000
467  	  468	 1.000000
467  	  492	 1.000000
468  	  469	 1.000000
468  	  492	 0.446766
468  	  493	 0.446766
469  	  470	 1.996008
469  	  493	 1.000000
470  	  471	 1.996008
470  	  494	 500.000000
471  	  472	 1.000000
471  	  495	 1.000000
472  	  473	 1.000000
472  	  496	 1.000000
473  	  474	 1.000000
473  	  497	 1.000000
474  	  475	 0.242464
474  	  497	 0.446766
474  	  498	 1.000000
475  	  498	 1.000000
475  	  499	 1.000000
476  	  499	 1.000000
476  	  500	 1.000000
477  	  478	 1.000000
477  	  500	 0.446766
477  	  501	 1.000000
478  	  502	 1.000000
478  	  503	 0.446766
479  	  503	 0.446766
479  	  504	 1.000000
479  	  505	 0.446766
480  	  481	 0.242464
480  	  505	 0.446766
480  	  506	 1.340298
481  	  507	 1.340298
481  	  508	 0.446766
482  	  508	 1.000000
482  	  509	 1.000000
483  	  510	 1.000000
483  	  511	 1.000000
484  	  485	 0.500000
484  	  511	 0.446766
484  	  512	 1.340298
485  	  486	 0.242464
485  	  513	 1.340298
485  	  514	 0.446766
486  	  487	 1.000000
486  	  514	 1.000000
486  	  515	 0.446766
487  	  488	 0.242464
487  	  515	 1.000000
487  	  516	 0.446766
488  	  489	 0.242464
488  	  516	 1.000000
488  	  517	 1.000000
489  	  517	 1.000000
489  	  518	 1.000000
490  	  518	 0.446766
490  	  519	 1.000000
491  	  492	 1.000000
491  	  520	 1.000000
492  	  520	 0.446766
492  	  521	 1.000000
493  	  494	 1.996008
493  	  521	 0.446766
493  	  522	 1.000000
494  	  495	 1.996008
494  	  523	 1.996008
495  	  496	 1.000000
495  	  524	 1.000000
496  	  497	 1.000000
496  	  525	 1.000000
497  	  526	 1.000000
497  	  527	 0.446766
498  	  527	 1.000000
498  	  528	 1.000000
499  	  528	 1.000000
499  	  529	 1.000000
500  	  501	 1.000000
500  	  529	 1.000000
500  	  530	 0.446766
501  	  502	 1.000000
501  	  530	 1.000000
502  	  503	 1.000000
502  	  531	 1.000000
503  	  504	 1.000000
503  	  532	 1.000000
504  	  505	 1.000000
504  	  533	 1.000000
505  	  506	 1.000000
505  	  534	 1.000000
506  	  507	 0.242464
506  	  534	 0.446766
506  	  535	 1.000000
507  	  508	 1.000000
507  	  535	 1.000000
507  	  536	 0.446766
508  	  509	 0.242464
508  	  536	 1.340298
509  	  510	 2.000000
509  	  536	 0.164377
509  	  560	 0.164377
509  	  561	 0.500000
510  	  537	 1.150637
510  	  561	 0.164377
511  	  512	 1.000000
511  	  537	 0.446766
511  	  538	 1.000000
512  	  513	 0.242464
512  	  538	 0.446766
512  	  539	 1.000000
513  	  514	 1.340298
513  	  539	 1.000000
513  	  564	 0.242464
514  	  540	 1.150637
514  	  564	 0.164377
515  	  516	 1.340298
515  	  540	 1.000000
515  	  566	 0.242464
516  	  541	 1.150637
516  	  566	 0.164377
517  	  541	 1.000000
517  	  542	 1.000000
518  	  519	 1.000000
518  	  542	 1.000000
518  	  543	 0.446766
519  	  543	 1.000000
520  	  521	 0.242464
520  	  544	 1.340298
521  	  522	 1.000000
521  	  544	 0.164377
521  	  545	 0.553846
521  	  572	 0.333333
522  	  523	 1.000000
522  	  545	 1.000000
523  	  524	 1.000000
523  	  546	 1.000000
524  	  525	 1.000000
524  	  547	 1.000000
525  	  526	 1.000000
525  	  548	 1.000000
526  	  527	 1.000000
526  	  549	 1.000000
527  	  549	 0.446766
527  	  550	 1.000000
528  	  550	 1.000000
528  	  551	 1.000000
529  	  530	 0.242464
529  	  551	 0.446766
529  	  552	 1.340298
530  	  531	 1.000000
530  	  553	 1.340298
531  	  532	 1.000000
531  	  554	 1.000000
532  	  533	 1.000000
532  	  555	 1.000000
533  	  534	 1.000000
533  	  556	 1.000000
534  	  557	 1.000000
534  	  558	 0.446766
535  	  558	 1.000000
535  	  559	 1.000000
536  	  559	 1.000000
536  	  560	 1.150637
537  	  538	 1.000000
537  	  561	 0.164377
537  	  562	 1.340298
538  	  562	 0.446766
538  	  563	 1.000000
539  	  563	 1.000000
539  	  564	 1.000000
540  	  564	 0.164377
540  	  565	 1.340298
540  	  566	 0.446766
541  	  566	 0.164377
541  	  567	 1.340298
541  	  568	 0.446766
542  	  568	 1.000000
542  	  569	 1.000000
543  	  569	 0.446766
543  	  570	 1.000000
544  	  571	 1.000000
544  	  572	 0.553846
545  	  546	 1.000000
545  	  572	 0.333333
545  	  573	 0.446766
545  	  597	 0.164377
545  	  598	 0.242464
546  	  547	 1.000000
546  	  573	 1.000000
547  	  548	 1.000000
547  	  574	 1.000000
548  	  549	 1.000000
548  	  575	 1.000000
549  	  576	 1.000000
549  	  577	 0.446766
550  	  577	 1.000000
550  	  578	 1.000000
551  	  552	 1.000000
551  	  578	 0.446766
551  	  579	 1.000000
552  	  553	 0.242464
552  	  579	 0.446766
552  	  580	 1.000000
553  	  554	 1.000000
553  	  580	 0.446766
553  	  581	 1.000000
554  	  555	 1.000000
554  	  582	 1.000000
555  	  556	 1.000000
555  	  583	 1.000000
556  	  557	 1.000000
556  	  584	 1.000000
557  	  558	 1.000000
557  	  585	 1.000000
558  	  585	 0.446766
558  	  586	 1.000000
559  	  586	 1.000000
559  	  587	 1.000000
560  	  561	 2.000000
560  	  587	 1.150637
560  	  610	 0.164377
561  	  562	 0.500000
561  	  588	 0.164377
561  	  610	 0.500000
561  	  611	 0.164377
562  	  563	 0.242464
562  	  588	 2.000000
563  	  564	 0.242464
563  	  589	 2.000000
564  	  565	 0.242464
564  	  590	 1.340298
564  	  591	 0.446766
565  	  566	 1.340298
565  	  591	 1.000000
565  	  614	 0.242464
566  	  567	 0.242464
566  	  592	 1.000000
566  	  615	 0.242464
567  	  568	 1.340298
567  	  592	 1.150637
567  	  617	 0.164377
568  	  593	 1.000000
568  	  617	 0.242464
569  	  570	 1.000000
569  	  593	 0.446766
569  	  594	 1.000000
570  	  595	 1.000000
571  	  572	 1.000000
571  	  596	 1.000000
572  	  596	 0.446766
572  	  597	 1.150637
573  	  574	 1.000000
573  	  598	 1.000000
573  	  599	 0.446766
574  	  575	 1.000000
574  	  599	 1.000000
575  	  576	 1.000000
575  	  599	 0.446766
575  	  600	 0.446766
576  	  577	 1.000000
576  	  600	 1.000000
577  	  600	 0.446766
577  	  601	 1.000000
578  	  579	 1.340298
578  	  601	 1.000000
578  	  625	 0.242464
579  	  602	 1.000000
579  	  626	 0.242464
580  	  581	 1.000000
580  	  602	 1.000000
580  	  603	 0.446766
581  	  582	 1.000000
581  	  603	 1.000000
582  	  583	 1.000000
582  	  604	 1.000000
583  	  584	 1.000000
583  	  605	 1.000000
584  	  585	 1.000000
584  	  606	 1.000000
585  	  586	 0.242464
585  	  607	 1.340298
586  	  587	 0.242464
586  	  608	 2.000000
587  	  609	 2.000000
587  	  610	 0.164377
588  	  589	 0.242464
588  	  611	 1.150637
588  	  612	 1.000000
589  	  590	 0.242464
589  	  612	 1.000000
589  	  613	 1.000000
590  	  591	 1.340298
590  	  613	 1.000000
590  	  638	 0.242464
591  	  614	 1.150637
591  	  638	 0.164377
592  	  615	 0.446766
592  	  616	 1.340298
592  	  617	 0.164377
593  	  594	 1.000000
593  	  617	 0.446766
593  	  618	 1.000000
594  	  595	 1.000000
594  	  618	 0.446766
594  	  619	 0.446766
595  	  619	 1.000000
596  	  620	 1.000000
596  	  621	 0.446766
597  	  598	 2.000000
597  	  621	 1.150637
597  	  645	 0.164377
598  	  622	 1.000000
598  	  645	 0.242464
599  	  622	 1.000000
599  	  623	 1.000000
600  	  623	 1.000000
600  	  624	 1.000000
601  	  624	 1.000000
601  	  625	 1.000000
602  	  626	 1.000000
602  	  627	 1.000000
603  	  604	 1.000000
603  	  627	 0.446766
603  	  628	 1.000000
604  	  605	 1.000000
604  	  629	 1.000000
605  	  606	 1.000000
605  	  630	 1.000000
606  	  607	 1.000000
606  	  631	 1.000000
607  	  608	 0.242464
607  	  632	 1.000000
607  	  633	 0.446766
608  	  609	 0.242464
608  	  633	 1.000000
608  	  634	 1.000000
609  	  610	 0.242464
609  	  634	 1.000000
609  	  635	 1.000000
610  	  611	 2.000000
610  	  635	 1.000000
610  	  658	 0.242464
611  	  612	 0.242464
611  	  636	 0.164377
611  	  659	 0.500000
611  	  660	 0.164377
612  	  636	 1.340298
612  	  637	 0.446766
613  	  637	 1.000000
613  	  638	 1.000000
614  	  615	 1.340298
614  	  638	 0.164377
614  	  639	 1.340298
615  	  616	 1.340298
615  	  639	 0.553846
615  	  664	 0.164377
616  	  617	 0.242464
616  	  640	 1.000000
616  	  664	 0.242464
617  	  618	 1.340298
617  	  640	 1.000000
617  	  665	 0.242464
618  	  641	 1.150637
618  	  665	 0.164377
619  	  641	 0.446766
619  	  642	 1.000000
620  	  621	 1.000000
620  	  643	 1.000000
621  	  644	 1.340298
621  	  645	 0.164377
622  	  645	 1.000000
622  	  646	 1.000000
623  	  646	 1.000000
623  	  647	 1.000000
624  	  647	 1.000000
624  	  648	 1.000000
625  	  626	 2.000000
625  	  648	 1.150637
625  	  675	 0.164377
626  	  649	 1.000000
626  	  675	 0.242464
627  	  628	 1.000000
627  	  649	 0.446766
627  	  650	 1.000000
628  	  629	 1.000000
628  	  651	 1.000000
629  	  630	 1.000000
629  	  652	 1.000000
630  	  631	 1.000000
630  	  653	 1.000000
631  	  632	 1.000000
631  	  654	 1.000000
632  	  633	 1.000000
632  	  655	 1.000000
633  	  655	 0.446766
633  	  656	 1.000000
634  	  656	 1.000000
634  	  657	 1.000000
635  	  657	 1.000000
635  	  658	 1.000000
636  	  637	 1.340298
636  	  660	 1.333333
636  	  687	 0.164377
637  	  661	 1.000000
637  	  687	 0.242464
638  	  639	 0.242464
638  	  661	 1.000000
638  	  662	 1.000000
639  	  662	 0.446766
639  	  663	 1.340298
639  	  664	 0.164377
640  	  664	 1.000000
640  	  665	 1.000000
641  	  642	 1.000000
641  	  665	 0.164377
641  	  666	 1.340298
642  	  667	 1.000000
643  	  644	 1.000000
643  	  668	 1.000000
644  	  645	 0.242464
644  	  669	 1.000000
644  	  670	 0.446766
645  	  670	 1.000000
645  	  671	 1.000000
646  	  671	 1.000000
646  	  672	 1.000000
647  	  648	 0.242464
647  	  672	 0.446766
647  	  673	 1.340298
648  	  674	 2.000000
648  	  675	 0.164377
649  	  650	 1.000000
649  	  675	 0.446766
649  	  676	 1.000000
650  	  651	 1.000000
650  	  677	 1.000000
651  	  652	 1.000000
651  	  678	 1.000000
652  	  653	 1.000000
652  	  679	 1.000000
653  	  654	 1.000000
653  	  680	 1.000000
654  	  655	 1.000000
654  	  681	 1.000000
655  	  682	 1.000000
655  	  683	 0.446766
656  	  657	 0.242464
656  	  683	 0.446766
656  	  684	 1.340298
657  	  684	 0.164377
657  	  685	 1.000000
657  	  708	 0.164377
657  	  709	 0.242464
658  	  659	 2.000000
658  	  685	 1.150637
658  	  710	 0.164377
659  	  660	 1.340298
659  	  686	 0.446766
659  	  710	 0.242464
660  	  686	 1.340298
660  	  687	 0.164377
661  	  662	 0.242464
661  	  687	 0.446766
661  	  688	 1.340298
662  	  663	 1.000000
662  	  689	 1.340298
663  	  664	 0.500000
663  	  689	 0.446766
663  	  690	 0.164377
663  	  713	 0.242464
663  	  714	 0.164377
664  	  690	 1.340298
664  	  691	 0.446766
665  	  666	 0.242464
665  	  691	 1.000000
665  	  692	 1.000000
666  	  667	 1.000000
666  	  692	 1.000000
666  	  693	 0.446766
667  	  693	 1.000000
668  	  669	 1.000000
668  	  694	 1.000000
669  	  670	 1.000000
669  	  695	 1.000000
670  	  695	 0.446766
670  	  696	 1.000000
671  	  696	 1.000000
671  	  697	 1.000000
672  	  673	 1.340298
672  	  697	 1.150637
672  	  723	 0.164377
673  	  674	 0.242464
673  	  698	 1.000000
673  	  723	 0.242464
674  	  675	 0.242464
674  	  698	 1.000000
674  	  699	 1.000000
675  	  676	 1.000000
675  	  699	 0.446766
675  	  700	 1.000000
676  	  677	 1.000000
676  	  701	 1.000000
677  	  678	 1.000000
677  	  702	 1.000000
678  	  679	 1.000000
678  	  703	 1.000000
679  	  680	 1.000000
679  	  704	 1.000000
680  	  681	 1.000000
680  	  705	 1.000000
681  	  682	 1.000000
681  	  706	 1.000000
682  	  683	 1.000000
682  	  707	 1.000000
683  	  684	 1.340298
683  	  707	 0.446766
683  	  734	 0.242464
684  	  708	 1.150637
684  	  735	 0.242464
685  	  709	 1.000000
685  	  710	 0.333333
685  	  738	 0.242464
685  	  739	 0.164377
686  	  687	 0.500000
686  	  710	 1.000000
686  	  711	 0.164377
686  	  741	 0.242464
686  	  742	 0.164377
687  	  688	 1.000000
687  	  711	 1.340298
688  	  689	 0.242464
688  	  711	 0.446766
688  	  712	 1.000000
689  	  712	 1.000000
689  	  713	 1.000000
690  	  691	 1.340298
690  	  714	 1.150637
690  	  749	 0.242464
691  	  715	 1.150637
691  	  749	 0.164377
692  	  715	 1.000000
692  	  716	 1.000000
693  	  716	 0.446766
693  	  717	 1.000000
694  	  695	 1.000000
694  	  718	 1.000000
695  	  719	 1.000000
695  	  720	 0.446766
696  	  697	 0.242464
696  	  720	 0.446766
696  	  721	 1.340298
697  	  722	 2.000000
697  	  723	 0.164377
698  	  723	 1.000000
698  	  724	 1.000000
699  	  700	 1.000000
699  	  724	 0.446766
699  	  725	 1.000000
700  	  701	 1.000000
700  	  726	 1.000000
701  	  702	 1.000000
701  	  727	 1.000000
702  	  703	 1.000000
702  	  728	 1.000000
703  	  704	 1.000000
703  	  729	 1.000000
704  	  705	 1.000000
704  	  730	 1.000000
705  	  706	 1.000000
705  	  731	 1.000000
706  	  707	 1.000000
706  	  732	 1.000000
707  	  733	 1.000000
707  	  734	 0.446766
708  	  709	 1.340298
708  	  735	 0.446766
708  	  736	 1.000000
709  	  737	 1.000000
709  	  738	 0.446766
710  	  739	 0.553846
710  	  740	 1.000000
710  	  741	 0.446766
711  	  742	 0.553846
711  	  743	 1.000000
711  	  744	 0.446766
712  	  744	 0.446766
712  	  745	 1.000000
712  	  746	 0.446766
713  	  714	 1.340298
713  	  746	 0.446766
713  	  747	 1.000000
714  	  748	 1.000000
714  	  749	 0.446766
715  	  749	 0.164377
715  	  750	 1.340298
715  	  751	 0.446766
716  	  717	 1.000000
716  	  751	 1.000000
716  	  752	 0.446766
717  	  752	 1.000000
718  	  719	 1.000000
718  	  753	 1.000000
719  	  720	 1.000000
719  	  754	 1.000000
720  	  721	 1.000000
720  	  755	 1.000000
721  	  722	 0.242464
721  	  756	 1.000000
721  	  757	 0.446766
722  	  723	 0.242464
722  	  757	 1.000000
722  	  758	 1.000000
723  	  758	 0.446766
723  	  759	 1.000000
723  	  760	 0.446766
724  	  725	 1.000000
724  	  760	 0.446766
724  	  761	 1.000000
725  	  726	 1.000000
725  	  762	 1.000000
726  	  727	 1.000000
726  	  763	 1.000000
727  	  728	 1.000000
727  	  764	 1.000000
728  	  729	 1.000000
728  	  765	 1.000000
729  	  730	 1.000000
729  	  766	 1.996008
730  	  731	 1.000000
730  	  767	 1.996008
731  	  732	 1.000000
731  	  768	 1.996008
732  	  733	 1.000000
732  	  769	 1.996008
733  	  734	 1.000000
733  	  770	 1.996008
734  	  735	 1.340298
734  	  771	 1.996008
735  	  736	 1.000000
735  	  772	 1.996008
736  	  737	 1.000000
736  	  773	 1.996008
737  	  738	 1.000000
737  	  774	 1.996008
738  	  739	 1.340298
738  	  775	 1.996008
739  	  740	 1.000000
739  	  776	 1.996008
740  	  741	 1.000000
740  	  777	 1.996008
741  	  742	 1.340298
741  	  778	 1.996008
742  	  743	 1.000000
742  	  779	 1.996008
743  	  744	 1.000000
743  	  780	 1.996008
744  	  745	 1.000000
744  	  781	 1.996008
745  	  746	 1.000000
745  	  782	 1.996008
746  	  747	 1.000000
746  	  783	 1.996008
747  	  748	 1.000000
747  	  784	 1.996008
748  	  749	 1.000000
748  	  785	 1.996008
749  	  750	 0.242464
749  	  786	 1.996008
749  	  787	 0.446766
750  	  751	 1.340298
750  	  787	 1.000000
750  	  826	 0.242464
751  	  788	 1.000000
751  	  827	 0.242464
752  	  788	 0.446766
752  	  789	 1.000000
753  	  754	 1.000000
753  	  790	 1.000000
754  	  755	 1.000000
754  	  791	 1.000000
755  	  756	 1.000000
755  	  792	 1.000000
756  	  757	 1.000000
756  	  793	 1.000000
757  	  794	 1.000000
757  	  795	 0.446766
758  	  759	 1.000000
758  	  795	 0.446766
758  	  796	 1.000000
759  	  760	 1.000000
759  	  797	 1.000000
760  	  761	 1.000000
760  	  798	 1.000000
761  	  762	 1.000000
761  	  799	 1.000000
762  	  763	 1.000000
762  	  800	 1.000000
763  	  764	 1.000000
763  	  801	 1.000000
764  	  765	 1.000000
764  	  802	 1.000000
765  	  766	 1.996008
765  	  803	 1.000000
766  	  767	 500.000000
766  	  804	 1.996008
767  	  768	 500.000000
767  	  805	 1.996008
768  	  769	 500.000000
768  	  806	 1.996008
769  	  770	 500.000000
769  	  807	 1.996008
770  	  771	 500.000000
770  	  808	 1.996008
771  	  772	 500.000000
771  	  809	 1.996008
772  	  773	 500.000000
772  	  810	 1.996008
773  	  774	 500.000000
773  	  811	 1.996008
774  	  775	 500.000000
774  	  812	 1.996008
775  	  776	 500.000000
775  	  813	 1.996008
776  	  777	 500.000000
776  	  814	 1.996008
777  	  778	 500.000000
777  	  815	 1.996008
778  	  779	 500.000000
778  	  816	 1.996008
779  	  780	 500.000000
779  	  817	 1.996008
780  	  781	 500.000000
780  	  818	 1.996008
781  	  782	 500.000000
781  	  819	 1.996008
782  	  783	 500.000000
782  	  820	 1.996008
783  	  784	 500.000000
783  	  821	 1.996008
784  	  785	 500.000000
784  	  822	 1.996008
785  	  786	 500.000000
785  	  823	 1.996008
786  	  787	 1.996008
786  	  824	 1.996008
787  	  825	 1.000000
787  	  826	 0.446766
788  	  789	 1.000000
788  	  827	 1.000000
788  	  828	 0.446766
789  	  828	 1.000000
790  	  791	 1.000000
790  	  829	 1.000000
791  	  792	 1.000000
791  	  830	 1.000000
792  	  793	 1.000000
792  	  830	 0.446766
792  	  831	 0.446766
793  	  794	 1.000000
793  	  831	 1.000000
794  	  795	 1.000000
794  	  832	 1.000000
795  	  796	 1.000000
795  	  833	 1.000000
796  	  797	 1.000000
796  	  834	 1.000000
797  	  798	 1.000000
797  	  835	 1.000000
798  	  799	 1.000000
798  	  836	 1.000000
799  	  800	 1.000000
799  	  837	 1.000000
800  	  801	 1.000000
800  	  838	 1.000000
801  	  802	 1.000000
801  	  838	 0.446766
801  	  839	 0.446766
802  	  803	 1.000000
802  	  839	 1.000000
803  	  804	 1.000000
803  	  840	 1.000000
804  	  805	 1.000000
804  	  841	 1.000000
805  	  806	 1.000000
805  	  841	 0.446766
805  	  842	 0.446766
806  	  807	 1.000000
806  	  842	 1.000000
807  	  808	 1.000000
807  	  842	 0.446766
807  	  843	 0.446766
808  	  809	 1.000000
808  	  843	 1.000000
809  	  810	 1.340298
809  	  843	 0.553846
809  	  871	 0.164377
810  	  811	 1.340298
810  	  871	 0.500000
811  	  812	 1.000000
811  	  844	 0.446766
811  	  872	 0.242464
812  	  813	 1.000000
812  	  844	 1.000000
813  	  814	 1.000000
813  	  844	 0.446766
813  	  845	 0.446766
814  	  815	 1.000000
814  	  845	 1.000000
815  	  816	 1.000000
815  	  845	 0.446766
815  	  846	 0.446766
816  	  817	 1.000000
816  	  846	 1.000000
817  	  818	 1.000000
817  	  847	 1.000000
818  	  819	 1.000000
818  	  848	 1.000000
819  	  820	 1.000000
819  	  849	 1.000000
820  	  821	 1.000000
820  	  850	 1.000000
821  	  822	 1.000000
821  	  851	 1.000000
822  	  823	 1.000000
822  	  852	 1.000000
823  	  824	 1.000000
823  	  853	 1.000000
824  	  825	 1.000000
824  	  854	 1.000000
825  	  826	 1.000000
825  	  854	 0.446766
825  	  855	 0.446766
826  	  827	 1.340298
826  	  855	 1.000000
827  	  855	 0.446766
827  	  856	 1.000000
828  	  856	 0.446766
828  	  857	 1.000000
829  	  830	 1.000000
829  	  858	 1.000000
830  	  858	 0.446766
830  	  859	 1.000000
831  	  832	 1.000000
831  	  859	 1.000000
831  	  860	 0.446766
832  	  833	 1.000000
832  	  860	 1.000000
833  	  834	 1.000000
833  	  861	 1.000000
834  	  835	 1.000000
834  	  862	 1.000000
835  	  836	 1.000000
835  	  863	 1.000000
836  	  837	 1.000000
836  	  864	 1.000000
837  	  838	 1.000000
837  	  865	 1.000000
838  	  866	 1.000000
838  	  867	 0.446766
839  	  840	 1.000000
839  	  867	 0.446766
839  	  868	 1.000000
840  	  841	 1.000000
840  	  868	 0.446766
840  	  869	 0.446766
841  	  842	 0.242464
841  	  869	 1.340298
842  	  869	 0.164377
842  	  870	 1.150637
842  	  890	 0.333333
843  	  870	 1.000000
843  	  871	 0.333333
843  	  891	 0.242464
843  	  892	 0.164377
844  	  872	 1.000000
844  	  873	 1.000000
845  	  873	 1.000000
845  	  874	 1.000000
846  	  847	 1.000000
846  	  874	 1.000000
846  	  875	 0.446766
847  	  848	 1.000000
847  	  875	 1.000000
848  	  849	 1.340298
848  	  875	 0.446766
848  	  897	 0.242464
849  	  850	 1.000000
849  	  876	 0.446766
849  	  898	 0.242464
850  	  851	 1.000000
850  	  876	 1.000000
851  	  852	 1.000000
851  	  876	 0.446766
851  	  877	 0.446766
852  	  853	 1.000000
852  	  877	 1.000000
853  	  854	 1.340298
853  	  877	 0.446766
853  	  900	 0.242464
854  	  878	 1.000000
854  	  901	 0.242464
855  	  878	 1.000000
855  	  879	 1.000000
856  	  857	 1.000000
856  	  879	 1.000000
856  	  880	 0.446766
857  	  880	 1.000000
858  	  881	 1.000000
858  	  882	 0.446766
859  	  882	 1.000000
859  	  883	 1.000000
860  	  861	 1.000000
860  	  883	 0.446766
860  	  884	 1.000000
861  	  862	 1.000000
861  	  884	 0.446766
861  	  885	 0.446766
862  	  863	 1.000000
862  	  885	 1.000000
863  	  864	 1.000000
863  	  886	 1.000000
864  	  865	 1.000000
864  	  886	 0.446766
864  	  887	 0.446766
865  	  866	 1.000000
865  	  887	 1.000000
866  	  867	 1.000000
866  	  887	 0.446766
866  	  888	 0.446766
867  	  868	 1.000000
867  	  888	 1.000000
868  	  888	 0.446766
868  	  889	 1.000000
869  	  889	 1.000000
869  	  890	 1.150637
870  	  890	 0.333333
870  	  891	 1.000000
870  	  913	 0.164377
870  	  914	 0.242464
871  	  872	 1.340298
871  	  892	 1.150637
871  	  893	 0.446766
872  	  893	 1.000000
872  	  894	 0.446766
873  	  874	 0.242464
873  	  894	 1.150637
873  	  895	 0.164377
873  	  917	 0.333333
874  	  875	 0.242464
874  	  895	 2.000000
875  	  896	 1.340298
875  	  897	 0.446766
876  	  898	 1.000000
876  	  899	 1.000000
877  	  899	 1.000000
877  	  900	 1.000000
878  	  901	 1.000000
878  	  902	 1.000000
879  	  902	 1.000000
879  	  903	 1.000000
880  	  903	 0.446766
880  	  904	 1.000000
881  	  882	 1.000000
881  	  905	 1.000000
882  	  905	 0.446766
882  	  906	 1.000000
883  	  884	 1.340298
883  	  906	 1.000000
883  	  926	 0.242464
884  	  907	 1.000000
884  	  927	 0.242464
885  	  886	 1.000000
885  	  907	 1.000000
885  	  908	 0.446766
886  	  908	 1.000000
886  	  909	 0.446766
887  	  909	 1.000000
887  	  910	 1.000000
888  	  910	 1.000000
888  	  911	 1.000000
889  	  911	 1.000000
889  	  912	 1.000000
890  	  912	 1.000000
890  	  913	 1.150637
891  	  892	 2.000000
891  	  914	 1.000000
891  	  933	 0.242464
892  	  915	 1.150637
892  	  933	 0.164377
893  	  894	 1.000000
893  	  915	 1.000000
893  	  916	 0.446766
894  	  916	 1.340298
894  	  917	 0.164377
895  	  896	 0.242464
895  	  917	 1.150637
895  	  918	 1.000000
896  	  897	 1.340298
896  	  918	 1.150637
896  	  937	 0.164377
897  	  898	 2.000000
897  	  937	 0.500000
898  	  919	 1.000000
898  	  938	 0.242464
899  	  919	 1.000000
899  	  920	 1.000000
900  	  901	 2.000000
900  	  920	 1.000000
900  	  940	 0.242464
901  	  921	 1.000000
901  	  941	 0.242464
902  	  921	 1.000000
902  	  922	 1.000000
903  	  904	 1.000000
903  	  922	 1.000000
903  	  923	 0.446766
904  	  923	 1.000000
905  	  924	 1.000000
905  	  925	 0.446766
906  	  925	 1.000000
906  	  926	 1.000000
907  	  927	 1.000000
907  	  928	 1.000000
908  	  909	 1.340298
908  	  928	 1.000000
908  	  948	 0.242464
909  	  929	 1.000000
909  	  949	 0.242464
910  	  929	 1.000000
910  	  930	 1.000000
911  	  930	 1.000000
911  	  931	 1.000000
912  	  913	 0.242464
912  	  931	 1.150637
912  	  932	 0.164377
912  	  953	 0.333333
913  	  914	 1.340298
913  	  932	 1.340298
914  	  932	 0.446766
914  	  933	 1.000000
915  	  933	 0.333333
915  	  934	 1.000000
915  	  955	 0.164377
915  	  956	 0.242464
916  	  917	 0.242464
916  	  934	 1.000000
916  	  935	 1.000000
917  	  935	 1.000000
917  	  936	 1.000000
918  	  936	 1.000000
918  	  937	 0.333333
918  	  959	 0.242464
918  	  960	 0.164377
919  	  938	 1.000000
919  	  939	 1.000000
920  	  939	 1.000000
920  	  940	 1.000000
921  	  941	 1.000000
921  	  942	 1.000000
922  	  923	 0.242464
922  	  942	 0.446766
922  	  943	 1.340298
923  	  944	 1.340298
924  	  925	 1.000000
924  	  945	 1.000000
925  	  945	 0.446766
925  	  946	 1.000000
926  	  927	 2.000000
926  	  946	 1.000000
926  	  969	 0.242464
927  	  947	 1.150637
927  	  969	 0.164377
928  	  947	 1.000000
928  	  948	 1.000000
929  	  949	 1.000000
929  	  950	 1.000000
930  	  931	 0.242464
930  	  950	 0.446766
930  	  951	 1.340298
931  	  952	 2.000000
931  	  953	 0.164377
932  	  953	 1.150637
932  	  954	 1.000000
933  	  954	 1.000000
933  	  955	 1.150637
934  	  956	 1.000000
934  	  957	 1.000000
935  	  936	 0.242464
935  	  957	 1.150637
935  	  958	 0.164377
935  	  979	 0.333333
936  	  958	 1.340298
936  	  959	 0.446766
937  	  938	 1.340298
937  	  960	 1.150637
937  	  961	 0.446766
938  	  939	 0.242464
938  	  961	 1.340298
939  	  940	 0.242464
939  	  962	 2.000000
940  	  941	 1.340298
940  	  963	 1.340298
941  	  963	 0.446766
941  	  964	 1.000000
942  	  943	 1.340298
942  	  964	 1.000000
942  	  984	 0.242464
943  	  944	 0.242464
943  	  965	 1.000000
943  	  985	 0.242464
944  	  965	 0.446766
944  	  966	 1.000000
945  	  967	 1.000000
945  	  968	 0.446766
946  	  968	 1.000000
946  	  969	 1.000000
947  	  969	 0.164377
947  	  970	 1.340298
947  	  971	 0.446766
948  	  949	 2.000000
948  	  971	 1.000000
948  	  991	 0.242464
949  	  972	 1.000000
949  	  992	 0.242464
950  	  951	 1.340298
950  	  972	 1.000000
950  	  993	 0.242464
951  	  952	 0.242464
951  	  973	 1.150637
951  	  993	 0.164377
952  	  953	 0.242464
952  	  973	 1.000000
952  	  974	 1.000000
953  	  974	 1.000000
953  	  975	 1.000000
954  	  975	 1.000000
954  	  976	 1.000000
955  	  956	 1.340298
955  	  976	 1.000000
955  	  977	 0.446766
956  	  957	 0.242464
956  	  977	 1.340298
957  	  978	 2.000000
957  	  979	 0.164377
958  	  959	 1.340298
958  	  979	 1.333333
958  	 1001	 0.164377
959  	  960	 2.000000
959  	 1001	 0.500000
960  	  980	 1.000000
960  	 1002	 0.242464
961  	  962	 0.242464
961  	  980	 1.000000
961  	  981	 1.000000
962  	  963	 0.242464
962  	  981	 1.000000
962  	  982	 1.000000
963  	  982	 1.000000
963  	  983	 1.000000
964  	  983	 1.000000
964  	  984	 1.000000
965  	  966	 1.000000
965  	  985	 0.446766
965  	  986	 1.000000
966  	  987	 1.000000
967  	  968	 1.000000
967  	  988	 1.000000
968  	  988	 0.446766
968  	  989	 1.000000
969  	  970	 0.242464
969  	  989	 1.000000
969  	  990	 1.000000
970  	  971	 1.340298
970  	  990	 1.000000
970  	 1015	 0.242464
971  	  991	 1.000000
971  	 1016	 0.242464
972  	  992	 1.000000
972  	  993	 1.000000
973  	  974	 0.242464
973  	  993	 0.164377
973  	  994	 2.000000
974  	  975	 0.242464
974  	  995	 2.000000
975  	  995	 0.164377
975  	  996	 1.000000
975  	 1025	 0.164377
975  	 1026	 0.242464
976  	  977	 0.242464
976  	  996	 0.446766
976  	  997	 1.340298
977  	  978	 0.242464
977  	  997	 0.164377
977  	  998	 1.000000
977  	 1029	 0.164377
977  	 1030	 0.242464
978  	  979	 0.242464
978  	  998	 1.000000
978  	  999	 1.000000
979  	  999	 0.446766
979  	 1000	 1.340298
979  	 1001	 0.164377
980  	 1002	 1.000000
980  	 1003	 1.000000
981  	 1003	 1.000000
981  	 1004	 1.000000
982  	 1004	 1.000000
982  	 1005	 1.000000
983  	 1005	 1.000000
983  	 1006	 1.000000
984  	  985	 1.340298
984  	 1006	 1.000000
984  	 1007	 0.446766
985  	  986	 1.000000
985  	 1007	 1.000000
986  	  987	 1.000000
986  	 1008	 1.000000
987  	 1009	 1.000000
988  	 1010	 1.000000
988  	 1011	 0.446766
989  	 1011	 0.446766
989  	 1012	 1.000000
989  	 1013	 0.446766
990  	 1013	 0.446766
990  	 1014	 1.000000
990  	 1015	 0.446766
991  	  992	 1.340298
991  	 1016	 0.446766
991  	 1017	 1.000000
992  	 1018	 1.000000
992  	 1019	 0.446766
993  	  994	 0.242464
993  	 1019	 0.446766
993  	 1020	 1.000000
993  	 1021	 0.446766
994  	  995	 0.242464
994  	 1021	 0.446766
994  	 1022	 1.000000
994  	 1023	 0.446766
995  	 1023	 0.446766
995  	 1024	 1.000000
995  	 1025	 0.553846
996  	  997	 1.000000
996  	 1026	 0.446766
996  	 1027	 1.000000
997  	 1028	 1.000000
997  	 1029	 0.553846
998  	 1030	 0.446766
998  	 1031	 1.000000
998  	 1032	 0.446766
999  	 1000	 1.000000
999  	 1032	 0.446766
999  	 1033	 1.000000
1000  	 1001	 0.242464
1000  	 1034	 1.000000
1000  	 1035	 0.446766
1001  	 1002	 1.340298
1001  	 1035	 0.446766
1001  	 1036	 1.000000
1002  	 1037	 1.000000
1002  	 1038	 0.446766
1003  	 1038	 0.446766
1003  	 1039	 1.000000
1003  	 1040	 0.446766
1004  	 1040	 0.446766
1004  	 1041	 1.000000
1004  	 1042	 0.446766
1005  	 1042	 0.446766
1005  	 1043	 1.000000
1005  	 1044	 0.446766
1006  	 1044	 0.446766
1006  	 1045	 1.000000
1006  	 1046	 0.446766
1007  	 1008	 1.000000
1007  	 1046	 0.446766
1007  	 1047	 1.000000
1008  	 1009	 1.000000
1008  	 1048	 1.000000
1009  	 1049	 1.000000
1010  	 1011	 1.000000
1011  	 1012	 1.000000
1012  	 1013	 1.000000
1013  	 1014	 1.000000
1014  	 1015	 1.000000
1015  	 1016	 1.340298
1016  	 1017	 1.000000
1017  	 1018	 1.000000
1018  	 1019	 1.000000
1019  	 1020	 1.000000
1020  	 1021	 1.000000
1021  	 1022	 1.000000
1022  	 1023	 1.000000
1023  	 1024	 1.000000
1024  	 1025	 1.000000
1025  	 1026	 1.340298
1026  	 1027	 1.000000
1027  	 1028	 1.000000
1028  	 1029	 1.000000
1029  	 1030	 1.340298
1030  	 1031	 1.000000
1031  	 1032	 1.000000
1032  	 1033	 1.000000
1033  	 1034	 1.000000
1034  	 1035	 1.000000
1035  	 1036	 1.000000
1036  	 1037	 1.000000
1037  	 1038	 1.000000
1038  	 1039	 1.000000
1039  	 1040	 1.000000
1040  	 1041	 1.000000
1041  	 1042	 1.000000
1042  	 1043	 1.000000
1043  	 1044	 1.000000
1044  	 1045	 1.000000
1045  	 1046	 1.000000
1046  	 1047	 1.000000
1047  	 1048	 1.000000
1048  	 1049	 1.000000
  
TEMP  
530  
END  
FLUID_DATA    ######################################### 
FLUID_TYPE   BLACK_OIL
NPHASES        2
NCOMPONENTS   2
#   Phase data -------------
PHASE_NAME   OIL 
STANDARD_DENS   56.38
NUM_OF_TABLE_ENTRIES   8
#        P        BO        VISC     RGO        
#       PSI      RB/STB      CP     SCF/STB  
14.7  	1.199265	1.2	0	
1014.7  	1.149265	1.2	0	
2014.7  	1.099265	2.2	0	
3014.7  	1.049265	2.2	0	
4014.7  	0.999265	2.2	0	
5014.7  	0.949265	2.2	0	
6014.7  	0.899265	2.2	0	
7014.7  	0.849265	2.2	0	
PHASE_NAME   WATER 
STANDARD_DENS   62.4
NUM_OF_TABLE_ENTRIES   5
#        P        BW        VISC		RGW
#       PSI     RB/BBL       CP		SCF/STB
14.7  	   1.02	   0.62	0
4014.7  	1.00985		0.62001	0
5014.7  	1.00733		0.620013	0
6014.7  	1.00481		0.620015	0
7014.7  	1.0023		0.620018	0
#   --- component data -------------
END  
PHASE_COMP_RELATION_DATA   ##########################
#   --- component phase relation (nPhases by nComps) ---
#phase:  		oil		water
1  		0		#oil component
0  		1		#water component
END  
ROCKFLUID_DATA   #####################################
#WATEROILPERM   
OW  
NUM_OF_TABLE_ENTRIES   3
#TABLE        Sw       KRw      KROw     PCow
0.0        0.0       1.0		0	
0.50       0.075     0.230	0
1.0        1.0       0.000	0
END  
ROCK_DATA   ##########################################
#  		COMP.    REF. PRES
1E-6       14.7
END  
EQUILIBRIUM_DATA   ##########################################
#     	Swi		Sor		Sgr
0.0  		0.00		0.0
#  	pres	@depth	WOC		GOC
3000  	 2000.2		2500.2   2000
END  
END_RESERVOIR  
END_RESERVOIRS  
#   --- Wells Data ----------------------------------
NumOfWells            2
#   ---------- Input of wells data -----------
#   //////// WELL No. 1 ////////////////////
#   --- well definition -----
#WELSPECS  
#    WELL_NAME     GROUP   RES_NAME	TYPE	STATUS	  
INJ       	 GRP1    RES1		I	OPEN
END  
#   --- well connections (trajestry) -------
#COMPDAT  
number_of_connections   1
#LOC(i,j,k)       WI  
0                 100
END  
#   --- well control ----------------------
#WCONPROD  
#     CTRL    Q     BHP     std_den
BHP   	6000    2     0     1
END                                                                   
END_WELL  
#   //////// WELL No. 2 ////////////////////
#   --- well definition -----
#WELSPECS  
#    WELL_NAME     GROUP   RES_NAME	TYPE	STATUS	  
PROD       	 GRP1    RES1		P	OPEN
END  
#   --- well connections (trajestry) -------
#COMPDAT  
number_of_connections   1
#LOC(i,j,k)       WI  
1049               100 
END  
#   --- well control ----------------------
#WCONPROD  
#     CTRL    Q     BHP     std_den
BHP     2500    
END                                                                   
END_WELL  
  
END_WELLS  
#   --- Control Data --------------------------------
#TUNING   
#--   TSINIT TSMAXZ  TSMIN
0.0001  	1	0.00001
#TSTEP  
200  
#   --- control parameters ------
#   --- iteration control -----
#   minNewtonIter	maxNewtonIter	fixedNewtonIter
1  	12	30
#   --- time step size control -------
#   dp	ds	dx	w
200      0.2	 0.02    2
#   --- convergence control ----
#   relMBError	relPEError	relPChange absSChange	absMFChange relWellEqError
0.1  	0.02	      1	  1	  1  1
#   --- solution method control ---
#   variType	nImpTypes  Percentages(AIM)
1  	1   
#   nImpVars  transOption  CFL_Limit
#1      	1	2
#2      	2    	2.0       
2  	4	1.0      
#   --- linear solver control ---
#   LinearSolverChoice  Preconditioner  tol  maxIter reStartNo
4  		    4        1E-4   500		10
#   --- debug information ---
#Flag     NumOfTimeSteps
1  	1
0     1    1
END_CONTROL  
  