2.500000
2.500000
3.125000
2.500000
2.500000
2.500000
3.125000
2.500000
2.500000
2.500000
3.437500
3.437500
2.500000
3.125000
2.500000
2.500000
3.125000
2.500000
2.500000
2.500000
3.125000
2.500000
3.125000
2.500000
3.125000
2.500000
3.125000
2.500000
3.437500
3.437500
2.500000
3.125000
2.500000
3.125000
2.500000
3.125000
2.500000
3.125000
2.500000
2.500000
2.500000
3.437500
3.437500
2.500000
3.125000
3.125000
2.500000
3.750000
5.520833
3.437500
3.750000
3.125000
2.500000
3.125000
4.375000
4.375000
4.375000
4.375000
4.375000
4.375000
4.375000
4.062500
3.437500
2.500000
2.500000
3.437500
3.437500
2.500000
2.500000
3.125000
2.500000
3.125000
4.687500
4.479167
4.791667
4.375000
2.500000
2.500000
2.500000
3.750000
5.000000
5.000000
5.000000
4.062500
4.687500
5.000000
5.000000
4.687500
4.375000
4.062500
2.500000
2.500000
2.500000
3.125000
2.500000
3.125000
2.500000
2.500000
2.500000
2.500000
3.750000
4.687500
5.833333
6.041667
3.750000
2.500000
2.500000
2.500000
3.750000
4.687500
4.687500
4.687500
4.166667
5.000000
5.000000
5.000000
5.000000
3.125000
2.500000
2.500000
2.500000
3.125000
3.125000
2.500000
2.500000
2.500000
2.500000
4.375000
4.687500
4.583333
5.000000
3.750000
2.500000
2.500000
3.125000
3.125000
4.062500
4.479167
4.687500
4.791667
5.000000
5.000000
5.000000
5.000000
4.375000
2.500000
2.500000
3.125000
2.500000
2.500000
3.125000
2.500000
2.500000
3.437500
3.437500
3.437500
6.145833
6.041667
4.375000
6.145833
3.125000
3.125000
3.750000
4.791667
6.041667
4.479167
4.687500
5.000000
5.000000
5.000000
3.125000
3.125000
3.750000
2.500000
2.500000
2.500000
3.750000
4.791667
5.937500
5.937500
4.166667
2.500000
2.500000
3.125000
3.125000
3.125000
4.062500
5.729167
5.104167
5.000000
5.000000
5.104167
5.000000
4.375000
2.500000
2.500000
4.375000
3.125000
2.500000
3.125000
5.000000
5.000000
6.145833
4.375000
5.937500
6.145833
3.437500
2.500000
2.500000
3.125000
4.375000
4.687500
4.479167
5.000000
6.041667
6.041667
5.104167
5.000000
3.125000
3.437500
5.520833
2.500000
2.500000
2.500000
4.375000
5.000000
5.000000
5.104167
5.000000
3.750000
2.500000
2.500000
2.500000
3.541667
4.687500
5.000000
4.791667
5.000000
5.000000
5.104167
6.041667
4.375000
2.500000
3.541667
3.541667
2.500000
3.125000
4.687500
4.062500
5.000000
4.062500
4.062500
3.750000
3.125000
2.500000
2.500000
3.541667
5.000000
6.041667
4.062500
4.062500
5.000000
6.041667
5.104167
5.000000
5.000000
3.125000
2.500000
5.520833
3.437500
2.500000
2.500000
4.375000
3.750000
4.062500
4.062500
2.500000
2.500000
3.437500
3.437500
3.125000
3.125000
3.437500
4.375000
6.041667
6.145833
4.687500
4.687500
5.104167
5.000000
5.000000
4.375000
2.500000
3.437500
4.062500
2.500000
2.500000
3.125000
5.000000
4.687500
3.437500
2.500000
2.500000
2.500000
2.500000
2.500000
4.062500
4.062500
5.000000
6.250000
4.583333
4.687500
4.687500
4.479167
4.687500
5.000000
5.000000
4.687500
3.437500
3.437500
4.062500
2.500000
2.500000
2.500000
4.375000
6.041667
4.062500
3.125000
2.500000
2.500000
3.125000
2.500000
3.750000
4.687500
4.375000
5.104167
7.395833
4.687500
4.375000
4.687500
5.000000
4.791667
4.375000
3.437500
2.500000
4.375000
3.125000
2.500000
3.125000
5.000000
5.833333
3.437500
3.125000
3.750000
4.062500
4.687500
4.687500
5.000000
6.145833
6.145833
5.000000
5.000000
5.104167
4.791667
4.375000
2.500000
3.125000
4.375000
2.500000
2.500000
2.500000
4.375000
5.104167
5.104167
4.166667
2.500000
3.125000
2.500000
3.125000
3.750000
5.000000
5.000000
5.000000
5.000000
5.104167
4.062500
4.687500
5.000000
5.833333
4.479167
6.041667
3.125000
2.500000
4.375000
3.125000
2.500000
3.125000
6.145833
5.104167
5.104167
3.125000
2.500000
2.500000
3.125000
5.000000
5.000000
5.000000
5.000000
4.687500
4.062500
5.000000
6.145833
4.791667
4.375000
2.500000
3.125000
4.375000
2.500000
2.500000
2.500000
3.750000
7.395833
4.375000
2.500000
2.500000
2.500000
2.500000
3.750000
5.000000
5.000000
5.000000
4.062500
4.687500
5.000000
5.000000
5.104167
6.145833
4.479167
4.687500
3.125000
2.500000
3.750000
3.125000
2.500000
2.500000
2.500000
3.437500
4.583333
6.145833
3.750000
2.500000
2.500000
3.125000
2.500000
4.375000
5.000000
5.000000
4.687500
4.062500
4.687500
4.375000
5.000000
4.687500
5.208333
4.375000
2.500000
2.500000
2.500000
3.750000
2.500000
2.500000
2.500000
2.500000
2.500000
4.062500
6.145833
5.000000
3.125000
3.125000
3.750000
4.687500
4.687500
5.000000
5.000000
4.375000
4.687500
4.062500
4.791667
5.000000
6.041667
3.125000
2.500000
3.750000
3.125000
2.500000
2.500000
2.500000
3.125000
5.000000
5.000000
4.375000
2.500000
2.500000
3.125000
2.500000
3.125000
4.062500
4.062500
4.062500
6.041667
5.104167
3.750000
4.062500
4.375000
4.791667
4.062500
4.791667
5.000000
4.375000
2.500000
3.437500
5.520833
2.500000
2.500000
2.500000
2.500000
2.500000
4.375000
5.000000
4.687500
3.437500
2.500000
2.500000
2.500000
3.125000
5.000000
4.791667
4.166667
3.750000
5.000000
4.791667
4.791667
5.000000
3.125000
3.541667
4.895833
2.500000
2.500000
2.500000
3.125000
5.000000
3.750000
4.062500
3.437500
2.500000
2.500000
2.500000
2.500000
4.375000
5.000000
5.208333
7.083333
4.687500
5.000000
5.729167
4.375000
5.729167
4.479167
4.687500
3.750000
2.500000
2.500000
5.625000
3.750000
2.500000
3.125000
2.500000
4.375000
4.687500
4.062500
4.375000
2.500000
2.500000
2.500000
2.500000
3.437500
5.000000
5.104167
5.104167
5.000000
4.375000
4.791667
4.791667
3.750000
3.125000
2.500000
3.125000
5.208333
5.000000
4.375000
4.375000
5.000000
5.000000
3.125000
2.500000
2.500000
2.500000
3.437500
5.000000
5.000000
6.041667
6.145833
4.687500
5.000000
4.479167
4.479167
4.375000
5.729167
4.166667
3.125000
2.500000
4.166667
5.000000
5.000000
5.000000
5.104167
5.000000
3.750000
2.500000
2.500000
2.500000
2.500000
2.500000
4.375000
5.000000
5.000000
4.583333
4.687500
6.041667
4.479167
5.000000
4.166667
2.500000
2.500000
3.437500
6.041667
5.000000
4.687500
5.104167
3.750000
2.500000
2.500000
2.500000
2.500000
2.500000
3.125000
4.687500
6.041667
5.104167
4.687500
4.583333
4.687500
4.062500
5.104167
5.729167
6.041667
4.062500
2.500000
2.500000
2.500000
4.375000
5.000000
4.791667
4.375000
5.000000
4.791667
2.500000
2.500000
2.500000
2.500000
2.500000
2.500000
2.500000
4.062500
4.479167
6.145833
5.729167
5.104167
4.062500
4.687500
4.479167
4.791667
5.000000
3.125000
2.500000
3.125000
4.687500
5.104167
5.000000
3.750000
2.500000
2.500000
2.500000
2.500000
2.500000
2.500000
2.500000
3.125000
4.166667
4.062500
5.520833
4.166667
4.375000
4.062500
4.166667
4.791667
4.375000
2.500000
2.500000
2.500000
3.125000
3.437500
5.000000
5.416667
3.750000
2.500000
2.500000
2.500000
2.500000
2.500000
2.500000
2.500000
2.500000
2.500000
3.437500
3.437500
2.500000
2.500000
3.437500
3.541667
2.500000
3.437500
3.541667
2.500000
3.125000
2.500000
3.125000
2.500000
2.500000
4.791667
4.375000
4.687500
3.125000
2.500000
2.500000
2.500000
2.500000
3.750000
3.750000
2.500000
3.125000
2.500000
2.500000
2.500000
2.500000
2.500000
2.500000
2.500000
2.500000
2.500000
2.500000
2.500000
2.500000
2.500000
2.500000
2.500000
2.500000
2.500000
2.500000
2.500000
2.500000
2.500000
2.500000
2.500000
2.500000
2.500000
2.500000
3.750000
4.375000
2.500000
2.500000
2.500000
3.125000
2.500000
2.500000
3.125000
2.500000
2.500000
2.500000
2.500000
2.500000
3.125000
2.500000
2.500000
2.500000
3.125000
2.500000
3.125000
2.500000
3.541667
3.750000
3.437500
2.500000
3.125000
2.500000
3.125000
2.500000
2.500000
2.500000
2.500000
2.500000
2.500000
2.500000
2.500000
2.500000
3.125000
3.437500
4.687500
3.125000
2.500000
3.750000
3.750000
2.500000
2.500000
2.500000
2.500000
2.500000
2.500000
3.125000
3.125000
3.125000
3.437500
5.520833
5.520833
4.375000
4.375000
3.750000
2.500000
3.437500
3.437500
2.500000
3.125000
2.500000
3.437500
4.062500
4.375000
4.375000
2.500000
3.125000
5.000000
3.125000
3.125000
2.500000
2.500000
3.125000
2.500000
3.125000
3.125000
3.750000
4.791667
6.145833
5.833333
4.062500
6.145833
5.000000
4.062500
4.375000
4.375000
5.000000
5.000000
3.125000
2.500000
4.375000
4.687500
4.062500
3.750000
3.125000
4.375000
4.375000
5.000000
6.250000
5.000000
5.208333
3.750000
4.166667
5.104167
4.479167
4.687500
5.000000
5.000000
5.000000
5.000000
5.000000
4.375000
2.500000
3.125000
5.000000
5.000000
4.062500
4.687500
5.000000
5.000000
6.145833
4.479167
4.687500
6.145833
4.687500
6.145833
6.145833
5.000000
5.000000
5.000000
4.687500
3.437500
2.500000
4.375000
5.000000
5.104167
5.000000
5.000000
4.687500
5.104167
4.791667
6.145833
5.000000
6.145833
4.687500
5.833333
4.375000
5.000000
4.375000
4.687500
4.687500
4.375000
3.437500
3.125000
5.000000
4.791667
5.000000
5.000000
4.687500
4.479167
5.000000
6.145833
5.000000
4.791667
4.375000
5.104167
4.583333
4.687500
5.104167
4.687500
5.000000
4.687500
5.000000
3.750000
2.500000
2.500000
4.375000
6.041667
4.375000
4.687500
5.000000
5.104167
5.000000
6.041667
4.687500
5.729167
5.000000
5.937500
5.000000
5.000000
5.000000
5.000000
4.687500
3.437500
2.500000
2.500000
3.125000
4.375000
4.375000
4.062500
4.062500
5.416667
4.375000
4.479167
3.750000
3.541667
4.375000
3.750000
3.437500
5.104167
4.062500
4.375000
4.375000
4.375000
4.375000
3.125000
2.500000
2.500000
2.500000
3.125000
2.500000
3.125000
2.500000
3.437500
3.437500
2.500000
2.500000
3.125000
2.500000
3.125000
2.500000
3.125000
2.500000
3.541667
3.437500
2.500000
2.500000
3.541667
3.437500
2.500000
3.125000
2.500000
2.500000
3.125000
2.500000
2.500000
3.125000
2.500000
3.125000
2.500000
3.125000
2.500000
3.125000
2.500000
3.125000
2.500000
2.500000
2.500000
