NTG
     1.     1.     1.     0.
     1.     1.     1.     1.
     1.     1.     1.     1.
     1.     1.     1.     1.
     1.     1.     1.     1.
     1.     1.     1.     1.
     1.     1.     1.     1.
     1.     1.     1.     1.
     1.     1.     1.     1.
     1.     1.     1.     1.
     1.     1.     1.     1.
     1.     1.     1.     1.
     1.     1.     1.     1.
     1.     1.     1.     1.
     1.     1.     1.     1.
     1.     1.     1.     1.
     1.     1.     1.     1.
     1.     1.     1.     1.
     1.     1.     1.     1.
     1.     1.     1.     1.

DX
 5.000       10.00       20.00       30.00    
 5.000       10.00       20.00       30.00 
 5.000       10.00       20.00       30.00 
 5.000       10.00       20.00       30.00 

 5.000       10.00       20.00       30.00 
 5.000       10.00       20.00       30.00 
 5.000       10.00       20.00       30.00 
 5.000       10.00       20.00       30.00 

 5.000       10.00       20.00       30.00 
 5.000       10.00       20.00       30.00 
 5.000       10.00       20.00       30.00 
 5.000       10.00       20.00       30.00 

 5.000       10.00       20.00       30.00 
 5.000       10.00       20.00       30.00 
 5.000       10.00       20.00       30.00 
 5.000       10.00       20.00       30.00 

 5.000       10.00       20.00       30.00 
 5.000       10.00       20.00       30.00 
 5.000       10.00       20.00       30.00 
 5.000       10.00       20.00       30.00 

DY  
5.000       5.000       5.000       5.000    
10.00       10.00       10.00       10.00    
20.00       20.00       20.00       20.00    
30.00       30.00       30.00       30.00    

5.000       5.000       5.000       5.000    
10.00       10.00       10.00       10.00    
20.00       20.00       20.00       20.00    
30.00       30.00       30.00       30.00    

5.000       5.000       5.000       5.000    
10.00       10.00       10.00       10.00    
20.00       20.00       20.00       20.00    
30.00       30.00       30.00       30.00    

5.000       5.000       5.000       5.000    
10.00       10.00       10.00       10.00    
20.00       20.00       20.00       20.00    
30.00       30.00       30.00       30.00    

5.000       5.000       5.000       5.000    
10.00       10.00       10.00       10.00    
20.00       20.00       20.00       20.00    
30.00       30.00       30.00       30.00    

DZ     

21.00       21.00       21.00       21.00    
21.00       21.00       21.00       21.00    
21.00       21.00       21.00       21.00    
21.00       21.00       21.00       21.00    

5.000       5.000       5.000       5.000    
5.000       5.000       5.000       5.000    
5.000       5.000       5.000       5.000    
5.000       5.000       5.000       5.000    

3.000       3.000       3.000       3.000    
3.000       3.000       3.000       3.000    
3.000       3.000       3.000       3.000    
3.000       3.000       3.000       3.000    
 
5.000       5.000       5.000       5.000    
5.000       5.000       5.000       5.000    
5.000       5.000       5.000       5.000    
5.000       5.000       5.000       5.000    

21.00       21.00       21.00       21.00    
21.00       21.00       21.00       21.00    
21.00       21.00       21.00       21.00    
21.00       21.00       21.00       21.00   

TOPS     
	425 
 