1	0	0	20	20	0.15	0.001
2	0	1	20	20	0.15	0.001
3	0	2	20	20	0.15	0.001
4	0	3	20	20	0.15	0.001
5	0	4	20	20	0.15	0.001
6	0	5	20	20	0.15	0.001
7	0	6	20	20	0.15	0.001
8	0	7	20	20	0.15	0.001
9	0	8	20	20	0.15	0.001
10	0	9	20	20	0.15	0.001
11	0	10	20	20	0.15	0.001
12	0	11	20	20	0.15	0.001
13	0	12	20	20	0.15	0.001
14	0	13	20	20	0.15	0.001
15	0	14	20	20	0.15	0.001
16	0	15	20	20	0.15	0.001
17	0	16	20	20	0.15	0.001
18	0	17	20	20	0.15	0.001
19	0	18	20	20	0.15	0.001
20	0	19	20	20	0.15	0.001
21	0	20	20	20	0.15	0.001
22	0	21	20	20	0.15	0.001
23	0	22	20	20	0.15	0.001
24	0	23	20	20	0.15	0.001
25	0	24	20	20	0.15	0.001
26	0	25	20	20	0.15	0.001
27	0	26	20	20	0.15	0.001
28	0	27	20	20	0.15	0.001
29	0	28	20	20	0.15	0.001
30	0	29	20	20	0.15	0.001
31	0	30	20	20	0.15	0.001
32	0	31	20	20	0.15	0.001
33	0	32	20	20	0.15	0.001
34	0	33	20	20	0.15	0.001
35	0	34	20	20	0.15	0.001
36	0	35	20	20	0.15	0.001
37	0	36	20	20	0.15	0.001
38	0	37	20	20	0.15	0.001
39	0	38	20	20	0.15	0.001
40	0	39	20	20	0.15	0.001
41	0	40	20	20	0.15	0.001
42	0	41	20	20	0.15	0.001
43	0	42	20	20	0.15	0.001
44	0	43	20	20	0.15	0.001
45	0	44	20	20	0.15	0.001
46	0	45	20	20	0.15	0.001
47	0	46	20	20	0.15	0.001
48	0	47	20	20	0.15	0.001
49	0	48	20	20	0.15	0.001
50	0	49	20	20	0.15	0.001
51	0	50	20	20	0.15	0.001
52	0	51	20	20	0.15	0.001
53	0	52	20	20	0.15	0.001
54	0	53	20	20	0.15	0.001
55	0	54	20	20	0.15	0.001
56	0	55	20	20	0.15	0.001
57	0	56	20	20	0.15	0.001
58	0	57	20	20	0.15	0.001
59	0	58	20	20	0.15	0.001
60	0	59	20	20	0.15	0.001
61	0	60	20	20	0.15	0.001
62	0	61	20	20	0.15	0.001
63	0	62	20	20	0.15	0.001
64	0	63	20	20	0.15	0.001
65	0	64	20	20	0.15	0.001
66	0	65	20	20	0.15	0.001
67	0	66	20	20	0.15	0.001
68	0	67	20	20	0.15	0.001
69	0	68	20	20	0.15	0.001
70	0	69	20	20	0.15	0.001
71	0	70	20	20	0.15	0.001
72	0	71	20	20	0.15	0.001
73	0	72	20	20	0.15	0.001
74	0	73	20	20	0.15	0.001
75	0	74	20	20	0.15	0.001
76	0	75	20	20	0.15	0.001
77	0	76	20	20	0.15	0.001
78	0	77	20	20	0.15	0.001
79	0	78	20	20	0.15	0.001
80	0	79	20	20	0.15	0.001
81	0	80	20	20	0.15	0.001
82	0	81	20	20	0.15	0.001
83	0	82	20	20	0.15	0.001
84	0	83	20	20	0.15	0.001
85	0	84	20	20	0.15	0.001
86	0	85	20	20	0.15	0.001
87	0	86	20	20	0.15	0.001
88	0	87	20	20	0.15	0.001
89	0	88	20	20	0.15	0.001
90	0	89	20	20	0.15	0.001
91	0	90	20	20	0.15	0.001
92	0	91	20	20	0.15	0.001
93	0	92	20	20	0.15	0.001
94	0	93	20	20	0.15	0.001
95	0	94	20	20	0.15	0.001
96	0	95	20	20	0.15	0.001
97	0	96	20	20	0.15	0.001
98	0	97	20	20	0.15	0.001
99	0	98	20	20	0.15	0.001
100	0	99	20	20	0.15	0.001
101	0	100	20	20	0.15	0.001
102	0	101	20	20	0.15	0.001
103	0	102	20	20	0.15	0.001
104	0	103	20	20	0.15	0.001
105	0	104	20	20	0.15	0.001
106	0	105	20	20	0.15	0.001
107	0	106	20	20	0.15	0.001
108	0	107	20	20	0.15	0.001
109	0	108	20	20	0.15	0.001
110	0	109	20	20	0.15	0.001
111	0	110	20	20	0.15	0.001
112	0	111	20	20	0.15	0.001
113	0	112	20	20	0.15	0.001
114	0	113	20	20	0.15	0.001
115	0	114	20	20	0.15	0.001
116	0	115	20	20	0.15	0.001
117	0	116	20	20	0.15	0.001
118	0	117	20	20	0.15	0.001
119	0	118	20	20	0.15	0.001
120	0	119	20	20	0.15	0.001
121	0	120	20	20	0.15	0.001
122	0	121	20	20	0.15	0.001
123	0	122	20	20	0.15	0.001
124	0	123	20	20	0.15	0.001
125	0	124	20	20	0.15	0.001
126	0	125	20	20	0.15	0.001
127	0	126	20	20	0.15	0.001
128	0	127	20	20	0.15	0.001
129	0	128	20	20	0.15	0.001
130	0	129	20	20	0.15	0.001
131	0	130	20	20	0.15	0.001
132	0	131	20	20	0.15	0.001
133	0	132	20	20	0.15	0.001
134	0	133	20	20	0.15	0.001
135	0	134	20	20	0.15	0.001
136	0	135	20	20	0.15	0.001
137	0	136	20	20	0.15	0.001
138	0	137	20	20	0.15	0.001
139	0	138	20	20	0.15	0.001
140	0	139	20	20	0.15	0.001
141	0	140	20	20	0.15	0.001
142	0	141	20	20	0.15	0.001
143	0	142	20	20	0.15	0.001
144	0	143	20	20	0.15	0.001
145	0	144	20	20	0.15	0.001
146	0	145	20	20	0.15	0.001
147	0	146	20	20	0.15	0.001
148	0	147	20	20	0.15	0.001
149	0	148	20	20	0.15	0.001
150	0	149	20	20	0.15	0.001
151	0	150	20	20	0.15	0.001
152	0	151	20	20	0.15	0.001
153	0	152	20	20	0.15	0.001
154	0	153	20	20	0.15	0.001
155	0	154	20	20	0.15	0.001
156	0	155	20	20	0.15	0.001
157	0	156	20	20	0.15	0.001
158	0	157	20	20	0.15	0.001
159	0	158	20	20	0.15	0.001
160	0	159	20	20	0.15	0.001
161	0	160	20	20	0.15	0.001
162	0	161	20	20	0.15	0.001
163	0	162	20	20	0.15	0.001
164	0	163	20	20	0.15	0.001
165	0	164	20	20	0.15	0.001
166	0	165	20	20	0.15	0.001
167	0	166	20	20	0.15	0.001
168	0	167	20	20	0.15	0.001
169	0	168	20	20	0.15	0.001
170	0	169	20	20	0.15	0.001
171	0	170	20	20	0.15	0.001
172	0	171	20	20	0.15	0.001
173	0	172	20	20	0.15	0.001
174	0	173	20	20	0.15	0.001
175	0	174	20	20	0.15	0.001
176	0	175	20	20	0.15	0.001
177	0	176	20	20	0.15	0.001
178	0	177	20	20	0.15	0.001
179	0	178	20	20	0.15	0.001
180	0	179	20	20	0.15	0.001
181	0	180	20	20	0.15	0.001
182	0	181	20	20	0.15	0.001
183	0	182	20	20	0.15	0.001
184	0	183	20	20	0.15	0.001
185	0	184	20	20	0.15	0.001
186	0	185	20	20	0.15	0.001
187	0	186	20	20	0.15	0.001
188	0	187	20	20	0.15	0.001
189	0	188	20	20	0.15	0.001
190	0	189	20	20	0.15	0.001
191	0	190	20	20	0.15	0.001
192	0	191	20	20	0.15	0.001
193	0	192	20	20	0.15	0.001
194	0	193	20	20	0.15	0.001
195	0	194	20	20	0.15	0.001
196	0	195	20	20	0.15	0.001
197	0	196	20	20	0.15	0.001
198	0	197	20	20	0.15	0.001
199	0	198	20	20	0.15	0.001
200	0	199	20	20	0.15	0.001
201	0	200	20	20	0.15	0.001
202	0	201	20	20	0.15	0.001
203	0	202	20	20	0.15	0.001
204	0	203	20	20	0.15	0.001
205	0	204	20	20	0.15	0.001
206	0	205	20	20	0.15	0.001
207	0	206	20	20	0.15	0.001
208	0	207	20	20	0.15	0.001
209	0	208	20	20	0.15	0.001
210	0	209	20	20	0.15	0.001
211	0	210	20	20	0.15	0.001
212	0	211	20	20	0.15	0.001
213	0	212	20	20	0.15	0.001
214	0	213	20	20	0.15	0.001
215	0	214	20	20	0.15	0.001
216	0	215	20	20	0.15	0.001
217	0	216	20	20	0.15	0.001
218	0	217	20	20	0.15	0.001
219	0	218	20	20	0.15	0.001
220	0	219	20	20	0.15	0.001
221	0	220	20	20	0.15	0.001
222	0	221	20	20	0.15	0.001
223	0	222	20	20	0.15	0.001
224	0	223	20	20	0.15	0.001
225	0	224	20	20	0.15	0.001
226	0	225	20	20	0.15	0.001
227	0	226	20	20	0.15	0.001
228	0	227	20	20	0.15	0.001
229	0	228	20	20	0.15	0.001
230	0	229	20	20	0.15	0.001
231	0	230	20	20	0.15	0.001
232	0	231	20	20	0.15	0.001
233	0	232	20	20	0.15	0.001
234	0	233	20	20	0.15	0.001
235	0	234	20	20	0.15	0.001
236	0	235	20	20	0.15	0.001
237	0	236	20	20	0.15	0.001
238	0	237	20	20	0.15	0.001
239	0	238	20	20	0.15	0.001
240	0	239	20	20	0.15	0.001
241	0	240	20	20	0.15	0.001
242	0	241	20	20	0.15	0.001
243	0	242	20	20	0.15	0.001
244	0	243	20	20	0.15	0.001
245	0	244	20	20	0.15	0.001
246	0	245	20	20	0.15	0.001
247	0	246	20	20	0.15	0.001
248	0	247	20	20	0.15	0.001
249	0	248	20	20	0.15	0.001
250	0	249	20	20	0.15	0.001
251	0	250	20	20	0.15	0.001
252	0	251	20	20	0.15	0.001
253	0	252	20	20	0.15	0.001
254	0	253	20	20	0.15	0.001
255	0	254	20	20	0.15	0.001
256	0	255	20	20	0.15	0.001
257	0	256	20	20	0.15	0.001
258	0	257	20	20	0.15	0.001
259	0	258	20	20	0.15	0.001
260	0	259	20	20	0.15	0.001
261	0	260	20	20	0.15	0.001
262	0	261	20	20	0.15	0.001
263	0	262	20	20	0.15	0.001
264	0	263	20	20	0.15	0.001
265	0	264	20	20	0.15	0.001
266	0	265	20	20	0.15	0.001
267	0	266	20	20	0.15	0.001
268	0	267	20	20	0.15	0.001
269	0	268	20	20	0.15	0.001
270	0	269	20	20	0.15	0.001
271	0	270	20	20	0.15	0.001
272	0	271	20	20	0.15	0.001
273	0	272	20	20	0.15	0.001
274	0	273	20	20	0.15	0.001
275	0	274	20	20	0.15	0.001
276	0	275	20	20	0.15	0.001
277	0	276	20	20	0.15	0.001
278	0	277	20	20	0.15	0.001
279	0	278	20	20	0.15	0.001
280	0	279	20	20	0.15	0.001
281	0	280	20	20	0.15	0.001
282	0	281	20	20	0.15	0.001
283	0	282	20	20	0.15	0.001
284	0	283	20	20	0.15	0.001
285	0	284	20	20	0.15	0.001
286	0	285	20	20	0.15	0.001
287	0	286	20	20	0.15	0.001
288	0	287	20	20	0.15	0.001
289	0	288	20	20	0.15	0.001
290	0	289	20	20	0.15	0.001
291	0	290	20	20	0.15	0.001
292	0	291	20	20	0.15	0.001
293	0	292	20	20	0.15	0.001
294	0	293	20	20	0.15	0.001
295	0	294	20	20	0.15	0.001
296	0	295	20	20	0.15	0.001
297	0	296	20	20	0.15	0.001
298	0	297	20	20	0.15	0.001
299	0	298	20	20	0.15	0.001
300	0	299	20	20	0.15	0.001
