873
   0	    4	 1167.497462
   0	   14	 35862.033311
   1	   12	 7906.756653
   1	   24	 13578.068289
   1	   28	 17442.587927
   1	   32	 4631.363079
   2	    5	 11558.266022
   2	   15	 22061.561227
   2	   18	 6908.253196
   2	   24	 2178.691255
   3	    6	 39615.171755
   4	   10	 24590.568073
   4	   14	 6246.115749
   4	   20	 22695.883838
   4	   21	 9319.839658
   4	   34	 1018.408767
   5	    9	 109056.381642
   5	   16	 349.909367
   5	   18	 89.925423
   6	    9	 24956.162849
   6	   17	 2113.082345
   6	   31	 18466.918449
   7	    8	 24521.206035
   7	   11	 18108.676557
   7	   27	 18633.475856
   8	   19	 28931.739100
   8	   27	 676.859314
   8	   44	 5777.555250
   9	   16	 13519.427286
   9	   17	 31196.742926
  10	   11	 10265.168792
  10	   13	 40869.085756
  10	   21	 24192.606795
  11	   13	 57552.203717
  11	   27	 4905.227617
  12	   19	 18726.881800
  12	   32	 15954.778625
  12	   36	 14541.547352
  13	   21	 19646.404570
  13	   27	 8793.556737
  13	   39	 3059.145851
  14	   20	 18122.301847
  14	   22	 38601.998094
  14	   23	 531.752526
  15	   18	 18169.162578
  15	   24	 22609.908397
  15	   25	 19584.243492
  16	   17	 231768.987665
  16	   18	 36990.411119
  16	   30	 8155.849502
  17	   30	 15108.986740
  17	   31	 18390.113137
  18	   25	 5678.364109
  18	   29	 8526.477680
  18	   30	 15385.567574
  19	   36	 23825.773422
  19	   44	 23383.919695
  20	   23	 113534.543056
  20	   34	 17109.699217
  20	   38	 15961.590314
  21	   34	 43382.836252
  21	   39	 21030.660690
  21	   48	 7829.239836
  22	   23	 39456.282497
  22	   26	 35317.014951
  22	   35	 4801.118888
  22	   46	 5417.048500
  23	   26	 40905.979050
  23	   38	 3085.707183
  24	   25	 3980.319051
  24	   28	 5229.014971
  24	   33	 85492.868552
  24	   47	 145.312199
  25	   29	 29780.456076
  25	   37	 24397.220414
  25	   47	 128.460085
  26	   35	 83930.558600
  26	   38	 10552.139029
  27	   39	 73431.598499
  27	   44	 10164.345841
  27	   57	 13606.419933
  28	   32	 41929.910938
  28	   33	 4190.196911
  28	   42	 60833.926844
  29	   30	 50949.575181
  29	   37	 20853.510327
  30	   31	 1950.738336
  30	   37	 5999.346359
  30	   53	 11529.658053
  30	   54	 10588.465597
  31	   54	 29826.190581
  32	   36	 5153.488193
  32	   42	 1787.877710
  32	   45	 56474.591474
  33	   42	 6523.506584
  33	   47	 29739.205962
  33	   49	 15902.749744
  34	   38	 35295.679353
  34	   48	 21513.688592
  34	   50	 19343.991034
  35	   38	 2100.289006
  35	   40	 33426.073578
  35	   43	 34731.461427
  35	   46	 21119.762549
  36	   44	 2581.482775
  36	   45	 9029.334579
  36	   52	 28360.263098
  36	   58	 8628.176836
  37	   47	 15039.977038
  37	   53	 15937.222761
  37	   60	 5160.576028
  38	   40	 41375.058960
  38	   41	 27877.382312
  38	   50	 10476.290273
  38	   59	 2125.988447
  39	   48	 4608.918480
  39	   51	 49766.807702
  39	   57	 3964.641497
  40	   41	 169168.077343
  40	   43	 8477.038986
  41	   43	 44125.938817
  41	   55	 3192.001611
  41	   59	 13129.096703
  41	   68	 1277.429450
  42	   45	 6458.667173
  42	   49	 38970.336769
  42	   64	 17985.242661
  43	   46	 76649.630868
  43	   55	 7314.282518
  44	   57	 20993.151772
  44	   58	 37570.168703
  45	   52	 34747.244645
  45	   63	 18293.654293
  45	   64	 446.705731
  46	   55	 50694.848967
  47	   49	 19795.867475
  47	   60	 11391.560433
  47	   65	 13537.080731
  48	   50	 76290.652225
  48	   51	 27154.853170
  48	   56	 18160.737937
  49	   64	 12149.447088
  49	   65	 14761.158418
  50	   56	 28809.257580
  50	   59	 29830.533384
  51	   56	 15824.179604
  51	   57	 2573.345929
  51	   61	 11141.130358
  51	   73	 13647.407396
  51	   74	 2597.957570
  51	   92	 4702.777775
  52	   58	 1207.947439
  52	   63	 15889.641698
  52	   71	 26396.758669
  53	   54	 20487.850366
  53	   60	 20309.692594
  53	   62	 27944.948899
  53	   76	 6558.802857
  54	   76	 21124.237235
  54	   80	 20704.127687
  55	   66	 55677.263883
  55	   68	 18371.157619
  56	   59	 48929.901501
  56	   73	 25328.852091
  57	   58	 10356.052964
  57	   61	 135132.167205
  58	   61	 8742.498784
  58	   71	 11113.089894
  58	   74	 2153.113655
  58	   77	 6674.483467
  58	   95	 11343.508914
  59	   68	 37013.159544
  59	   73	 13893.783163
  59	   89	 1136.631953
  60	   62	 55153.857603
  60	   65	 9056.783961
  60	   70	 4244.970854
  60	   79	 3790.490885
  61	   74	 58289.547968
  62	   76	 3908.245715
  62	   79	 7414.957476
  62	   81	 11385.464395
  62	   82	 8223.520847
  62	   83	 7806.928377
  63	   64	 14618.933717
  63	   67	 10003.795296
  63	   69	 58744.907481
  63	   71	 2922.693931
  64	   65	 6530.027533
  64	   67	 128323.715381
  64	   75	 4378.071792
  65	   70	 95644.756108
  65	   75	 1606.789447
  65	   87	 3993.215498
  66	   68	 21820.050990
  66	   72	 21317.662051
  66	   85	 12728.005320
  67	   69	 6102.289612
  67	   75	 20432.760708
  67	   78	 10236.804967
  68	   72	 65934.958656
  68	   89	 7941.790179
  69	   71	 10946.660071
  69	   78	 22733.886980
  69	   97	 12304.840709
  70	   79	 11662.449279
  70	   84	 10099.596820
  70	   86	 15475.949357
  70	   87	 13021.979976
  71	   77	 88631.469633
  71	   97	 2078.781101
  72	   85	 32637.976980
  72	   89	 19042.079727
  73	   89	 5214.792608
  73	   92	 27595.153246
  73	   96	 33966.975595
  74	   92	 4180.326452
  74	   94	 25350.910010
  74	   95	 28052.154646
  74	  102	 7534.089613
  75	   78	 36310.005926
  75	   87	 25699.911593
  75	  115	 4552.538924
  76	   80	 11839.097480
  76	   83	 30562.750873
  76	   91	 21459.505187
  76	  105	 14475.340012
  77	   95	 9332.243089
  77	   97	 20951.244708
  77	  114	 205.681050
  77	  118	 12953.896598
  78	   97	 9977.266475
  78	  115	 6081.151223
  78	  117	 821.532424
  79	   81	 29223.220968
  79	   84	 60311.246464
  79	   88	 21218.610704
  80	  105	 9094.299997
  80	  106	 13360.582818
  81	   82	 52892.455538
  81	   88	 47253.471861
  82	   83	 69395.500390
  82	   88	 3472.274750
  82	   90	 13145.161596
  83	   90	 10795.857810
  83	   91	 17218.767811
  84	   86	 60210.375135
  84	   88	 12274.350522
  84	  109	 2594.430527
  85	   89	 17174.461673
  85	   98	 30575.392171
  85	  100	 3693.102080
  86	   87	 29225.497653
  86	  109	 10666.005416
  87	  109	 7847.870131
  87	  115	 6701.415057
  87	  120	 2576.612791
  88	   90	 16560.529904
  88	  109	 9765.705904
  88	  112	 6744.196967
  89	   96	 5764.599630
  89	   98	 12170.687446
  89	   99	 14300.958015
  89	  103	 7953.498142
  89	  107	 2858.588308
  89	  116	 2307.893984
  90	   91	 51029.898042
  90	  112	 13128.624679
  91	  105	 12382.965013
  91	  112	 6744.622457
  92	   93	 93076.133116
  92	   94	 23474.174058
  92	   96	 1823.409820
  92	  101	 3335.570327
  93	   94	 18546.159070
  93	  101	 48326.391741
  93	  104	 357.309698
  94	  102	 18047.678488
  94	  104	 21753.158123
  95	  102	 8144.508395
  95	  108	 29898.492583
  95	  111	 8709.847863
  95	  118	 1287.251833
  96	   99	 115502.363686
  96	  101	 17595.554251
  97	  114	 25365.543741
  97	  117	 14099.610797
  98	  100	 20677.686223
  98	  103	 49799.511164
  99	  101	 361.441348
  99	  107	 58184.958734
 100	  103	 20492.121887
 100	  150	 1663.131116
 101	  104	 6354.364676
 101	  107	 10741.460886
 101	  110	 2134.029903
 101	  129	 11024.586559
 101	  151	 812.723465
 102	  104	 74903.146558
 102	  110	 14682.980360
 102	  111	 7774.040275
 103	  116	 11199.526604
 103	  128	 8732.825283
 103	  150	 1823.458237
 104	  110	 23160.553657
 105	  106	 53541.305260
 105	  112	 1668.943107
 105	  121	 6966.836164
 105	  134	 18936.756526
 106	  134	 7202.715347
 106	  154	 3813.512764
 107	  116	 51941.779804
 107	  151	 2997.102006
 108	  111	 27938.125625
 108	  113	 35528.016242
 108	  118	 2969.897291
 109	  112	 22315.243185
 109	  119	 68340.460999
 109	  120	 1249.911032
 110	  111	 10818.989206
 110	  123	 7929.322169
 110	  129	 21876.573124
 111	  113	 3255.037522
 111	  123	 15229.772285
 111	  124	 10050.384205
 112	  119	 261.315689
 112	  121	 94587.994606
 112	  136	 2646.015328
 113	  118	 1409.616188
 113	  124	 17356.311429
 113	  126	 27416.180947
 114	  117	 2070.659478
 114	  118	 19883.012695
 114	  122	 32649.381134
 114	  132	 9908.304040
 115	  117	 11067.488499
 115	  120	 9233.656564
 115	  125	 17560.502837
 115	  135	 10488.124565
 116	  128	 55071.233399
 116	  151	 973.733132
 117	  122	 7897.184310
 117	  125	 14609.401029
 117	  127	 16119.356254
 118	  126	 19007.647416
 118	  131	 28461.700914
 118	  132	 2668.233709
 119	  120	 63764.820965
 119	  136	 11484.418632
 120	  135	 2968.461941
 120	  136	 11856.693714
 120	  142	 7878.145362
 121	  134	 11060.376935
 121	  136	 6464.741297
 121	  138	 12874.440415
 121	  145	 8783.643862
 122	  127	 22802.375073
 122	  132	 2363.442994
 122	  137	 7875.713000
 123	  124	 24599.128300
 123	  129	 6877.393475
 123	  130	 17098.859552
 124	  126	 4044.017096
 124	  130	 17425.997633
 125	  127	 11274.836717
 125	  135	 15328.698025
 125	  147	 76.335885
 126	  130	 3299.813251
 126	  131	 4855.334447
 126	  141	 17192.345928
 127	  137	 1402.977248
 127	  147	 6752.677983
 128	  150	 18020.125782
 128	  151	 18304.622330
 128	  160	 555.462371
 129	  130	 36.045599
 129	  139	 1872.147048
 129	  143	 10170.246396
 129	  146	 14963.955148
 129	  151	 654.664056
 129	  153	 2266.038373
 130	  139	 31899.770098
 130	  141	 2078.342066
 131	  132	 8985.646571
 131	  133	 43389.852236
 131	  141	 4789.650007
 132	  133	 17485.502604
 132	  137	 41398.721185
 133	  137	 3273.640634
 133	  141	 9207.459013
 133	  159	 3403.566768
 134	  138	 70000.934275
 134	  154	 13741.749612
 134	  157	 9195.322141
 135	  142	 10005.848091
 135	  147	 144.299877
 135	  148	 5852.732075
 135	  162	 10134.858355
 136	  140	 27257.420467
 136	  142	 4963.981856
 136	  144	 12279.461078
 136	  145	 3333.962825
 137	  147	 12168.625520
 137	  159	 4905.511224
 138	  145	 14672.618548
 138	  157	 13051.392852
 138	  163	 8503.323729
 139	  141	 3870.232204
 139	  143	 14312.652980
 139	  156	 11205.224494
 139	  158	 1879.933610
 140	  142	 27571.049228
 140	  144	 15099.532655
 140	  149	 5171.282926
 141	  158	 5111.474866
 141	  159	 3577.362292
 141	  170	 361.990600
 141	  171	 2903.956332
 141	  175	 6322.323678
 142	  149	 5264.128707
 142	  162	 2530.938086
 142	  172	 6613.259334
 143	  146	 7306.768559
 143	  155	 16970.986969
 143	  156	 6914.747291
 144	  145	 13045.841205
 144	  149	 39032.806279
 144	  152	 2435.341741
 145	  152	 28408.196842
 145	  163	 10652.540411
 146	  153	 34645.348611
 146	  155	 13331.840282
 146	  161	 3005.039783
 147	  148	 78385.967879
 147	  159	 4990.792601
 148	  159	 6934.962720
 148	  162	 13116.481184
 148	  180	 219.228666
 149	  152	 18289.965623
 149	  172	 4278.618920
 149	  183	 348.760683
 150	  160	 6616.964733
 150	  168	 16458.531268
 150	  169	 2845.825743
 151	  153	 29311.347419
 151	  160	 42510.456518
 152	  163	 1063.542085
 152	  164	 14377.882286
 152	  183	 1978.723760
 153	  160	 1347.198976
 153	  161	 1605.125174
 153	  165	 4855.823543
 153	  174	 12400.883678
 154	  157	 51914.009268
 154	  173	 7117.422989
 154	  186	 2375.795587
 155	  156	 9073.044703
 155	  161	 31721.359028
 156	  158	 24422.061896
 156	  161	 1482.687746
 156	  166	 2781.870294
 157	  163	 10682.788003
 157	  167	 29887.136613
 157	  173	 3627.442563
 158	  166	 24262.129794
 158	  170	 11286.625447
 159	  175	 118.292134
 159	  176	 7853.503389
 159	  180	 8129.675023
 159	  181	 4052.721777
 160	  169	 36613.988180
 160	  174	 6868.715924
 160	  190	 2215.590202
 161	  165	 59031.101359
 161	  166	 10243.488004
 162	  172	 11750.709020
 162	  180	 1742.380577
 162	  184	 10697.679068
 163	  164	 68624.892416
 163	  167	 15577.768733
 163	  179	 1749.022619
 164	  179	 10001.410458
 164	  183	 14024.254734
 164	  193	 1716.842201
 164	  198	 553.290000
 165	  166	 5955.522800
 165	  174	 25257.259525
 165	  178	 13189.598704
 166	  170	 8656.541401
 166	  178	 20450.936697
 167	  173	 42706.601416
 167	  177	 11743.528461
 167	  179	 11281.075090
 168	  169	 14236.148696
 168	  187	 5953.595660
 168	  188	 11229.570023
 169	  187	 18769.223723
 169	  190	 7120.007695
 169	  195	 188.516661
 170	  171	 136316.638951
 170	  178	 13444.443715
 170	  209	 1209.645023
 171	  175	 30649.852723
 171	  203	 7223.574986
 171	  209	 3165.222553
 172	  183	 8964.045596
 172	  184	 2028.293052
 172	  192	 7467.052729
 172	  197	 5585.128074
 172	  206	 4743.060444
 173	  177	 44649.303274
 173	  185	 19258.268099
 173	  186	 5335.630313
 174	  178	 5280.575753
 174	  189	 27367.538824
 174	  190	 5125.710437
 175	  176	 72781.902569
 175	  203	 6873.353084
 176	  181	 8344.225372
 176	  182	 11903.747870
 176	  196	 4365.280080
 176	  203	 332.034090
 177	  179	 91559.882802
 177	  185	 12907.654711
 178	  189	 565.386356
 178	  209	 12639.347357
 178	  216	 9215.726484
 179	  185	 10193.068971
 179	  198	 24270.833144
 180	  181	 7506.132524
 180	  184	 7756.113909
 180	  191	 6508.221308
 180	  204	 5681.474074
 180	  207	 1400.670975
 181	  182	 77884.429648
 181	  191	 6424.222562
 182	  191	 10472.031777
 182	  196	 14799.174775
 183	  192	 13617.021859
 183	  193	 20661.093837
 183	  200	 8053.112651
 184	  197	 9581.228645
 184	  199	 12112.459963
 184	  204	 1684.409083
 185	  186	 62994.285637
 185	  198	 2670.899104
 185	  202	 7073.914897
 185	  222	 17905.537705
 186	  202	 36704.310649
 187	  188	 10039.652329
 187	  194	 55326.032099
 187	  195	 2298.431872
 188	  194	 5393.767401
 188	  226	 7570.031663
 189	  190	 22027.935581
 189	  205	 8169.974263
 189	  216	 22476.897046
 190	  195	 22926.751793
 190	  205	 5661.452029
 191	  196	 12882.410608
 191	  207	 11669.250496
 191	  217	 7841.222960
 192	  200	 20484.557870
 192	  206	 13378.048571
 192	  215	 18036.032295
 193	  198	 20913.881057
 193	  200	 14440.873973
 193	  201	 9794.720265
 193	  210	 10332.932274
 193	  224	 5713.760267
 194	  195	 3187.513822
 194	  208	 3994.138531
 194	  226	 5886.245096
 194	  227	 9844.279402
 194	  230	 1103.553132
 195	  205	 25391.023403
 195	  208	 9510.877792
 196	  203	 23892.837333
 196	  217	 12679.648717
 196	  219	 503.118628
 196	  228	 9476.910422
 197	  199	 1361.222461
 197	  206	 27926.830414
 197	  211	 5674.358224
 197	  214	 12228.275524
 198	  201	 77596.777038
 198	  222	 1844.892205
 199	  204	 7792.544152
 199	  211	 7972.037811
 199	  218	 9432.700778
 200	  210	 52391.051198
 200	  215	 4126.571043
 201	  222	 24386.880319
 201	  224	 19787.864873
 202	  222	 26423.503893
 202	  231	 2237.034024
 203	  209	 14601.510388
 203	  219	 37901.373333
 204	  207	 7329.552891
 204	  213	 20598.557697
 204	  218	 1239.985034
 205	  208	 22437.768284
 205	  216	 2080.838905
 205	  229	 3084.822263
 206	  214	 2149.272105
 206	  215	 6025.529543
 206	  223	 26055.287268
 206	  233	 57.802805
 207	  212	 37734.896011
 207	  213	 3140.275283
 207	  217	 6998.331168
 208	  227	 7640.263201
 208	  229	 12813.939557
 209	  216	 9480.824882
 209	  219	 23306.743955
 209	  232	 603.488674
 209	  237	 9213.050748
 210	  215	 13060.327604
 210	  221	 15864.467591
 210	  224	 24639.816692
 211	  214	 61341.490689
 211	  218	 5783.318661
 211	  220	 2814.703844
 212	  213	 19186.695035
 212	  217	 25034.121341
 212	  236	 467.329330
 212	  245	 2720.675976
 213	  218	 5054.625785
 213	  220	 9714.772218
 213	  238	 4619.859167
 213	  245	 560.273873
 214	  220	 11312.805765
 214	  233	 13288.986422
 215	  221	 124458.459814
 215	  223	 4910.522490
 216	  229	 4883.816822
 216	  232	 28014.902432
 217	  228	 16273.936768
 217	  236	 6522.539878
 218	  220	 42643.716176
 219	  228	 21342.937903
 219	  237	 2935.967700
 219	  241	 6654.460035
 220	  233	 5659.479429
 220	  238	 7784.492122
 221	  223	 10002.248627
 221	  224	 5219.433840
 221	  225	 30420.221130
 221	  235	 4015.696562
 222	  224	 662.202908
 222	  231	 77890.191377
 223	  225	 64793.649467
 223	  233	 11317.932384
 223	  234	 1864.025432
 224	  231	 9418.980453
 224	  235	 47673.770528
 224	  243	 2266.837976
 225	  234	 49994.675560
 225	  235	 1574.871836
 226	  230	 49613.613127
 227	  229	 20966.223650
 227	  230	 7109.902646
 227	  240	 11001.691995
 227	  262	 2258.621284
 228	  236	 31020.761327
 228	  241	 9387.591198
 229	  232	 12859.843397
 229	  262	 8929.350524
 230	  240	 29515.680595
 231	  239	 71228.665485
 231	  243	 3945.450121
 232	  237	 25475.069778
 232	  256	 3425.109077
 232	  262	 1890.701182
 232	  264	 6441.752687
 232	  271	 39.743036
 233	  234	 10956.766468
 233	  238	 12513.626843
 233	  247	 6907.374937
 233	  248	 17436.245382
 234	  235	 6896.044396
 234	  242	 22729.414520
 234	  247	 35635.144521
 235	  242	 44859.521403
 235	  243	 36089.872115
 236	  241	 5589.459112
 236	  244	 41148.912441
 236	  245	 9896.034659
 237	  241	 9366.795378
 237	  253	 6791.072703
 237	  256	 19883.135983
 238	  245	 7801.542780
 238	  246	 18681.826939
 238	  248	 14555.561491
 238	  257	 3597.773369
 239	  243	 19383.464574
 239	  249	 46757.422381
 239	  275	 19085.757713
 240	  252	 45245.753139
 240	  262	 3258.136829
 241	  244	 5067.098876
 241	  253	 13571.382481
 241	  254	 15101.266057
 242	  243	 6068.540919
 242	  247	 13240.655893
 242	  250	 863.782436
 242	  255	 7235.826871
 242	  259	 32464.733187
 243	  249	 28905.905575
 243	  250	 36453.158303
 244	  245	 4737.383080
 244	  251	 10383.824705
 244	  254	 8747.133978
 244	  265	 1860.419491
 244	  269	 222.748789
 245	  246	 37027.796946
 245	  251	 11622.221981
 246	  251	 12270.294295
 246	  257	 3851.438151
 247	  248	 11475.713624
 247	  255	 49984.220266
 247	  261	 2153.811328
 248	  257	 20829.666995
 248	  260	 5872.984738
 248	  261	 6932.202997
 249	  250	 53716.297484
 249	  263	 13369.061302
 249	  275	 9517.757271
 250	  259	 10846.788049
 250	  263	 46333.274894
 251	  257	 1007.533004
 251	  269	 13731.806728
 251	  273	 2471.501849
 252	  262	 10369.268978
 252	  280	 12921.959507
 252	  282	 4429.305811
 253	  254	 4834.428531
 253	  256	 10086.273101
 253	  258	 19117.078563
 253	  267	 2457.106916
 254	  258	 9510.469971
 254	  265	 8855.501115
 255	  259	 16138.341057
 255	  261	 16296.088807
 255	  266	 8602.816463
 255	  270	 18051.548819
 256	  264	 15896.261126
 256	  267	 20777.374189
 257	  260	 31270.621932
 257	  273	 7347.769251
 257	  276	 2519.993656
 257	  277	 3531.930947
 258	  265	 11203.902388
 258	  267	 279.077119
 258	  272	 3355.903868
 258	  283	 941.077633
 259	  263	 33454.287631
 259	  270	 1485.992008
 259	  278	 41765.379085
 260	  261	 44288.654171
 260	  268	 3556.600275
 260	  277	 12388.445930
 261	  266	 36390.353217
 261	  268	 2803.998519
 262	  271	 14664.074112
 262	  280	 5374.260762
 262	  287	 7787.587249
 262	  288	 6778.113399
 263	  275	 18979.216317
 263	  278	 2576.791403
 263	  281	 41188.069964
 264	  267	 11867.951959
 264	  271	 42429.076588
 264	  272	 3201.712160
 264	  292	 647.369428
 265	  269	 2919.883148
 265	  283	 6933.639763
 265	  290	 2963.491442
 266	  268	 76879.708694
 266	  270	 13506.740374
 267	  272	 39982.764312
 268	  270	 14459.197423
 268	  274	 13094.791433
 268	  277	 4017.061272
 268	  279	 17533.721923
 269	  273	 20577.398462
 269	  284	 8731.068680
 269	  290	 1910.819338
 270	  274	 60698.034089
 270	  278	 10172.843231
 271	  288	 14058.560506
 271	  292	 7478.122862
 272	  283	 324.949073
 272	  289	 7474.734820
 272	  292	 3877.254268
 273	  276	 50778.838393
 273	  284	 2180.466484
 273	  285	 235.565077
 274	  278	 18313.815804
 274	  279	 34887.535571
 275	  281	 13348.844767
 275	  286	 70751.660379
 276	  277	 26760.148115
 276	  285	 14704.413113
 276	  295	 1103.950666
 277	  279	 15564.372058
 277	  294	 7660.855740
 277	  295	 11510.940088
 278	  279	 592.608352
 278	  281	 28293.564676
 278	  293	 11182.165603
 278	  297	 11368.915830
 278	  299	 5747.856200
 278	  309	 4968.100522
 279	  293	 28733.261435
 279	  294	 15357.771271
 280	  282	 19311.905064
 280	  287	 34433.466884
 280	  301	 5522.091223
 281	  286	 23528.897595
 281	  300	 33971.592458
 281	  309	 13239.481471
 282	  301	 9207.684766
 283	  289	 5569.286839
 283	  290	 8406.311399
 283	  296	 6609.101902
 284	  285	 41850.714874
 284	  290	 813.293793
 284	  291	 8756.320847
 284	  302	 2297.085386
 284	  304	 781.665409
 285	  295	 8241.348613
 285	  302	 10136.826564
 286	  300	 35615.783667
 286	  310	 24431.373776
 287	  288	 9471.794326
 287	  298	 27462.614463
 287	  301	 1328.389763
 288	  292	 3967.995879
 288	  298	 8345.765286
 288	  305	 16286.597331
 289	  292	 9969.593033
 289	  296	 5770.257842
 289	  306	 4063.283109
 290	  291	 45803.625497
 290	  296	 2229.959481
 291	  296	 990.593722
 291	  304	 18338.018940
 292	  305	 13425.777374
 292	  306	 1140.369248
 293	  294	 22840.591359
 293	  297	 46236.083440
 293	  303	 12711.413731
 294	  295	 22962.866612
 294	  303	 16462.936166
 294	  308	 6778.677582
 295	  302	 15556.825103
 295	  308	 15609.678772
 296	  304	 4911.434235
 296	  306	 22818.308596
 297	  299	 80828.883146
 297	  303	 18695.426564
 298	  301	 9002.946983
 298	  305	 2043.251371
 299	  303	 4969.071277
 299	  309	 42200.448817
 300	  309	 14972.895442
 300	  310	 15259.998925
 301	  307	 18244.831564
 302	  304	 5663.969674
 302	  308	 3413.228904
 303	  308	 10700.127227
 304	  306	 1146.219709
