320.501292
2198.205521
971.420166
120.000000
1282.213384
327.559484
1053.266803
1605.165171
1945.095456
811.094498
801.530754
873.589932
2810.054034
660.899493
981.158948
1311.900307
333.981913
997.156787
590.111690
2669.236739
1088.065169
1405.568080
632.392255
199.022568
2082.503847
440.065076
212.940625
2182.084324
1611.005271
192.725609
1106.998213
1995.196033
1692.197729
839.862264
1104.160231
223.420248
2250.727987
832.581112
608.293915
1270.305771
75.000000
390.139809
1167.317202
229.848837
2328.578584
1171.513026
652.035960
1208.696638
723.599613
1161.198840
479.667913
1931.456891
1496.459387
1288.602518
2802.088602
748.831880
694.753393
1314.984237
2659.861781
1138.735991
865.023973
1187.419366
629.971613
999.855912
1079.951136
1169.775502
580.904047
397.530748
869.201248
948.177458
588.589018
1615.879546
408.394280
1734.813632
1741.738933
1082.092156
1616.051416
2146.577560
1039.308109
449.615059
1423.284202
308.344598
242.795272
325.229576
346.823370
718.097482
547.956210
1601.688370
650.483843
1251.440860
403.047601
633.623400
1047.853341
281.636363
809.966073
2202.180528
867.936544
1726.697157
388.089353
538.601883
528.698106
1626.707780
565.850533
1182.957299
353.130066
1901.777421
1288.586557
1171.198410
665.275279
1253.111729
748.135658
568.356355
1124.744213
561.495956
962.198703
1854.158154
984.135503
782.585853
1699.678723
410.207446
1145.353655
1232.933676
472.751415
437.998751
323.165507
554.459479
1144.569154
556.281199
2035.800420
1667.514457
546.369086
454.696581
431.581105
638.155629
1629.475478
1861.584771
769.779577
789.699429
1033.860273
835.267426
255.684524
2082.142602
1692.889046
561.219285
278.079624
900.773705
861.840595
671.395560
1051.771016
709.259353
2404.628981
2043.599821
674.989005
1500.480183
1638.941544
387.747746
484.687146
1159.315063
843.090644
2043.486113
1710.283670
394.517919
2393.407357
903.940251
1214.120279
766.645137
571.388284
583.672039
1441.024687
1617.092577
792.737732
987.622147
2529.877066
659.323313
1738.171858
1071.900342
845.616614
196.113927
1709.093019
886.852507
1453.295578
565.781103
318.411835
1441.335902
1453.170631
973.125131
696.841838
993.113365
1022.942696
1174.788674
948.233466
518.303571
758.128386
770.030737
1298.289486
425.329683
900.370078
1001.426507
758.577325
442.031394
286.204970
736.738051
817.693219
988.660349
523.129895
406.090385
971.717419
326.232888
693.564702
2014.749464
426.076637
188.077218
480.486477
682.280009
543.600515
272.366603
2183.113744
823.515107
176.858941
1142.836837
638.714665
424.610685
1587.898976
585.549405
1242.926654
455.626241
853.368714
1927.271086
1279.255046
2254.207120
1009.271486
1888.059832
2568.342346
1458.599725
978.759602
1080.773925
1050.556171
2043.041499
1379.380110
1807.761807
1649.048032
1428.091778
1095.234751
820.113450
1146.262969
816.458664
489.014919
905.397990
945.767063
680.832576
507.194213
1033.857977
2236.529703
889.891125
706.570592
878.280051
1224.792102
889.268447
683.186932
1371.150475
466.950725
451.510290
3586.036757
1401.850479
1374.358934
1439.832068
189.118897
501.412513
256.092872
1374.617053
383.935666
1869.775937
1094.478970
598.177500
366.426981
2706.180434
597.900443
1038.631960
1903.066101
765.556838
1772.508747
2193.074394
1020.907365
1207.743106
1010.472540
709.397650
1867.755761
1426.345490
2192.320421
1611.465423
971.652212
864.050698
2214.766122
747.801177
794.199564
1023.742919
916.849077
608.333333
1591.897280
700.605159
1796.999197
1166.140630
1229.673787
614.829292
1138.238739
1298.586626
786.195784
165.312500
494.156253
1140.585870
711.056117
