1	0	0
21	0	1
41	0	2
61	0	3
81	0	4
101	0	5
121	0	6
141	0	7
161	0	8
181	0	9
201	20000	10

221	0	11
241	0	12
261	0	13
282	0	14
302	10000	15
322	0	16
342	0	17
362	0	18
382	0	19
403	10000	20
423	0	21
443	0	22
464	0	23
484	0	24
504	10000	25
525	0	26
545	0	27
565	0	28
586	0	29
606	20000	30

606	0	31
607	10000	32
607	0	33
608	0	34
608	0	35
609	10000	36
609	0	37
610	0	38
610	0	39
611	20000	40

423	0	41
442	10000	42
462	0	43
482	0	44
502	0	45
521	10000	46
541	0	47
561	0	48
581	0	49
601	20000	50

