1	0	0	30	30	0.333	0.01
2	0	1	30	30	0.333	0.01
3	0	2	30	30	0.333	0.01
4	0	3	30	30	0.333	0.01
5	0	4	30	30	0.333	0.01
6	0	5	30	30	0.333	0.01
7	0	6	30	30	0.333	0.01
8	0	7	30	30	0.333	0.01
9	0	8	30	30	0.333	0.01
10	0	9	30	30	0.333	0.01

11	0	10	34.641	30	0.333	0.01
12	0	11	34.641	30	0.333	0.01
13	0	12	34.641	30	0.333	0.01
14	0	13	34.641	30	0.333	0.01
15	0	14	34.641	30	0.333	0.01
16	0	15	34.641	30	0.333	0.01
17	0	16	34.641	30	0.333	0.01
18	0	17	34.641	30	0.333	0.01
19	0	18	34.641	30	0.333	0.01
20	0	19	34.641	30	0.333	0.01
21	0	20	60	30	0.333	0.01
22	0	21	60	30	0.333	0.01
23	0	22	60	30	0.333	0.01
24	0	23	60	30	0.333	0.01
25	0	24	60	30	0.333	0.01
26	0	25	60	30	0.333	0.01
27	0	26	60	30	0.333	0.01
28	0	27	60	30	0.333	0.01
29	0	28	60	30	0.333	0.01
30	0	29	60	30	0.333	0.01

31	0	30	50	0	0.333	0.01
32	0	31	50	0	0.333	0.01
33	0	32	50	0	0.333	0.01
34	0	33	50	0	0.333	0.01
35	0	34	50	0	0.333	0.01
36	0	35	50	0	0.333	0.01
37	0	36	50	0	0.333	0.01
38	0	37	50	0	0.333	0.01
39	0	38	50	0	0.333	0.01
40	0	39	50	0	0.333	0.01

41	0	20	30	21.213	0.333	0.01
42	0	41	30	21.213	0.333	0.01
43	0	42	30	21.213	0.333	0.01
44	0	43	30	21.213	0.333	0.01
45	0	44	30	21.213	0.333	0.01
46	0	45	30	21.213	0.333	0.01
47	0	46	30	21.213	0.333	0.01
48	0	47	30	21.213	0.333	0.01
49	0	48	30	21.213	0.333	0.01
50	0	49	30	21.213	0.333	0.01



