3652
   0	   13	 37301.620452
   0	   60	 3487.046340
   1	    2	 2916.933215
   1	   14	 17327.533944
   1	   32	 30410.177957
   1	   62	 10935.699491
   1	   63	 4348.204932
   2	    3	 41675.619733
   2	   32	 29860.133131
   2	   33	 1928.618649
   2	   49	 3732.526774
   3	    4	 16934.330884
   3	   33	 11571.087054
   4	   33	 28930.816067
   4	   34	 10165.707980
   5	   22	 30792.968868
   5	   34	 26699.908288
   6	   22	 9458.557721
   6	   23	 50624.329124
   6	   24	 4734.902719
   7	   15	 13834.765699
   7	   24	 16458.589866
   7	   37	 16278.621779
   8	    9	 3727.433838
   8	   20	 7990.810299
   8	   39	 33656.574376
   8	   45	 1471.377306
   8	   70	 6428.289339
   9	   17	 13264.637682
   9	   39	 5080.457799
   9	   46	 10119.329955
   9	   47	 897.339660
   9	   55	 13125.225796
  10	   11	 1618.308215
  10	   19	 1625.411928
  10	   26	 7346.827341
  10	   28	 44556.696253
  10	   51	 2000.785067
  11	   19	 176306.691174
  11	   30	 5757.153824
  12	   21	 32763.955748
  12	   59	 6776.492056
  13	   42	 17163.081273
  13	   60	 25313.616932
  13	   68	 4085.651523
  14	   31	 26695.211552
  14	   61	 19029.556352
  14	   62	 8678.918211
  15	   25	 2893.065542
  15	   37	 13908.427763
  15	   38	 25004.207937
  16	   20	 5157.966406
  16	   25	 12436.356709
  16	   43	 9181.939350
  16	   44	 22027.085706
  16	   54	 1676.242245
  17	   36	 11638.090346
  17	   47	 34521.715439
  18	   26	 11647.122945
  18	   36	 1280.323009
  18	   40	 7074.534018
  18	   41	 15191.122788
  18	   50	 7065.726182
  18	   57	 2164.439517
  19	   29	 30302.843450
  19	   30	 20210.460777
  19	   51	 10529.026806
  20	   44	 12157.989984
  20	   45	 39717.912088
  21	   27	 77543.974411
  21	   59	 16345.067819
  22	   23	 9992.156088
  22	   34	 14050.230263
  22	   72	 13720.555858
  22	   74	 7319.639528
  23	   24	 3289.623554
  23	   35	 60140.922310
  23	   66	 5444.083616
  23	   72	 2700.348573
  24	   35	 31015.664545
  24	   37	 5329.800761
  24	   66	 566.327698
  24	   67	 15067.278710
  25	   38	 20617.927370
  25	   43	 51786.483879
  26	   28	 7059.739829
  26	   41	 28211.186752
  26	   58	 13165.817449
  27	   48	 26495.381295
  27	   59	 33078.991257
  27	   73	 7073.948376
  28	   51	 9616.887148
  28	   58	 17420.763088
  28	   71	 15820.102810
  29	   30	 70560.143438
  29	   51	 30742.097726
  29	   83	 3222.532445
  30	   48	 69368.442912
  30	   83	 1119.474431
  31	   42	 18813.324369
  31	   52	 51432.356057
  31	   61	 19555.048581
  32	   49	 14273.035924
  32	   63	 24745.130093
  32	   64	 33183.757790
  33	   34	 2287.673962
  33	   49	 25881.587084
  33	   53	 17899.985798
  33	   65	 16753.883280
  34	   65	 29283.232176
  34	   74	 1569.789598
  34	   76	 12439.945310
  35	   66	 34706.586701
  36	   40	 123283.045158
  36	   47	 4945.411227
  36	   56	 12485.043764
  36	   90	 2154.185069
  37	   38	 19971.767217
  37	   67	 37591.389370
  37	   93	 127.856326
  37	   98	 1694.254819
  38	   43	 5390.685141
  38	   77	 8427.852626
  38	   93	 12393.123073
  39	   46	 112486.671210
  39	   70	 1095.164539
  39	   75	 18610.492824
  39	   94	 317.290812
  40	   50	 51019.955652
  40	   90	 5825.256919
  41	   57	 29328.891430
  41	   58	 6892.217627
  41	   81	 5085.060316
  42	   52	 49005.337629
  42	   68	 50916.905110
  42	   96	 1782.660852
  43	   54	 13598.697145
  43	   77	 34760.233485
  43	   79	 266.483229
  44	   45	 18455.709550
  44	   54	 114903.555857
  45	   54	 4127.488563
  45	   70	 43216.920806
  45	   79	 2097.434627
  45	   89	 6705.489445
  46	   55	 23425.799556
  46	   80	 18954.463608
  46	   94	 596.225001
  47	   55	 19108.475905
  47	   56	 90918.186231
  48	   73	 68490.249457
  48	   83	 6231.761799
  49	   53	 76446.899904
  49	   64	 4892.143711
  49	   69	 22594.824832
  50	   57	 57950.403981
  50	   90	 3332.094753
  50	  110	 4499.080105
  51	   71	 7460.929499
  51	   78	 21830.510680
  51	   82	 12082.475958
  51	   83	 6421.344687
  52	   61	 3242.971311
  52	   84	 32747.097189
  52	   96	 8301.964810
  53	   65	 15732.489755
  53	   69	 26984.137813
  53	  106	 1639.483572
  53	  107	 2017.618819
  54	   79	 46221.742803
  55	   56	 7763.715874
  55	   80	 22162.079467
  55	  101	 7304.911160
  56	   90	 16478.051936
  56	  101	 11133.002576
  57	   81	 918.815729
  57	  110	 8805.454673
  57	  111	 5529.616109
  58	   71	 15222.355287
  58	   81	 22439.733360
  59	   73	 142.852497
  59	   86	 7907.800040
  59	   87	 45291.198713
  59	  113	 3216.296609
  60	   68	 78742.533733
  60	  102	 15792.076211
  60	  103	 4877.653543
  61	   62	 43827.316480
  61	   84	 12862.306266
  61	   88	 28889.071374
  62	   63	 49083.171221
  62	   88	 9204.943454
  62	   92	 17129.889734
  63	   64	 40997.442177
  63	   92	 9674.275047
  63	   97	 11784.706694
  64	   69	 51531.899847
  64	   97	 11174.792146
  65	   76	 17131.878588
  65	  107	 16653.613189
  65	  108	 398.951807
  66	   67	 7309.921502
  66	   72	 19557.838713
  66	   85	 34127.558884
  67	   85	 10601.495436
  67	   98	 6286.329950
  67	  109	 7566.806739
  67	  121	 4877.471458
  68	   96	 9560.629131
  68	  103	 20420.664427
  68	  104	 5248.739237
  69	   97	 2254.383804
  69	  106	 23155.797756
  70	   75	 46983.516257
  70	   89	 23780.121464
  71	   78	 16755.347139
  71	   81	 9735.886242
  71	   91	 11820.317570
  72	   74	 80749.477940
  72	   85	 8920.499713
  72	  118	 6643.318952
  73	   83	 4401.307597
  73	   86	 37565.035527
  73	   95	 29170.711154
  73	  116	 6440.444466
  74	   76	 53097.288054
  74	  118	 6232.128677
  74	  128	 4634.326148
  75	   89	 13077.765566
  75	   94	 35274.596641
  76	  108	 30406.753783
  76	  128	 2165.376867
  77	   79	 417.129534
  77	   93	 15214.137518
  77	   99	 38936.768392
  77	  100	 7485.404078
  78	   82	 22374.746892
  78	   91	 40538.786995
  78	  112	 2156.058069
  79	   89	 12159.386973
  79	  100	 46846.126064
  79	  123	 8944.289328
  80	   94	 32130.132156
  80	  101	 3325.518597
  80	  119	 10183.483702
  80	  136	 10066.187398
  81	   91	 3745.153341
  81	  111	 22813.680947
  81	  130	 7639.294081
  82	   83	 264655.637801
  82	  112	 18033.207346
  83	   95	 49570.760060
  83	  112	 974.214529
  83	  120	 1931.915451
  84	   88	 8510.067126
  84	   96	 22723.175401
  84	  105	 15466.784858
  84	  114	 18228.886234
  84	  115	 5317.649234
  85	  118	 18488.531226
  85	  121	 21082.624342
  85	  129	 1078.213034
  86	   87	 110644.554073
  86	  113	 9081.491614
  86	  116	 24628.832024
  86	  151	 2893.758953
  87	  113	 52851.466790
  88	   92	 23182.134842
  88	  105	 28937.005616
  88	  117	 21329.173817
  89	   94	 2206.315492
  89	  123	 20043.185539
  89	  135	 15338.982238
  90	  101	 22218.099911
  90	  110	 12067.248462
  90	  124	 21899.418448
  91	  112	 25695.466596
  91	  130	 5414.007757
  91	  137	 7475.920121
  92	   97	 45019.949878
  92	  117	 9198.492222
  92	  127	 19025.782997
  93	   98	 98255.811172
  93	   99	 11060.483777
  93	  144	 7041.443097
  94	  135	 672.810402
  94	  136	 10329.820007
  94	  145	 23387.972018
  95	  116	 33945.903794
  95	  120	 1215.935273
  95	  131	 24277.131025
  96	  104	 59826.489151
  96	  114	 26019.377111
  96	  125	 5055.925757
  97	  106	 18876.968198
  97	  127	 8303.844470
  97	  142	 17925.528532
  97	  148	 2959.448489
  98	  109	 88177.714098
  98	  144	 1662.330721
  99	  100	 11955.490702
  99	  122	 17462.000162
  99	  144	 13391.312578
 100	  122	 26647.655956
 100	  123	 4124.257905
 100	  152	 4762.003486
 101	  119	 40853.239943
 101	  124	 6381.784252
 101	  150	 6764.036714
 102	  103	 28954.988455
 102	  140	 29462.999920
 103	  104	 34172.442005
 103	  132	 22043.624309
 103	  140	 24622.983840
 104	  125	 14177.194994
 104	  132	 29557.522977
 105	  115	 159332.135238
 105	  117	 23642.398427
 106	  107	 19413.952368
 106	  142	 19337.561209
 106	  149	 24141.769545
 106	  162	 2016.856916
 107	  108	 28335.457120
 107	  133	 17227.219397
 107	  149	 16603.202885
 107	  163	 2336.548875
 108	  128	 18018.754414
 108	  133	 29042.359893
 109	  121	 3511.390878
 109	  143	 31470.863198
 109	  144	 6884.884715
 109	  171	 3710.676740
 110	  111	 13016.305100
 110	  124	 8688.702592
 110	  146	 28033.786305
 110	  158	 3129.034346
 111	  130	 12577.487800
 111	  158	 19998.209588
 112	  120	 64840.435609
 112	  137	 1129.586357
 112	  138	 10683.376532
 113	  139	 62902.478529
 113	  151	 13664.851999
 114	  115	 14110.493584
 114	  125	 31541.492913
 114	  126	 35126.365511
 115	  117	 7326.826275
 115	  126	 38032.068254
 115	  147	 10240.893034
 116	  131	 20034.947918
 116	  151	 32344.197449
 116	  164	 9960.800519
 117	  127	 26177.868541
 117	  147	 38033.512765
 118	  128	 20169.662944
 118	  129	 100868.406095
 119	  136	 36855.887470
 119	  150	 18937.614088
 119	  178	 5800.458009
 120	  131	 33625.648853
 120	  138	 37667.842093
 121	  129	 14633.545812
 121	  143	 22348.260288
 121	  166	 22829.532015
 122	  144	 11239.139612
 122	  152	 8694.530983
 122	  157	 23691.179076
 123	  135	 19483.476174
 123	  152	 9397.944302
 123	  153	 30773.229081
 124	  146	 24134.835366
 124	  150	 30238.755084
 124	  173	 4671.527664
 125	  126	 27974.521787
 125	  132	 16853.237033
 125	  154	 2623.272405
 125	  161	 27588.346529
 125	  169	 155.403732
 126	  147	 9558.446449
 126	  161	 26917.730700
 126	  186	 3332.482397
 127	  141	 72875.411480
 127	  147	 3464.761417
 127	  148	 16324.486492
 128	  129	 959.678403
 128	  133	 3160.043012
 128	  134	 163337.537151
 129	  134	 7212.098339
 129	  166	 2615.850478
 129	  170	 28917.979737
 130	  137	 29546.989405
 130	  158	 2130.063780
 130	  159	 22660.032866
 131	  138	 1886.471048
 131	  164	 17460.656184
 131	  181	 20087.451650
 132	  140	 12638.929011
 132	  154	 69330.499629
 133	  134	 17020.859447
 133	  163	 22732.660596
 133	  176	 17166.127387
 133	  187	 546.849048
 134	  170	 6334.950363
 134	  176	 24250.593689
 135	  145	 36269.604474
 135	  153	 8654.505895
 135	  167	 19779.711230
 136	  145	 5332.302164
 136	  172	 30306.349911
 136	  178	 12773.708517
 137	  138	 40805.509292
 137	  159	 13850.143120
 137	  180	 7251.703379
 138	  180	 11695.229860
 138	  181	 10295.103600
 138	  203	 2293.505629
 139	  151	 11739.967208
 139	  160	 47155.597010
 139	  174	 3762.911282
 139	  182	 4866.205852
 140	  154	 3814.889269
 140	  165	 66917.954632
 141	  147	 36149.946210
 141	  148	 32446.577246
 141	  155	 20032.007764
 142	  148	 24858.934996
 142	  155	 15204.297248
 142	  162	 44513.017161
 142	  184	 1464.457572
 143	  166	 9819.182691
 143	  171	 12503.023048
 143	  177	 8947.397922
 143	  188	 8073.464116
 144	  156	 78829.447426
 144	  157	 764.459892
 144	  171	 4415.048819
 145	  167	 1138.467518
 145	  168	 47992.376937
 145	  172	 3072.331796
 146	  158	 8833.749554
 146	  173	 6616.757835
 146	  192	 14763.190691
 146	  195	 7661.972987
 147	  155	 2393.364829
 147	  184	 7432.815290
 147	  186	 36263.201200
 148	  155	 71481.239038
 149	  162	 38289.800380
 149	  163	 62695.902770
 150	  173	 40370.820576
 150	  178	 15663.450070
 151	  164	 28896.411985
 151	  174	 44272.684128
 152	  153	 16383.164961
 152	  157	 32701.111561
 152	  185	 3573.976326
 152	  190	 14208.221410
 153	  167	 37100.118839
 153	  190	 9998.367087
 154	  165	 20943.620070
 154	  169	 33030.421173
 154	  183	 32201.411677
 155	  184	 70646.794361
 156	  157	 3869.979595
 156	  171	 21818.948270
 156	  189	 26128.078265
 156	  209	 2946.122627
 157	  185	 27040.467822
 157	  189	 8778.342812
 158	  159	 2509.949436
 158	  179	 43706.874892
 158	  195	 12924.667494
 159	  179	 9686.712113
 159	  180	 27886.656670
 159	  196	 9280.021538
 160	  182	 46861.778222
 161	  169	 42000.289521
 161	  175	 20280.911195
 161	  186	 33042.446675
 161	  221	 2017.175188
 162	  163	 8323.971271
 162	  184	 6266.339447
 162	  187	 4142.292177
 162	  206	 5366.286384
 162	  213	 15304.395806
 162	  222	 4746.151813
 163	  187	 69834.130314
 164	  174	 12429.052888
 164	  181	 20944.263673
 164	  198	 27977.615876
 165	  183	 2894.233684
 165	  193	 47088.243270
 165	  210	 14891.352023
 166	  170	 14424.726782
 166	  188	 47803.981132
 166	  201	 7874.507813
 167	  168	 4420.012839
 167	  190	 3216.047946
 167	  191	 47958.944753
 167	  214	 2257.357492
 167	  217	 3586.862833
 168	  172	 17242.491649
 168	  191	 26406.319419
 168	  194	 12081.812895
 168	  224	 7299.711104
 169	  175	 170117.984531
 169	  183	 8461.836138
 170	  176	 16766.203307
 170	  201	 38762.583990
 170	  216	 3608.894355
 171	  177	 156935.101659
 171	  209	 5746.655847
 172	  178	 18597.239532
 172	  194	 59550.422840
 173	  178	 8107.144294
 173	  192	 21288.196303
 173	  202	 31231.262265
 174	  182	 37108.671177
 174	  198	 11797.897712
 174	  220	 5783.609847
 174	  227	 11810.891230
 175	  183	 35995.059550
 175	  204	 16785.855537
 175	  221	 15667.097415
 176	  187	 257.508425
 176	  200	 15130.728334
 176	  207	 32979.405129
 176	  216	 6184.496396
 177	  188	 3229.239594
 177	  208	 27645.508393
 177	  209	 12547.299672
 178	  194	 1270.674611
 178	  202	 5842.914991
 178	  215	 21832.627524
 178	  230	 11150.839374
 179	  195	 5939.877756
 179	  196	 42340.539979
 179	  226	 6289.486785
 180	  196	 6457.510898
 180	  197	 53736.738760
 180	  203	 7555.740662
 181	  198	 13461.751764
 181	  203	 27871.139054
 181	  219	 14818.932004
 182	  220	 32902.379523
 183	  193	 43303.779408
 183	  204	 31687.024961
 184	  186	 39.019048
 184	  199	 69940.529089
 184	  205	 484.738451
 184	  212	 7126.285488
 184	  213	 15414.886660
 185	  189	 22732.157925
 185	  190	 43606.638268
 185	  214	 3362.791649
 185	  237	 6116.013713
 186	  205	 72889.466756
 186	  221	 25708.290099
 187	  200	 34427.423801
 187	  206	 60987.624219
 188	  201	 3547.430967
 188	  208	 27125.567995
 188	  228	 19244.012275
 189	  209	 36200.933792
 189	  233	 3210.898803
 189	  237	 5260.584710
 190	  214	 44219.892389
 191	  217	 34461.189973
 191	  224	 14952.135746
 192	  195	 20353.646830
 192	  202	 14480.326492
 192	  218	 21604.542819
 193	  204	 29418.907679
 193	  210	 36518.481433
 193	  211	 11516.531725
 194	  215	 31940.896713
 194	  224	 5785.999564
 194	  229	 22608.164712
 195	  218	 12725.115986
 195	  225	 20946.452894
 195	  226	 2310.842195
 196	  197	 11959.933522
 196	  226	 16156.606832
 196	  235	 158.770663
 196	  254	 8325.535286
 197	  203	 29649.468050
 197	  235	 22358.084072
 198	  219	 36100.389465
 198	  227	 28730.361782
 199	  212	 70030.275497
 199	  213	 29663.587187
 199	  240	 9605.506970
 200	  206	 19050.707824
 200	  207	 77714.350674
 200	  256	 2245.007886
 200	  262	 4682.564755
 201	  216	 75225.395850
 201	  228	 14253.420639
 202	  218	 18854.901409
 202	  230	 13825.290005
 202	  245	 13378.244480
 202	  259	 1406.789695
 203	  219	 3205.945260
 203	  231	 18150.271146
 203	  235	 16491.450496
 204	  211	 160030.595673
 204	  221	 3186.827134
 205	  212	 77023.065697
 205	  221	 21534.702864
 205	  246	 20676.838187
 206	  222	 60516.453850
 206	  262	 11525.296223
 207	  216	 2667.512348
 207	  241	 22208.632622
 207	  256	 12757.892102
 208	  209	 7517.287879
 208	  228	 7294.740664
 208	  243	 27024.954485
 208	  250	 2849.609832
 209	  233	 46534.620601
 209	  250	 1853.391854
 210	  211	 85.288572
 210	  239	 40893.777262
 211	  221	 11937.639274
 211	  236	 9791.222578
 211	  239	 23054.023116
 211	  255	 18108.275154
 212	  240	 28864.371984
 212	  246	 6253.505211
 213	  222	 42570.617983
 213	  240	 11848.929469
 213	  261	 12685.297661
 214	  217	 2513.360536
 214	  223	 71936.969010
 214	  237	 15088.790636
 215	  229	 5520.579967
 215	  230	 23878.081249
 215	  234	 37633.432444
 216	  228	 6852.074513
 216	  241	 9883.598184
 216	  242	 41865.415829
 217	  223	 29526.963855
 217	  224	 14271.718860
 217	  252	 12301.806768
 217	  253	 14032.393777
 218	  225	 5704.508314
 218	  249	 29925.524940
 218	  259	 2193.183388
 219	  227	 1642.564336
 219	  231	 62072.789809
 219	  238	 14585.034457
 220	  227	 23651.462594
 220	  232	 67242.060189
 220	  260	 8606.316425
 221	  236	 93055.744394
 221	  246	 6367.468741
 222	  261	 22075.209110
 222	  262	 13296.461164
 223	  237	 3438.692048
 223	  251	 6937.364951
 223	  252	 22123.178148
 224	  229	 56440.619678
 224	  253	 27085.926743
 225	  226	 110142.224253
 225	  249	 12203.344451
 225	  272	 5545.357877
 225	  277	 1110.110972
 226	  254	 9116.997215
 226	  272	 10562.972717
 227	  238	 57846.845577
 227	  260	 5349.160735
 228	  242	 2669.517436
 228	  243	 1638.424714
 228	  247	 30527.966388
 228	  265	 10774.854903
 229	  234	 5617.047644
 229	  244	 45904.791023
 229	  253	 1065.670432
 229	  270	 1434.123027
 230	  234	 20616.595119
 230	  245	 48848.331780
 230	  271	 1464.325741
 231	  235	 2697.469609
 231	  238	 5970.768746
 231	  263	 13844.792136
 231	  273	 22015.690455
 232	  260	 32065.142490
 233	  237	 3664.369215
 233	  250	 44033.688786
 233	  258	 25711.438359
 234	  244	 43405.028677
 234	  271	 19458.258817
 235	  254	 15583.342391
 235	  263	 29730.955907
 235	  267	 12257.832950
 236	  246	 20275.134006
 236	  255	 9519.968428
 236	  264	 57805.441534
 236	  279	 511.410543
 237	  251	 50471.906186
 237	  258	 20774.853129
 238	  260	 9407.352865
 238	  273	 11976.078670
 238	  286	 20474.805217
 239	  255	 45711.829576
 239	  278	 28753.444225
 240	  246	 40205.063671
 240	  261	 6838.131148
 240	  280	 29959.395933
 240	  290	 6710.528358
 241	  242	 17145.498261
 241	  256	 56509.242105
 241	  257	 25914.351389
 242	  257	 57141.260649
 242	  265	 12854.755563
 243	  247	 901.703876
 243	  248	 100401.413374
 243	  250	 13168.183234
 243	  266	 10922.512425
 243	  298	 2126.701705
 244	  270	 14526.624880
 244	  271	 12747.230317
 244	  284	 10515.031650
 245	  259	 66025.259430
 245	  271	 9292.861806
 245	  294	 4409.212565
 246	  279	 22908.901432
 246	  290	 22061.325468
 247	  248	 93561.353332
 247	  265	 12480.750059
 247	  292	 8989.724787
 247	  298	 2045.431414
 248	  298	 11243.858963
 249	  259	 10825.036309
 249	  276	 7581.754764
 249	  277	 36633.468290
 250	  258	 54.942499
 250	  266	 59131.664049
 250	  275	 1319.555479
 250	  282	 7795.092446
 251	  252	 4663.738205
 251	  258	 11293.178835
 251	  269	 27355.954017
 251	  299	 8253.862907
 252	  253	 15022.628393
 252	  269	 26245.553418
 252	  283	 22286.924480
 253	  270	 52866.274993
 253	  283	 8221.012335
 253	  293	 3086.568814
 253	  296	 882.328533
 254	  267	 58222.715470
 254	  272	 25800.511924
 255	  264	 13661.566394
 255	  278	 26220.420483
 255	  289	 25722.509066
 256	  257	 12.325544
 256	  262	 19546.695458
 256	  291	 34567.695601
 256	  305	 9041.284673
 257	  265	 25002.263750
 257	  305	 23105.033636
 258	  275	 53977.007987
 258	  299	 2238.467695
 259	  276	 41062.862347
 259	  294	 10765.753609
 260	  274	 52700.311382
 260	  286	 856.489970
 260	  287	 15103.649670
 261	  262	 5247.459794
 261	  268	 13.822153
 261	  280	 27793.672562
 261	  281	 58681.932317
 261	  304	 1663.006574
 262	  268	 122332.867365
 262	  291	 7348.845597
 263	  267	 14772.426952
 263	  273	 9215.995396
 263	  288	 53952.611505
 264	  279	 69129.982758
 264	  289	 31602.634390
 265	  292	 55867.720592
 265	  305	 726.353884
 266	  282	 35412.128723
 266	  298	 18585.364194
 266	  315	 1224.319513
 267	  272	 5483.663720
 267	  288	 2662.819900
 267	  312	 18419.733395
 267	  318	 11766.009017
 268	  281	 27655.092257
 268	  291	 14614.353428
 268	  310	 20672.167375
 269	  283	 25279.525949
 269	  299	 19390.954104
 269	  306	 154.083257
 269	  325	 3033.694472
 270	  284	 7892.226674
 270	  296	 16351.513214
 270	  300	 24111.854192
 271	  284	 17679.483777
 271	  285	 35016.672924
 271	  294	 4050.507572
 271	  301	 7722.584763
 272	  277	 11272.006912
 272	  302	 9314.833273
 272	  317	 21451.676589
 272	  318	 7465.392264
 273	  286	 15096.525084
 273	  288	 12355.629248
 273	  308	 35848.985774
 274	  286	 30992.340364
 274	  287	 62001.468985
 275	  282	 47062.556028
 275	  299	 16471.322768
 275	  306	 53.627461
 275	  315	 2145.820212
 275	  338	 5413.202478
 276	  277	 9682.927046
 276	  294	 22919.403296
 276	  311	 19272.189238
 276	  316	 1834.171226
 277	  302	 42577.897905
 277	  316	 7515.682359
 278	  289	 9220.521327
 278	  297	 51007.471602
 278	  309	 1403.861448
 278	  313	 20094.941752
 279	  289	 3131.757156
 279	  290	 8669.164795
 279	  303	 22833.280522
 279	  319	 24108.871763
 280	  290	 31323.655973
 280	  304	 7172.468922
 280	  314	 4571.023707
 280	  320	 26906.384151
 281	  304	 45388.044715
 281	  310	 10486.599461
 282	  315	 31356.505570
 283	  293	 88811.962256
 283	  325	 3587.016739
 284	  285	 40870.216824
 284	  300	 7294.369701
 284	  326	 458.216137
 284	  332	 11006.147606
 285	  301	 11914.563111
 285	  326	 7010.681678
 286	  287	 1061.595546
 286	  308	 9324.541370
 286	  323	 25937.057356
 286	  329	 3844.473399
 287	  323	 16671.083740
 287	  336	 15273.441050
 288	  308	 13251.519729
 288	  312	 37186.879239
 288	  328	 11252.514107
 288	  341	 311.199200
 289	  309	 64405.722106
 289	  319	 12043.160411
 290	  303	 74289.259436
 290	  320	 11909.985327
 291	  305	 23740.266773
 291	  310	 21487.194982
 291	  351	 8595.325343
 291	  365	 4449.943105
 292	  298	 1968.536028
 292	  305	 5045.964771
 292	  321	 35699.804872
 292	  324	 5341.497582
 292	  337	 9486.534684
 292	  356	 1769.992260
 293	  295	 47896.367561
 293	  296	 464.876923
 293	  307	 17632.202367
 293	  325	 3770.835511
 294	  301	 66679.213769
 294	  311	 16258.223340
 294	  334	 1497.439382
 295	  296	 36231.730244
 295	  307	 34247.069061
 296	  300	 26819.925222
 296	  307	 17011.913970
 296	  322	 2930.081968
 297	  313	 13551.100656
 297	  349	 15980.447152
 298	  315	 11859.222492
 298	  321	 37242.333220
 298	  330	 17856.322892
 299	  306	 193737.321518
 300	  322	 31412.053723
 300	  332	 5560.010811
 300	  344	 161.840700
 301	  326	 15062.938727
 301	  333	 15364.568518
 301	  334	 1136.906267
 302	  316	 28437.588312
 302	  317	 6475.130014
 302	  327	 7730.100345
 302	  345	 3531.094341
 302	  352	 10030.330222
 303	  319	 21819.937345
 303	  320	 2058.150417
 303	  354	 16584.921658
 303	  355	 7080.212496
 304	  310	 21126.336439
 304	  314	 113488.250457
 305	  324	 66561.375847
 305	  351	 8873.068356
 306	  325	 32330.538952
 306	  331	 18869.299328
 306	  338	 1337.503088
 307	  322	 15071.173780
 307	  325	 950.133787
 307	  343	 19588.533348
 308	  328	 32102.336416
 308	  329	 29991.526159
 309	  313	 95851.982349
 309	  319	 13894.850485
 309	  350	 1880.369056
 309	  364	 7573.082557
 309	  368	 99.904086
 310	  314	 570.373595
 310	  342	 991.931214
 310	  359	 8793.287337
 310	  365	 17760.801239
 310	  375	 3708.849955
 311	  316	 43295.502401
 311	  334	 26305.107590
 311	  357	 2456.454863
 312	  318	 17610.609422
 312	  339	 7381.631361
 312	  340	 20457.779927
 312	  341	 22001.033330
 313	  349	 975.543475
 313	  350	 42272.148030
 314	  320	 32760.898560
 314	  342	 38378.446554
 315	  330	 43562.322121
 315	  338	 20651.107172
 316	  352	 7883.624117
 316	  357	 17558.673754
 317	  318	 44198.048996
 317	  327	 32684.622513
 317	  335	 16590.593142
 318	  335	 12010.116560
 318	  339	 31803.406867
 318	  346	 930.971318
 319	  354	 8957.707194
 319	  364	 19753.069822
 319	  374	 6611.516730
 320	  342	 20772.373456
 320	  355	 25851.565809
 321	  330	 1424.934878
 321	  356	 8623.040583
 321	  360	 36914.516942
 322	  343	 12042.923094
 322	  344	 14675.174366
 322	  370	 9328.755108
 323	  329	 9701.350135
 323	  336	 3647.603244
 323	  347	 30869.784751
 323	  348	 7949.983079
 323	  353	 13642.859081
 324	  337	 55497.472551
 324	  351	 23831.421981
 325	  331	 23182.169961
 325	  343	 8825.453277
 325	  366	 17496.608847
 326	  332	 33849.086150
 326	  333	 20512.698396
 326	  384	 3098.795204
 326	  385	 5856.093607
 327	  335	 57056.099534
 327	  345	 38843.767002
 328	  329	 31269.918757
 328	  341	 21071.433041
 328	  372	 12744.903359
 328	  386	 12584.917838
 329	  347	 16398.058350
 329	  373	 20288.872712
 329	  386	 2806.450450
 330	  338	 6590.138572
 330	  360	 2328.546415
 330	  361	 54591.607798
 331	  338	 32159.407298
 331	  366	 12815.177833
 331	  383	 7886.478362
 332	  344	 60331.765128
 332	  384	 3985.223022
 333	  334	 66006.478565
 333	  385	 11740.696885
 334	  357	 16392.394307
 334	  377	 4432.037239
 334	  385	 2987.700202
 335	  345	 1411.052350
 335	  346	 83609.415726
 335	  362	 1359.616703
 336	  348	 49916.443516
 336	  358	 8049.274412
 337	  351	 15452.279580
 337	  356	 82370.692700
 338	  361	 3800.174717
 338	  383	 13529.059981
 338	  392	 8397.132721
 339	  340	 36850.831882
 339	  346	 12826.429877
 339	  363	 39029.183218
 340	  341	 103000.424962
 340	  363	 3453.301346
 340	  371	 13300.953755
 341	  371	 11129.182420
 341	  372	 18640.034726
 342	  355	 4885.899038
 342	  359	 64193.304745
 342	  369	 335.365218
 342	  390	 1649.972224
 342	  391	 8857.573184
 343	  366	 4885.539755
 343	  367	 49516.733632
 343	  370	 8115.752379
 344	  370	 14511.083697
 344	  384	 10035.435695
 344	  393	 5903.246964
 345	  352	 53984.099935
 345	  362	 35381.057145
 346	  362	 31870.082396
 346	  363	 25247.085458
 347	  353	 29787.568279
 347	  373	 26032.325878
 347	  387	 5794.843511
 348	  353	 22860.367067
 348	  358	 60274.043657
 349	  350	 37527.634716
 349	  389	 18182.981337
 350	  368	 60034.090666
 350	  389	 5783.349618
 351	  356	 925.046174
 351	  365	 10094.700319
 351	  376	 60405.172404
 351	  398	 2679.618913
 352	  357	 15158.191310
 352	  362	 6420.531805
 352	  377	 129.281819
 352	  399	 2802.993581
 352	  407	 12372.651314
 353	  358	 17812.221493
 353	  378	 3967.010047
 353	  387	 13997.127483
 354	  355	 65517.230425
 354	  374	 24010.594498
 354	  390	 2984.781864
 354	  403	 4546.687500
 354	  404	 2377.416028
 355	  390	 30282.053785
 356	  360	 4768.353044
 356	  382	 21860.290360
 356	  398	 20573.134259
 357	  377	 52887.532613
 358	  378	 42198.705621
 358	  388	 1591.103114
 359	  369	 87400.290216
 359	  375	 15516.436185
 360	  361	 15206.049781
 360	  382	 36333.265359
 360	  405	 1646.001689
 360	  410	 10742.982838
 361	  392	 12115.495197
 361	  405	 16344.500757
 361	  411	 6742.736324
 362	  363	 967.129691
 362	  379	 20017.162093
 362	  407	 5456.468207
 362	  408	 9193.752245
 363	  371	 8951.976927
 363	  379	 43241.460590
 364	  368	 35485.066353
 364	  374	 29049.710588
 364	  402	 14075.881051
 364	  423	 813.122708
 365	  375	 31279.537350
 365	  376	 3825.352355
 365	  380	 7244.151548
 365	  381	 43676.230746
 366	  367	 18192.043179
 366	  383	 8681.097386
 366	  395	 2872.244650
 366	  412	 18537.970743
 366	  421	 2396.810104
 367	  370	 9725.387014
 367	  395	 29032.336173
 368	  389	 778.345475
 368	  396	 3526.072548
 368	  397	 30103.462181
 368	  423	 3869.980220
 369	  375	 14828.571017
 369	  380	 9067.247291
 369	  391	 39623.412057
 369	  415	 258.896570
 370	  393	 14386.558478
 370	  395	 2549.280748
 370	  406	 20694.271698
 371	  372	 175466.747953
 371	  379	 2920.275198
 371	  409	 10839.655928
 371	  430	 7667.059438
 372	  386	 1979.950657
 372	  400	 13480.044946
 372	  409	 14025.657393
 373	  386	 40545.124974
 373	  387	 4679.139338
 373	  401	 26120.966941
 374	  402	 16593.523854
 374	  403	 16575.235797
 375	  380	 87944.005947
 376	  381	 39509.544691
 376	  398	 9772.981604
 376	  416	 19590.798073
 377	  385	 5613.233074
 377	  399	 33219.808645
 377	  413	 10095.153935
 378	  387	 9242.860311
 378	  388	 34514.731658
 378	  394	 26004.436566
 379	  408	 35291.292460
 379	  430	 11747.743221
 380	  381	 5623.903075
 380	  415	 19349.831478
 380	  428	 10714.065171
 381	  416	 2258.990937
 381	  419	 16062.482339
 381	  428	 8074.889280
 382	  398	 7319.025913
 382	  410	 11750.463440
 382	  420	 14645.537621
 382	  438	 8699.333817
 383	  392	 50905.269416
 383	  421	 10725.250792
 383	  429	 13153.463154
 384	  385	 18439.243500
 384	  393	 55370.453636
 384	  440	 7447.363753
 385	  413	 30312.147926
 385	  440	 1704.218680
 385	  461	 420.662667
 385	  462	 1277.496622
 386	  400	 45341.300122
 386	  401	 14735.354962
 386	  427	 755.257766
 386	  437	 9006.982719
 387	  394	 38138.801384
 387	  401	 32134.516119
 387	  427	 3476.883210
 387	  431	 1550.191864
 388	  394	 30337.482867
 388	  431	 9339.823099
 389	  396	 37713.055771
 389	  414	 16571.945559
 390	  391	 13334.433468
 390	  404	 51160.108156
 390	  424	 9940.253845
 391	  415	 18108.861699
 391	  424	 18815.546378
 392	  411	 25813.985391
 392	  429	 11390.649581
 393	  406	 11566.426890
 393	  433	 5805.499285
 393	  440	 5621.569943
 394	  431	 20531.544742
 395	  406	 19067.296583
 395	  412	 27088.772705
 395	  439	 7760.180953
 396	  397	 60995.276270
 396	  414	 10732.943536
 396	  418	 10924.886459
 397	  418	 27797.712019
 397	  423	 5160.279923
 398	  416	 4102.886769
 398	  420	 42275.420649
 398	  426	 17505.665378
 399	  407	 26617.924908
 399	  413	 11763.393225
 399	  444	 7763.636487
 399	  445	 7711.057181
 400	  409	 38299.745943
 400	  422	 19607.987946
 400	  437	 8112.852979
 401	  427	 60810.308634
 402	  403	 19745.488665
 402	  423	 23500.972794
 402	  446	 11372.859309
 403	  404	 23349.100742
 403	  434	 8528.576938
 403	  442	 5082.230359
 403	  446	 943.136386
 404	  424	 4672.907503
 404	  434	 18821.808423
 405	  410	 20683.750410
 405	  411	 34516.950048
 405	  417	 25496.977397
 406	  433	 19042.633805
 406	  439	 9830.531606
 407	  408	 22062.483066
 407	  441	 18788.527404
 407	  445	 6187.871607
 408	  430	 1264.908563
 408	  436	 29186.608629
 408	  441	 8569.869233
 409	  422	 34272.963269
 409	  430	 11289.891046
 410	  417	 51737.181977
 410	  432	 12438.928710
 410	  438	 3220.537147
 411	  417	 1166.928157
 411	  429	 12557.958279
 411	  452	 14038.961730
 412	  421	 54878.178905
 412	  435	 6354.429786
 412	  439	 220.901471
 412	  460	 5208.247010
 413	  444	 5092.460226
 413	  453	 13442.513907
 413	  462	 6942.574863
 414	  418	 10178.346220
 414	  475	 6241.785270
 415	  424	 10702.892813
 415	  428	 22735.547735
 415	  447	 11817.967428
 416	  419	 45393.405409
 416	  425	 30898.055733
 416	  426	 10390.061396
 417	  432	 25509.284938
 417	  452	 2273.922198
 418	  423	 28055.863440
 418	  457	 9673.466834
 418	  475	 4067.623980
 419	  425	 7437.641976
 419	  428	 6392.508180
 419	  443	 8702.540159
 419	  448	 11842.632318
 420	  426	 9327.933149
 420	  438	 8770.247709
 420	  449	 22093.941149
 420	  458	 5340.791041
 421	  429	 9163.915065
 421	  435	 50672.910439
 422	  430	 11736.910615
 422	  437	 25623.799744
 422	  454	 5118.484881
 422	  467	 2883.417143
 422	  479	 3269.246903
 423	  446	 10313.573672
 423	  457	 15907.334355
 424	  434	 2248.721710
 424	  447	 22874.635434
 424	  464	 8895.798193
 425	  426	 96395.721964
 425	  443	 14183.093021
 426	  443	 8842.334812
 426	  458	 6722.664344
 427	  431	 12857.944794
 427	  437	 17979.006713
 427	  455	 38873.048651
 428	  447	 6.571378
 428	  448	 19336.799326
 428	  473	 13982.191215
 429	  435	 9828.409073
 429	  452	 3154.386227
 429	  468	 3393.627815
 429	  469	 23883.029590
 430	  436	 18731.635841
 430	  454	 39337.118579
 431	  455	 1244.380380
 431	  456	 44522.494954
 432	  438	 18140.510404
 432	  452	 8563.613098
 432	  459	 5487.808779
 432	  465	 15206.929863
 433	  439	 20253.075216
 433	  440	 18956.014093
 433	  466	 9889.421849
 434	  442	 65657.970952
 434	  464	 10427.127032
 434	  472	 640.496132
 434	  476	 1451.681002
 435	  460	 28236.439636
 435	  469	 5204.206735
 435	  477	 658.246073
 435	  485	 7750.042122
 436	  441	 2322.244908
 436	  450	 35367.913601
 436	  454	 4653.555811
 436	  470	 16288.534506
 437	  455	 7358.710420
 437	  467	 43525.995542
 438	  449	 22183.064292
 438	  459	 37888.154519
 439	  460	 9411.271272
 439	  466	 15228.316210
 439	  480	 7611.329083
 440	  461	 26596.671054
 440	  466	 5494.392395
 440	  486	 3854.447720
 441	  445	 10141.359874
 441	  450	 48754.510421
 441	  474	 18400.169538
 442	  446	 5919.405699
 442	  463	 18333.232364
 442	  472	 15935.516954
 443	  448	 5950.452277
 443	  451	 25261.880687
 443	  458	 10126.025429
 443	  493	 6867.071886
 444	  445	 109576.626829
 444	  453	 30156.631495
 444	  478	 4465.063047
 444	  514	 784.931582
 445	  474	 8864.970511
 445	  478	 11480.746464
 446	  457	 18671.658185
 446	  463	 29176.050145
 446	  494	 4554.360765
 447	  464	 15743.026103
 447	  473	 19456.366410
 447	  488	 9095.491705
 448	  451	 52029.723817
 448	  473	 381.424713
 448	  492	 6365.490811
 449	  458	 37769.727556
 449	  459	 3284.534930
 449	  483	 1048.248854
 449	  484	 10427.144690
 450	  470	 20848.606382
 450	  474	 7864.478602
 450	  495	 5151.183300
 451	  492	 4836.520611
 451	  493	 3946.990529
 451	  497	 8937.279810
 452	  465	 15594.227533
 452	  468	 43079.747980
 452	  489	 3075.812073
 453	  462	 19936.516978
 453	  487	 11602.549318
 453	  514	 3531.689230
 454	  470	 22335.730251
 454	  479	 40877.301939
 455	  456	 9093.347233
 455	  467	 15846.463450
 455	  481	 3963.051890
 455	  482	 43789.177903
 456	  471	 67939.322325
 456	  482	 7909.511744
 457	  475	 7412.145021
 457	  494	 4171.884458
 457	  496	 3993.709363
 457	  500	 13550.636257
 458	  483	 19470.580121
 458	  493	 7764.574499
 459	  465	 24531.034184
 459	  484	 13788.550647
 459	  505	 4728.915132
 460	  480	 21944.923264
 460	  485	 19768.198279
 461	  462	 29377.506087
 461	  486	 8453.991618
 461	  487	 2421.950044
 461	  502	 4441.092866
 462	  487	 19192.559219
 463	  472	 21269.696028
 463	  494	 14880.932815
 464	  476	 49556.210572
 464	  488	 9390.471440
 465	  489	 21693.705806
 465	  505	 1098.859317
 466	  480	 1748.532840
 466	  486	 11073.190248
 466	  490	 14845.015368
 467	  479	 33.418121
 467	  481	 66336.515373
 467	  491	 9729.313939
 468	  469	 22348.787281
 468	  477	 5651.329146
 468	  489	 14382.938525
 468	  506	 569.037159
 468	  529	 4450.516330
 469	  477	 99826.333317
 470	  479	 5129.727747
 470	  495	 4204.780129
 470	  499	 27215.991545
 471	  482	 16251.068901
 471	  510	 19004.763526
 472	  476	 32125.873974
 472	  494	 7308.199067
 472	  520	 6609.116251
 473	  488	 25338.011856
 473	  492	 19835.047148
 473	  515	 3209.840854
 474	  478	 117098.103785
 474	  495	 14826.430780
 475	  496	 28325.649104
 476	  488	 908.058824
 476	  511	 20282.065345
 476	  520	 1467.139083
 477	  485	 18781.118101
 477	  506	 25376.804928
 478	  495	 13852.409962
 478	  514	 9307.706154
 478	  531	 3369.492538
 479	  491	 41667.905457
 479	  499	 9848.409423
 479	  535	 1357.502374
 479	  536	 3890.710495
 480	  485	 14.575472
 480	  490	 12444.511890
 480	  498	 18450.008431
 480	  507	 3411.233474
 481	  482	 3705.710745
 481	  491	 13804.702275
 481	  508	 13096.167522
 481	  509	 11942.320114
 481	  519	 7982.575353
 482	  509	 33588.452307
 482	  510	 5060.006425
 482	  523	 10251.234580
 483	  484	 24879.105063
 483	  493	 13058.820117
 483	  501	 13765.441695
 484	  501	 9268.405030
 484	  504	 12290.510733
 484	  505	 2028.125085
 485	  506	 4889.605779
 485	  507	 9383.905979
 485	  512	 18104.096828
 486	  490	 7558.118408
 486	  502	 15636.688752
 486	  538	 2821.864861
 486	  542	 1149.026793
 487	  502	 6181.089386
 487	  513	 12621.827946
 487	  514	 816.105914
 487	  518	 8658.819012
 488	  511	 7694.099614
 488	  515	 15482.925493
 488	  532	 8296.432219
 489	  505	 8795.442338
 489	  528	 7628.841275
 489	  529	 7855.112046
 489	  537	 3589.115300
 490	  498	 8780.408942
 490	  534	 5325.467739
 490	  538	 1620.947019
 491	  508	 25893.064027
 491	  536	 8533.506900
 492	  497	 29085.440799
 492	  515	 14746.022792
 492	  533	 5394.193070
 493	  497	 5313.848493
 493	  501	 4103.112225
 493	  503	 29561.914541
 493	  527	 1818.198730
 494	  500	 10462.940079
 494	  520	 8571.195014
 494	  525	 26454.719490
 495	  499	 12006.616448
 495	  522	 33058.219826
 495	  531	 5699.213986
 496	  500	 24737.097312
 496	  524	 26574.203077
 497	  503	 18470.115573
 497	  533	 16385.744140
 498	  507	 20675.288195
 498	  534	 9438.694032
 499	  522	 11085.228802
 499	  535	 28678.464198
 500	  524	 10571.047155
 500	  525	 2791.764528
 500	  544	 14617.971483
 501	  504	 17143.649251
 501	  516	 2157.420065
 501	  527	 264.108007
 501	  540	 12035.881013
 502	  518	 2728.857626
 502	  521	 26509.937784
 502	  542	 4177.390030
 502	  543	 1376.145716
 503	  527	 31602.820657
 503	  533	 2472.815726
 504	  505	 13866.382583
 504	  516	 27002.963685
 505	  516	 16089.073568
 505	  528	 21230.703763
 506	  512	 3607.461693
 506	  517	 66295.609650
 506	  529	 11975.459805
 507	  512	 8760.836249
 507	  530	 18314.139859
 507	  534	 487.244227
 508	  519	 18655.157939
 508	  536	 8848.670609
 508	  539	 22068.447015
 509	  519	 37225.238888
 509	  523	 8096.560004
 509	  548	 22736.684098
 510	  523	 69787.666397
 511	  520	 6422.816044
 511	  526	 46122.590967
 511	  532	 15145.102540
 512	  517	 10868.467657
 512	  530	 11490.493114
 512	  541	 9838.841086
 513	  514	 26051.537177
 513	  518	 24431.184764
 513	  556	 6691.961280
 514	  531	 29110.258885
 514	  556	 6065.839334
 515	  532	 14086.903646
 515	  533	 719.578786
 515	  545	 27021.143712
 516	  528	 1440.032928
 516	  540	 6270.227216
 516	  546	 9826.688760
 516	  574	 641.369239
 517	  529	 67.547513
 517	  541	 9167.895722
 517	  551	 12835.045577
 517	  569	 16.049131
 518	  521	 17619.660280
 518	  556	 2431.918516
 518	  561	 7740.585908
 519	  539	 21355.399142
 519	  548	 14153.745920
 520	  525	 13990.755071
 520	  526	 23710.252797
 520	  549	 7556.115421
 520	  566	 7256.571678
 521	  543	 28107.573428
 521	  561	 2289.021666
 522	  531	 5711.946635
 522	  535	 1120.723064
 522	  547	 24923.877525
 522	  562	 8139.817406
 523	  548	 2477.593105
 523	  557	 15219.828390
 523	  558	 25391.332633
 524	  544	 7882.517450
 524	  563	 23015.059786
 525	  544	 12130.458249
 525	  549	 33548.992496
 526	  532	 4614.875573
 526	  559	 7599.588729
 526	  566	 8485.756070
 526	  581	 2456.189680
 527	  533	 5715.875925
 527	  540	 5428.370832
 527	  553	 7826.261793
 527	  554	 5629.212016
 527	  560	 4194.103069
 528	  537	 9427.120968
 528	  546	 22475.450223
 528	  550	 2479.157415
 528	  555	 3234.460363
 529	  537	 44279.491298
 529	  550	 673.362438
 529	  551	 15490.430422
 530	  534	 1273.459719
 530	  541	 10862.948861
 530	  570	 1719.159501
 530	  575	 5985.837009
 531	  547	 2264.940051
 531	  552	 22870.919978
 531	  556	 3968.407273
 532	  545	 2720.253922
 532	  559	 20456.471414
 532	  567	 6441.238245
 533	  545	 6278.294027
 533	  553	 12601.003767
 533	  568	 10234.006013
 534	  538	 23093.743136
 534	  564	 2840.007047
 534	  570	 8635.722158
 535	  536	 22747.370204
 535	  562	 7176.134053
 535	  565	 22363.757867
 536	  539	 10912.484457
 536	  565	 4508.604911
 536	  571	 13338.483621
 536	  591	 3170.003939
 537	  550	 45049.755177
 538	  542	 27136.250413
 538	  564	 7888.926826
 539	  548	 7703.610509
 539	  571	 25769.644955
 539	  586	 2359.909218
 540	  554	 21912.637447
 540	  574	 2268.226767
 540	  595	 5263.862965
 541	  569	 9368.792221
 541	  575	 4652.545367
 541	  587	 3792.088835
 542	  543	 18099.311770
 542	  564	 11719.898428
 542	  603	 1986.599075
 543	  561	 19458.107306
 543	  604	 4127.994662
 544	  549	 4312.820060
 544	  563	 13691.929301
 544	  572	 2261.437309
 544	  580	 18312.083925
 545	  567	 11463.035953
 545	  568	 12028.732554
 545	  592	 8108.573846
 546	  555	 42862.264053
 546	  574	 7203.675768
 547	  552	 15062.877813
 547	  562	 15113.412258
 547	  577	 1874.959080
 547	  584	 5262.490378
 548	  557	 21815.982814
 548	  586	 38855.313475
 549	  566	 11875.111537
 549	  572	 30308.822803
 550	  551	 8278.967524
 550	  555	 9572.612850
 550	  601	 6975.655214
 550	  612	 5767.847217
 551	  569	 26491.762238
 551	  612	 1951.238151
 552	  556	 6524.295303
 552	  584	 16133.834196
 552	  605	 98.842694
 553	  560	 22837.684829
 553	  568	 4823.247368
 553	  582	 1459.321762
 553	  593	 6647.635938
 553	  594	 1141.808970
 554	  560	 7848.284067
 554	  573	 12010.650618
 554	  595	 469.230274
 554	  600	 2974.021072
 555	  574	 14605.025564
 555	  601	 6641.151161
 556	  561	 5077.574711
 556	  583	 27397.567097
 556	  605	 1187.780706
 557	  558	 109037.917753
 557	  586	 10760.155754
 557	  596	 14965.217602
 558	  596	 23332.705106
 559	  567	 28990.059765
 559	  581	 17932.908453
 559	  597	 5119.846563
 560	  573	 6063.392491
 560	  582	 9452.698456
 561	  583	 5460.313184
 561	  604	 7685.611852
 561	  614	 9125.697242
 562	  565	 441.001314
 562	  577	 23380.315806
 562	  578	 11615.147918
 563	  579	 62995.107390
 563	  580	 546.037480
 564	  570	 3071.724815
 564	  576	 8375.268604
 564	  589	 7542.940496
 564	  602	 10147.321586
 564	  603	 3663.907279
 565	  578	 14865.321066
 565	  590	 8704.942317
 565	  591	 25148.560521
 566	  572	 4677.101575
 566	  581	 31781.391752
 566	  597	 2196.530764
 566	  624	 3176.499743
 566	  628	 5183.201449
 567	  592	 19368.105833
 567	  597	 1020.708683
 567	  618	 10105.990684
 568	  592	 11256.443286
 568	  593	 4792.799042
 568	  607	 13454.957749
 569	  587	 3901.577968
 569	  608	 20155.360679
 569	  612	 136.127530
 570	  575	 1975.787308
 570	  576	 40501.151924
 570	  588	 11607.683215
 571	  586	 1700.449646
 571	  591	 16946.526715
 571	  610	 33014.855088
 571	  616	 3922.877963
 572	  580	 41332.936679
 572	  624	 12869.482412
 573	  582	 12808.495458
 573	  599	 7816.794814
 573	  600	 7133.092123
 574	  595	 18564.514961
 574	  601	 6797.570742
 574	  632	 2642.895416
 574	  640	 1714.412240
 575	  587	 37035.221628
 575	  588	 13310.509752
 576	  588	 3441.670440
 576	  589	 35387.239122
 577	  578	 2556.830380
 577	  584	 4395.268762
 577	  585	 15343.703146
 577	  621	 3535.395766
 577	  641	 2190.544728
 578	  585	 25297.828129
 578	  590	 13644.540036
 579	  580	 1593.095339
 579	  606	 12441.973785
 579	  623	 9815.081626
 579	  627	 5871.749204
 580	  606	 28597.058594
 580	  624	 2102.002083
 581	  597	 53457.390202
 582	  594	 16432.495031
 582	  598	 1319.972515
 582	  599	 13390.970173
 583	  605	 14215.377329
 583	  614	 720.444623
 583	  615	 15305.739542
 584	  605	 5647.271278
 584	  609	 11284.058853
 584	  621	 6437.343458
 585	  590	 15137.526730
 585	  641	 2210.258935
 586	  596	 6987.953386
 586	  611	 52840.650617
 586	  616	 13258.929626
 587	  588	 1578.036787
 587	  608	 3098.724870
 587	  626	 12078.969454
 588	  589	 7197.061198
 588	  617	 7138.163741
 588	  626	 2346.479812
 588	  660	 863.667285
 589	  602	 6789.651624
 589	  613	 1407.176003
 589	  617	 10490.522442
 590	  591	 8531.503511
 590	  622	 1091.677089
 590	  641	 4259.417481
 590	  642	 5259.063681
 590	  662	 691.459038
 591	  610	 1890.002205
 591	  622	 26064.838851
 592	  607	 1058.155540
 592	  618	 8194.339009
 592	  625	 20918.465782
 592	  644	 2138.917656
 593	  594	 21100.184337
 593	  598	 14722.933941
 593	  607	 13533.338488
 594	  598	 24670.409028
 595	  600	 9623.230192
 595	  620	 7965.086023
 595	  632	 6367.294011
 596	  611	 13131.704878
 596	  636	 19742.315335
 596	  654	 11254.947130
 597	  618	 17965.629067
 597	  628	 4396.263752
 597	  637	 11544.258237
 597	  655	 1071.679815
 598	  599	 10501.902898
 598	  607	 3612.277954
 598	  619	 4945.534264
 598	  630	 10421.533644
 599	  600	 10511.456628
 599	  619	 16743.446244
 600	  619	 4143.653765
 600	  620	 7797.531086
 600	  631	 2946.790685
 601	  612	 34346.119786
 601	  633	 474.790599
 601	  640	 13719.055537
 602	  603	 19233.146993
 602	  613	 41036.728882
 603	  604	 43372.836701
 603	  613	 4584.497355
 603	  634	 4522.080133
 604	  614	 4619.473080
 604	  634	 13644.920273
 605	  609	 29787.495868
 605	  615	 2097.233961
 605	  648	 7932.808692
 606	  623	 11516.025651
 606	  624	 4149.806033
 606	  651	 15936.384456
 607	  625	 6161.765840
 607	  629	 16293.409992
 607	  630	 856.915742
 607	  638	 9584.990466
 608	  612	 4801.227569
 608	  626	 6119.190610
 608	  633	 538.240742
 608	  645	 19554.637763
 609	  621	 14696.636967
 609	  648	 4762.283269
 609	  661	 286.728705
 610	  616	 32548.854009
 610	  622	 797.799992
 610	  635	 21300.656886
 610	  649	 13484.378747
 611	  616	 23364.084588
 611	  650	 29613.002125
 611	  654	 7121.843605
 612	  633	 43988.835836
 613	  617	 16714.271779
 613	  634	 2073.488310
 613	  670	 5647.419504
 614	  615	 44917.619809
 614	  634	 1918.317397
 614	  646	 12757.546611
 614	  647	 2003.971791
 615	  647	 14591.675691
 615	  648	 1671.602254
 616	  649	 16597.831548
 616	  650	 17010.546669
 617	  660	 14013.809047
 617	  670	 2086.006032
 618	  644	 18287.545086
 618	  655	 1449.520194
 618	  656	 22413.204357
 619	  630	 5156.890260
 619	  631	 8361.822562
 619	  639	 37697.259745
 619	  658	 4.050430
 620	  631	 34684.861987
 620	  632	 12506.376982
 620	  667	 346.932403
 621	  641	 9058.544580
 621	  661	 15710.099811
 622	  635	 19909.864228
 622	  642	 20783.119459
 622	  653	 8565.705215
 623	  627	 56142.129612
 623	  651	 13575.888985
 623	  674	 3014.424600
 624	  628	 15627.954040
 624	  643	 40708.981750
 624	  651	 251.244128
 625	  638	 31934.341279
 625	  644	 25727.914468
 625	  676	 4691.552812
 626	  645	 2351.495892
 626	  652	 30465.485767
 626	  660	 283.221256
 626	  669	 1697.045184
 627	  663	 17011.575468
 627	  668	 1739.725299
 627	  674	 4205.560802
 628	  637	 82565.926709
 628	  643	 2403.188210
 628	  666	 6593.202437
 629	  630	 31271.711086
 629	  638	 18886.120402
 629	  657	 17397.118086
 630	  639	 19614.965311
 630	  657	 16054.558274
 631	  658	 22764.260339
 631	  667	 6068.042353
 632	  640	 19591.578072
 632	  667	 9999.657090
 632	  684	 3715.275751
 633	  640	 9148.656017
 633	  645	 2171.541725
 633	  659	 37684.341657
 633	  678	 712.066428
 633	  691	 2390.101217
 634	  646	 29235.401341
 634	  670	 8234.851279
 634	  671	 95.340894
 634	  699	 10.021326
 635	  649	 15766.214894
 635	  653	 20646.965953
 635	  672	 5466.117728
 636	  654	 49946.784304
 637	  655	 51300.927672
 637	  666	 243.370844
 638	  657	 12834.328805
 638	  676	 11839.408849
 638	  696	 648.007871
 639	  657	 6990.869801
 639	  658	 18919.673636
 639	  688	 6830.826097
 640	  678	 16477.605649
 640	  684	 3514.348613
 641	  661	 12009.488764
 641	  662	 30072.112756
 642	  653	 16866.793843
 642	  662	 3371.335980
 642	  665	 16675.418752
 642	  685	 1284.658352
 643	  651	 8270.235245
 643	  666	 31094.226339
 643	  681	 5478.476111
 644	  656	 22195.783490
 644	  676	 18608.349838
 645	  659	 14613.963964
 645	  669	 25449.106694
 646	  647	 2747.188977
 646	  679	 6472.203170
 646	  699	 9853.734287
 647	  648	 44033.818329
 647	  679	 14272.635185
 647	  692	 517.246297
 648	  661	 2645.160791
 648	  692	 11931.845910
 648	  693	 326.249416
 649	  650	 9198.637063
 649	  672	 27312.189014
 649	  673	 8725.765882
 650	  654	 6294.481240
 650	  673	 28231.311987
 650	  680	 18792.167511
 651	  674	 5200.006801
 651	  681	 10710.924943
 651	  687	 13014.588701
 652	  660	 901.825287
 652	  664	 34242.114028
 652	  669	 6142.888557
 652	  703	 2050.333002
 653	  672	 1887.649716
 653	  685	 5685.988001
 653	  686	 15118.904276
 654	  680	 17859.491170
 654	  707	 13342.242608
 654	  708	 8081.084373
 655	  656	 8269.740635
 655	  666	 7357.428707
 655	  675	 10895.741088
 655	  701	 12658.208291
 656	  675	 35227.002164
 656	  676	 2919.154434
 657	  688	 11870.607428
 657	  696	 18648.187190
 658	  667	 15579.104538
 658	  683	 9704.733363
 658	  688	 7752.786943
 658	  710	 1557.208702
 659	  669	 1701.148517
 659	  691	 7914.186578
 659	  697	 10365.344802
 659	  702	 4383.271985
 660	  664	 18077.922025
 660	  670	 5190.346492
 660	  671	 2318.806909
 660	  698	 18.830612
 660	  703	 2752.540932
 660	  717	 1743.429627
 661	  662	 2829.222324
 661	  693	 21347.934011
 661	  715	 1988.976565
 662	  665	 42542.282301
 662	  704	 6167.721478
 662	  715	 1537.142004
 663	  668	 26734.786462
 664	  703	 11319.585462
 665	  685	 13352.859079
 665	  704	 7715.589750
 666	  681	 864.668411
 666	  682	 33997.787230
 666	  701	 651.771661
 666	  713	 2391.034965
 667	  677	 31716.250370
 667	  683	 2304.225827
 667	  684	 4357.020873
 668	  674	 32714.341714
 668	  716	 3838.232561
 669	  702	 12864.713513
 669	  703	 1592.387743
 669	  721	 428.975497
 669	  727	 8178.961128
 670	  671	 69387.515404
 671	  698	 38314.619831
 671	  699	 2088.638656
 672	  673	 10889.516313
 672	  686	 23110.392147
 672	  700	 1010.827544
 672	  712	 18583.415787
 672	  736	 2055.976566
 673	  680	 9969.941536
 673	  694	 26017.374224
 673	  700	 23281.667890
 674	  687	 23455.651707
 674	  716	 16592.915523
 675	  676	 1055.892091
 675	  695	 1868.888018
 675	  701	 21617.710199
 675	  720	 10314.764769
 675	  725	 3749.393258
 676	  695	 80402.012551
 676	  696	 5949.474804
 677	  683	 50313.564912
 677	  684	 12807.627947
 678	  684	 7100.620603
 678	  689	 32067.549597
 678	  690	 27663.407099
 678	  691	 1284.570560
 679	  692	 9825.895314
 679	  699	 10744.994025
 679	  711	 15174.720565
 680	  694	 36785.064087
 680	  707	 14970.766747
 680	  718	 15684.830774
 681	  682	 31047.208575
 681	  687	 13810.078900
 681	  719	 14439.665630
 682	  713	 21671.082625
 682	  719	 1244.228853
 682	  732	 535.726754
 683	  684	 4319.818942
 683	  710	 22997.609273
 683	  733	 7999.114500
 684	  689	 32637.088939
 684	  752	 5283.180526
 685	  686	 28344.068023
 685	  704	 13772.597236
 685	  723	 8845.963232
 686	  723	 3485.618166
 686	  736	 12737.518349
 687	  716	 9216.436008
 687	  719	 10546.625750
 687	  728	 3260.293536
 688	  696	 19659.492469
 688	  705	 52359.030598
 688	  710	 5217.318956
 689	  690	 14336.871193
 689	  746	 4951.689129
 689	  752	 5525.901793
 690	  691	 78690.208450
 690	  746	 6992.131140
 691	  697	 33281.296496
 691	  746	 3372.406030
 691	  747	 1449.260015
 692	  693	 9179.353898
 692	  711	 5209.516754
 692	  714	 14638.595863
 692	  749	 4273.773239
 693	  714	 21109.572391
 693	  715	 13869.689232
 694	  700	 56246.677829
 694	  718	 11741.872358
 694	  724	 4441.987057
 695	  696	 5691.495872
 695	  725	 14118.810121
 695	  726	 15035.257738
 695	  743	 5373.619106
 696	  705	 10901.702949
 696	  726	 19192.346715
 696	  744	 3366.774596
 697	  702	 42166.802100
 697	  721	 1397.214293
 697	  747	 7166.864212
 698	  699	 2609.912249
 698	  717	 13315.688281
 698	  730	 5471.462443
 698	  734	 3113.212928
 699	  711	 14644.395880
 699	  730	 6162.799638
 699	  740	 4200.237109
 700	  706	 90931.031613
 700	  712	 5336.028022
 700	  724	 294.132681
 701	  709	 76688.530513
 701	  713	 6369.105181
 701	  720	 1104.760999
 702	  721	 33880.389498
 703	  717	 1963.963465
 703	  722	 16144.906108
 703	  727	 3511.326544
 703	  739	 3187.537541
 704	  715	 12000.732054
 704	  723	 16736.157515
 704	  731	 8509.464936
 705	  710	 36643.614878
 705	  744	 8487.639933
 705	  761	 2583.225024
 705	  773	 1361.565500
 706	  712	 85527.757216
 706	  724	 24930.123117
 707	  708	 69760.931402
 707	  718	 17094.317643
 707	  751	 6400.223775
 707	  753	 10283.253295
 708	  753	 10226.714184
 709	  713	 6471.983713
 709	  720	 14203.734695
 709	  738	 14005.322377
 710	  733	 32907.062197
 710	  773	 485.924365
 711	  740	 9370.460407
 711	  749	 8426.004509
 711	  764	 2457.582793
 712	  724	 7053.095465
 712	  736	 1893.706533
 712	  742	 6773.848620
 712	  750	 21443.917265
 713	  732	 18058.406846
 713	  738	 5072.285709
 713	  756	 4389.747532
 713	  759	 1017.615767
 714	  715	 1908.054830
 714	  735	 28234.830548
 714	  749	 5558.587552
 715	  731	 25371.702792
 715	  735	 9190.348725
 715	  765	 1641.390662
 716	  728	 35530.353065
 716	  737	 14788.919289
 717	  722	 8186.983059
 717	  734	 3611.204782
 717	  757	 3960.167805
 717	  763	 2248.930383
 717	  798	 393.544304
 718	  724	 70366.401059
 718	  742	 974.341000
 718	  751	 29355.793053
 719	  728	 7596.806036
 719	  732	 16887.774673
 719	  754	 9972.335804
 719	  755	 5492.006482
 720	  725	 35958.133365
 720	  738	 8033.218644
 720	  766	 7247.297612
 721	  727	 4140.061463
 721	  729	 16714.843556
 721	  747	 11312.632104
 721	  762	 13006.275529
 722	  739	 7654.542243
 722	  763	 6794.880910
 723	  731	 160.039484
 723	  736	 17775.745487
 723	  741	 25358.997907
 723	  772	 3913.444166
 724	  742	 52293.757501
 725	  743	 9173.150356
 725	  760	 13077.352598
 725	  766	 4519.605634
 726	  743	 22857.635508
 726	  744	 35761.727477
 727	  729	 52661.631488
 727	  739	 2702.944856
 727	  748	 10306.055846
 728	  737	 6888.807415
 728	  754	 8308.070640
 728	  758	 6729.807298
 728	  795	 3530.656824
 729	  748	 9010.141247
 729	  762	 6523.106452
 729	  767	 665.303631
 729	  781	 999.753401
 729	  782	 4300.234828
 730	  734	 49582.107857
 730	  740	 13979.331443
 730	  757	 1361.457612
 731	  741	 34740.711393
 731	  765	 7566.949394
 731	  790	 4641.277342
 732	  755	 13285.460763
 732	  756	 21122.512527
 733	  745	 108298.150030
 733	  752	 5102.326789
 733	  773	 5846.908936
 734	  757	 19746.903807
 735	  749	 5521.812331
 735	  765	 30476.545465
 735	  776	 4824.957658
 736	  750	 29055.221111
 736	  772	 4832.110649
 736	  784	 14888.902683
 736	  799	 973.534355
 737	  758	 20421.776467
 738	  759	 23066.691279
 738	  766	 9715.377722
 738	  779	 111.249263
 739	  748	 18848.900215
 739	  763	 7903.709793
 739	  767	 4784.188401
 739	  797	 148.739024
 740	  757	 182.250453
 740	  764	 15012.777681
 740	  770	 752.922306
 740	  783	 6910.837668
 741	  772	 22862.592020
 741	  790	 4114.806802
 742	  750	 14622.815493
 742	  751	 21833.523430
 742	  777	 34136.491004
 743	  744	 7893.193120
 743	  760	 33995.772395
 743	  761	 557.460522
 743	  817	 4288.597532
 744	  761	 82895.318873
 745	  752	 13541.891283
 745	  769	 34165.238612
 745	  773	 3007.464246
 746	  747	 26516.462296
 746	  752	 10834.907980
 746	  775	 19146.525459
 746	  787	 1998.917616
 746	  796	 5814.979266
 747	  762	 19108.482640
 747	  787	 13505.431849
 748	  767	 25556.153213
 749	  764	 15007.826835
 749	  776	 22648.040613
 749	  789	 726.221416
 750	  777	 4750.082224
 750	  784	 3178.810708
 750	  785	 30142.790868
 751	  753	 31148.823638
 751	  777	 10446.901314
 751	  793	 18733.862830
 752	  769	 3130.052929
 752	  774	 25685.927392
 752	  775	 10888.434833
 753	  793	 13038.245714
 753	  794	 23461.453121
 754	  755	 49322.527538
 754	  778	 6412.802686
 754	  795	 6822.989676
 754	  807	 2066.315743
 755	  756	 3405.207219
 755	  778	 14735.605272
 756	  759	 11433.873978
 756	  778	 6437.683918
 756	  801	 9466.129879
 757	  770	 36055.597108
 757	  798	 1351.922368
 758	  786	 19595.798374
 758	  795	 4127.021294
 759	  779	 7716.998978
 759	  801	 404.894159
 759	  802	 9759.060500
 760	  766	 4221.695789
 760	  780	 42326.153896
 760	  817	 269.252347
 761	  768	 92328.519720
 761	  773	 1567.951670
 761	  817	 3872.909031
 761	  833	 2309.369572
 762	  781	 40497.816608
 762	  787	 10910.847235
 763	  797	 4924.302351
 763	  798	 8657.927821
 763	  811	 4214.149394
 764	  783	 10951.531749
 764	  789	 14499.466452
 765	  771	 94884.261203
 765	  776	 2201.812392
 765	  790	 3318.707919
 766	  779	 26468.254788
 766	  780	 6790.484396
 766	  803	 3357.547560
 767	  782	 27092.009907
 767	  797	 14748.848523
 768	  773	 77522.158276
 768	  833	 9596.225324
 769	  773	 2580.535828
 769	  774	 21362.820427
 769	  809	 21552.457493
 769	  813	 2611.508346
 770	  783	 1129.076674
 770	  788	 29678.632261
 770	  798	 2615.358718
 770	  819	 264.822207
 771	  776	 8710.368406
 771	  790	 17942.249226
 771	  829	 18634.107988
 772	  790	 2908.236056
 772	  791	 55880.002564
 772	  799	 11629.212580
 773	  809	 19451.577114
 773	  833	 1650.471185
 773	  859	 4566.200499
 774	  775	 7935.584985
 774	  804	 24640.667486
 774	  813	 5847.341892
 775	  796	 16992.907173
 775	  804	 18156.585928
 775	  814	 5964.967179
 776	  789	 2570.694218
 776	  806	 36183.233565
 776	  820	 3888.514773
 776	  829	 1625.768609
 777	  785	 1572.402097
 777	  793	 11720.932207
 777	  800	 74239.758183
 777	  823	 8385.432165
 778	  801	 3521.292059
 778	  807	 13109.629654
 778	  831	 8636.709068
 778	  846	 1439.106974
 779	  802	 757.672809
 779	  803	 22755.717853
 779	  812	 4829.170075
 780	  803	 1755.464792
 780	  808	 37784.757514
 780	  817	 5089.797711
 781	  782	 36876.660375
 781	  787	 2959.948959
 781	  825	 24784.959461
 781	  850	 2259.188516
 782	  797	 4670.849090
 782	  810	 981.254081
 782	  834	 4675.102527
 782	  842	 2704.150313
 782	  850	 7423.983691
 783	  789	 19591.340295
 783	  819	 5311.221435
 783	  828	 641.853783
 783	  836	 8630.066952
 784	  785	 18644.686308
 784	  792	 89023.067366
 784	  799	 16528.911239
 785	  792	 17257.177015
 785	  800	 21214.524869
 785	  837	 5027.778142
 785	  854	 11491.084548
 786	  795	 10048.208838
 786	  830	 12982.682924
 786	  873	 439.292174
 787	  796	 37233.084596
 787	  814	 5811.262925
 787	  825	 15822.825829
 787	  841	 2833.243682
 788	  798	 1802.427088
 788	  805	 36151.862363
 788	  818	 2354.620592
 788	  819	 125.006489
 789	  806	 18297.642830
 789	  820	 1194.267021
 789	  836	 6519.630190
 789	  866	 2829.276222
 790	  791	 9461.809300
 790	  816	 39400.982160
 790	  822	 1736.271318
 790	  829	 4105.258215
 791	  799	 10301.648096
 791	  822	 25726.819976
 791	  853	 6661.147184
 792	  799	 26225.808980
 792	  837	 15443.838396
 793	  794	 24004.291728
 793	  823	 24167.190452
 793	  838	 20475.247912
 794	  838	 12263.558747
 794	  876	 5655.777849
 795	  807	 23358.840380
 795	  830	 12325.869170
 796	  814	 46785.191551
 797	  810	 26729.065764
 797	  811	 8963.486358
 798	  811	 1189.192519
 798	  815	 14403.007268
 798	  818	 6673.533823
 799	  837	 12976.003333
 799	  853	 10746.235288
 800	  823	 17167.594964
 800	  854	 13849.587503
 800	  857	 13618.514265
 801	  802	 45600.633781
 801	  831	 7869.051914
 801	  847	 4252.553724
 801	  848	 2489.314817
 802	  812	 2064.754228
 802	  832	 7045.321143
 802	  848	 4140.472789
 803	  808	 1858.948453
 803	  812	 20605.487705
 803	  824	 14228.656335
 804	  813	 65821.392696
 804	  814	 3444.716741
 804	  840	 1015.304316
 804	  849	 3142.622879
 805	  818	 646.924624
 805	  819	 10804.657393
 805	  835	 12227.638939
 806	  820	 66688.133223
 807	  830	 6288.751220
 807	  846	 10923.609281
 807	  869	 3640.092684
 808	  817	 15359.170033
 808	  824	 7267.707330
 808	  855	 12213.962457
 809	  813	 2511.310949
 809	  839	 37570.520742
 809	  859	 3993.372721
 810	  811	 12828.642761
 810	  826	 9067.347551
 810	  834	 21739.666295
 811	  815	 4983.813158
 811	  826	 20641.815474
 811	  843	 774.614982
 812	  824	 10730.027936
 812	  832	 15326.745089
 812	  858	 1658.926094
 813	  839	 7137.978659
 813	  849	 32127.826285
 813	  877	 384.223283
 814	  840	 20138.409566
 814	  841	 21940.108763
 815	  818	 7468.355581
 815	  827	 24012.376548
 815	  843	 1556.835694
 816	  821	 90073.737366
 816	  822	 6145.953870
 816	  829	 5497.806324
 816	  852	 12528.091740
 817	  833	 34813.750431
 817	  855	 7125.832005
 817	  895	 4044.501589
 818	  827	 8297.007400
 818	  835	 4714.633478
 818	  851	 12395.608917
 819	  828	 56775.706261
 819	  835	 3495.760897
 819	  844	 2632.161309
 820	  829	 5158.750625
 820	  862	 8367.022405
 820	  866	 3698.962288
 820	  867	 19022.569745
 820	  868	 10057.133322
 821	  822	 60831.901610
 821	  852	 5456.408566
 821	  856	 16017.221303
 822	  853	 5827.886297
 822	  856	 14335.865522
 822	  871	 10125.517348
 823	  838	 49309.583711
 823	  857	 30696.174383
 824	  855	 16628.759237
 824	  858	 7688.202860
 824	  881	 1789.435191
 825	  841	 8935.473984
 825	  850	 21763.128001
 825	  878	 6403.211190
 825	  888	 10970.891846
 825	  897	 382.218078
 826	  834	 8439.559401
 826	  843	 47796.545955
 826	  864	 4551.564272
 827	  843	 9071.034838
 827	  851	 8953.155432
 827	  861	 10556.788277
 828	  836	 23690.118687
 828	  844	 195.780192
 828	  865	 13107.324084
 829	  845	 75170.443702
 829	  852	 10051.978760
 829	  862	 6496.779850
 830	  869	 19349.329564
 830	  873	 13277.483467
 830	  886	 1893.729111
 831	  846	 25868.225602
 831	  847	 28457.507205
 832	  848	 11001.756432
 832	  858	 17002.419714
 833	  859	 5804.425440
 833	  863	 27177.381658
 833	  895	 2899.182597
 834	  842	 64636.953653
 834	  864	 9419.714824
 835	  844	 61553.710157
 835	  851	 2104.460849
 836	  865	 1807.068882
 836	  866	 16399.247578
 836	  879	 9947.409219
 837	  853	 37474.183867
 837	  854	 17453.777929
 837	  872	 20058.726706
 838	  857	 2708.988441
 838	  875	 7565.219466
 838	  876	 14348.338601
 838	  885	 21735.674595
 839	  859	 10413.947660
 839	  877	 5515.391722
 839	  882	 14263.310031
 839	  883	 4168.923608
 840	  841	 36628.977683
 840	  849	 16096.888292
 840	  860	 23017.590112
 841	  860	 23612.792147
 841	  878	 6970.599006
 842	  850	 40136.011718
 842	  864	 18022.505410
 842	  889	 57.169625
 843	  861	 18109.809599
 843	  864	 2082.882934
 843	  870	 11934.753577
 844	  851	 6596.826713
 844	  865	 14688.805611
 844	  891	 7191.364230
 845	  852	 31477.093244
 845	  862	 29395.730024
 845	  874	 4727.108278
 845	  892	 5921.364501
 846	  847	 4705.941423
 846	  869	 7603.474971
 846	  893	 11714.152890
 847	  848	 16368.718667
 847	  887	 8601.234953
 847	  893	 412.439864
 848	  858	 6625.671039
 848	  887	 7882.560121
 849	  860	 5861.546581
 849	  877	 22192.345386
 849	  899	 8027.800863
 850	  888	 10000.816525
 850	  889	 16596.619711
 851	  861	 17658.525402
 851	  890	 6744.532493
 851	  891	 3399.657853
 852	  856	 51720.459939
 852	  892	 12685.749567
 853	  871	 54473.947461
 853	  872	 4332.076824
 853	  920	 2707.238411
 854	  857	 28209.949313
 854	  872	 58506.477647
 854	  875	 63.316385
 855	  881	 19238.148878
 855	  895	 386.302421
 855	  907	 7560.050523
 856	  871	 4991.408148
 856	  884	 20829.399644
 856	  892	 16780.557886
 857	  875	 81768.162456
 858	  881	 5394.842685
 858	  887	 3694.377452
 858	  894	 11225.143748
 858	  906	 841.058578
 859	  863	 24449.034737
 859	  882	 6174.003876
 859	  896	 13380.922607
 860	  878	 33159.714244
 860	  899	 10680.695072
 861	  870	 2420.739228
 861	  890	 18062.733341
 861	  902	 4749.359148
 862	  868	 36676.358010
 862	  874	 32411.871608
 863	  895	 17393.172363
 863	  896	 8863.783657
 864	  870	 112892.378895
 864	  889	 12431.295920
 865	  879	 17730.274584
 865	  891	 9203.010956
 865	  903	 7808.805128
 866	  867	 27109.179283
 866	  879	 12505.580367
 866	  880	 11343.730838
 866	  898	 11733.357427
 867	  868	 14860.946616
 867	  880	 49722.929616
 868	  874	 27807.827479
 868	  880	 14034.644383
 869	  886	 12977.968704
 869	  893	 12645.392067
 869	  905	 7781.373981
 870	  889	 10567.137300
 870	  902	 19351.403965
 871	  884	 59950.553006
 871	  920	 8112.408804
 871	  935	 5586.194772
 872	  875	 7213.826580
 872	  908	 14921.865734
 872	  920	 19864.676026
 872	  929	 5813.911388
 873	  886	 38651.578539
 874	  880	 14243.612385
 874	  892	 11882.052434
 874	  919	 8731.195100
 874	  927	 14623.775927
 875	  885	 5124.494772
 875	  904	 24890.953334
 875	  908	 33646.622456
 876	  885	 38194.627879
 876	  900	 21612.600568
 877	  883	 92255.523323
 877	  899	 17144.481351
 878	  897	 42823.425729
 878	  899	 3833.812896
 878	  913	 6902.759670
 878	  937	 3915.724917
 879	  898	 57268.183131
 879	  903	 3363.840061
 880	  898	 161.447733
 880	  915	 2490.324508
 880	  926	 24078.666208
 880	  927	 651.177015
 880	  939	 1930.914949
 881	  894	 37820.059687
 881	  907	 6746.334767
 881	  921	 6142.163223
 882	  883	 22677.621931
 882	  896	 11421.178376
 882	  918	 16461.025982
 883	  899	 2036.640635
 883	  918	 852.163298
 883	  933	 12371.164413
 884	  892	 18672.656575
 884	  916	 10274.327771
 884	  928	 25095.824577
 884	  935	 1032.686510
 885	  900	 23966.134635
 885	  904	 51711.356370
 885	  940	 953.899015
 886	  905	 34314.489818
 886	  936	 4905.367760
 887	  893	 3480.133101
 887	  906	 32250.191437
 887	  909	 5275.039366
 887	  931	 486.579299
 888	  889	 929.445792
 888	  897	 51378.969663
 888	  901	 27327.851578
 888	  924	 5624.525377
 889	  901	 25438.612366
 889	  902	 2105.231723
 889	  914	 20406.712132
 890	  891	 20143.272827
 890	  902	 9423.127624
 890	  925	 18015.024659
 891	  903	 31694.169656
 891	  925	 1465.180483
 891	  946	 1891.086810
 892	  916	 35055.599607
 892	  919	 18882.726124
 893	  905	 7409.833744
 893	  909	 30012.674148
 893	  930	 555.616405
 894	  906	 1444.133456
 894	  910	 11162.796130
 894	  921	 14768.015583
 895	  896	 1798.748243
 895	  907	 16953.004445
 895	  911	 828.048063
 895	  912	 17061.848999
 895	  932	 5988.473007
 896	  912	 5278.936446
 896	  917	 15964.665300
 896	  918	 8302.483248
 897	  924	 7113.644964
 897	  937	 13685.857319
 898	  903	 8495.679422
 898	  915	 51530.186208
 899	  913	 30908.632938
 899	  923	 11394.638879
 899	  933	 800.486523
 900	  940	 22207.001668
 900	  976	 803.728926
 901	  914	 13333.810232
 901	  924	 20328.091621
 901	  941	 3159.327661
 902	  914	 9959.272534
 902	  925	 8788.022821
 902	  938	 18888.092624
 903	  915	 2453.108992
 903	  934	 32774.097540
 903	  946	 1644.781183
 904	  908	 25341.848874
 904	  940	 46947.387732
 904	  956	 357.294270
 905	  930	 32847.527840
 905	  936	 5516.668100
 906	  910	 30341.800489
 906	  931	 10965.245807
 907	  911	 83752.069742
 907	  921	 3388.158751
 908	  929	 74046.290997
 908	  956	 6837.294548
 909	  930	 1278.601153
 909	  931	 10238.649086
 909	  943	 25100.916522
 910	  921	 2788.512485
 910	  931	 11344.217086
 910	  948	 2197.927873
 910	  958	 8275.747523
 911	  921	 11344.557425
 911	  932	 7770.814101
 911	  949	 16906.897482
 912	  917	 12425.317429
 912	  922	 19962.369574
 912	  932	 18871.951283
 913	  923	 36382.413030
 913	  937	 14816.098174
 913	  966	 2689.494926
 914	  938	 12452.363668
 914	  941	 20688.007141
 914	  974	 1682.153275
 915	  934	 6215.439727
 915	  939	 12898.815283
 915	  942	 39956.815120
 915	  951	 3234.122699
 916	  919	 32104.212043
 916	  928	 37965.042391
 916	  964	 3189.275702
 916	  968	 12914.840611
 917	  918	 5631.578852
 917	  922	 32458.621390
 917	  944	 7242.586620
 918	  933	 10988.932950
 918	  944	 16302.140032
 918	  945	 10107.055229
 919	  927	 49643.428869
 919	  963	 2840.659687
 919	  964	 20465.056297
 920	  929	 20665.758918
 920	  935	 71016.252655
 920	  952	 2717.353148
 920	  969	 15448.551186
 921	  948	 30089.011911
 921	  949	 2300.289926
 921	  959	 1130.938821
 922	  932	 12745.008065
 922	  944	 1479.893320
 922	  965	 11092.281740
 923	  933	 16163.426864
 923	  954	 22312.097007
 923	  966	 704.600136
 924	  937	 7014.508579
 924	  941	 26515.197002
 924	  955	 12705.899599
 925	  938	 15140.526703
 925	  946	 12357.737377
 925	  961	 12451.268058
 926	  927	 51177.133737
 926	  939	 90747.092524
 926	  963	 3706.735601
 926	  982	 1431.186660
 927	  963	 26219.552503
 928	  935	 21601.814529
 928	  947	 42659.007502
 928	  968	 6644.413289
 929	  952	 45325.171491
 929	  956	 11378.106609
 930	  936	 25271.141088
 930	  943	 362.383612
 930	  953	 2907.228669
 930	  957	 10729.146465
 930	  971	 4002.484183
 930	  977	 4154.180760
 931	  943	 6629.764240
 931	  958	 9672.547933
 931	  978	 6090.077168
 932	  949	 6403.444211
 932	  960	 12926.481520
 932	  965	 5130.898405
 933	  945	 19305.204128
 933	  954	 5199.035533
 933	  972	 5609.973070
 934	  942	 10006.277828
 934	  946	 20256.537067
 934	  950	 1622.809325
 934	  962	 13454.075662
 934	  985	 203.225503
 935	  947	 31363.198885
 935	  969	 15083.507909
 936	  977	 11863.327708
 937	  955	 14610.630289
 937	  966	 20686.196906
 938	  961	 3536.755988
 938	  974	 13286.513750
 938	  975	 7484.469941
 939	  951	 19161.291356
 939	  967	 14173.391952
 939	  982	 8177.805627
 940	  956	 25767.269142
 940	  976	 18806.612660
 940	  983	 26120.418482
 941	  955	 6399.886299
 941	  973	 18314.409611
 941	  974	 2590.723741
 942	  950	 47687.209660
 942	  951	 19038.132171
 943	  953	 35685.383395
 943	  978	 12301.352500
 944	  945	 26316.894589
 944	  965	 9783.650016
 944	  986	 9745.089175
 944	 1005	 2254.160325
 945	  972	 11323.703445
 945	 1005	 5605.777643
 946	  961	 14120.525105
 946	  985	 20240.686474
 947	  968	 7376.812532
 947	  969	 15406.415220
 947	  990	 33129.184834
 947	  998	 1413.282484
 948	  958	 11486.187175
 948	  959	 90058.989456
 949	  959	 381.233459
 949	  960	 31330.966093
 949	  979	 14838.681190
 949	  994	 4308.336905
 950	  951	 16520.078287
 950	  962	 42015.958511
 950	  988	 7611.129503
 951	  967	 45267.800643
 951	  988	 3187.903980
 952	  956	 20898.312971
 952	  969	 7421.535818
 952	  970	 49584.830036
 952	  991	 15822.267772
 953	  957	 67427.678980
 953	  978	 5232.825380
 953	 1000	 6462.841831
 954	  966	 5741.977654
 954	  972	 30535.969048
 954	  987	 13493.095759
 955	  966	 3245.607669
 955	  973	 11960.267424
 955	  992	 17769.631836
 956	  970	 46829.985218
 956	  983	 3464.310626
 956	  993	 22937.592730
 956	  999	 2213.865752
 957	  971	 47704.310741
 957	 1000	 1027.019835
 957	 1009	 888.589598
 958	  959	 2767.831075
 958	  978	 3086.218250
 958	  984	 41143.757266
 959	  979	 45390.189471
 959	  984	 4562.349868
 959	 1021	 2641.760260
 960	  965	 17165.088512
 960	  994	 20582.522215
 961	  975	 10777.199972
 961	  981	 17446.994580
 961	  985	 329.971481
 961	 1003	 2606.158093
 962	  985	 13606.808426
 962	  988	 22063.529222
 962	  997	 1335.600014
 963	  964	 30060.555349
 963	  982	 45521.044264
 963	  995	 13377.808184
 963	 1008	 1967.055348
 964	  968	 70652.468152
 964	  995	 21247.472759
 965	  986	 44995.831834
 965	  994	 766.604402
 965	 1012	 1137.291388
 966	  987	 23126.941255
 966	  992	 7931.217904
 966	 1006	 4691.318030
 966	 1014	 502.807182
 967	  982	 19913.859596
 967	  988	 8200.134594
 967	 1007	 16524.109045
 967	 1025	 940.760006
 968	  989	 61858.460365
 968	  990	 3887.114371
 968	  995	 2828.916911
 969	  991	 28084.604530
 969	  996	 21814.361860
 969	  998	 15412.559515
 970	  991	 20177.943555
 970	  993	 39090.347277
 971	  977	 41941.876751
 971	 1009	 11686.309454
 972	  987	 2394.125189
 972	 1005	 15354.766722
 972	 1013	 6586.135447
 973	  974	 14603.758969
 973	  992	 6167.610674
 973	 1024	 10357.398253
 974	  975	 3004.818398
 974	  980	 15762.980511
 974	 1002	 9070.609342
 974	 1024	 567.036817
 974	 1046	 296.300372
 975	  980	 29292.340560
 975	  981	 17442.258048
 976	  983	 117897.547760
 976	 1034	 6905.357181
 977	 1009	 5419.184405
 977	 1020	 12784.885256
 978	  984	 6681.671644
 978	 1000	 18154.936909
 978	 1001	 9514.398900
 978	 1010	 2025.906932
 979	  994	 8646.392787
 979	 1011	 550.276399
 979	 1021	 14545.131605
 979	 1028	 3056.313337
 980	  981	 6951.145423
 980	 1002	 9118.670727
 981	 1002	 6221.176769
 981	 1003	 5604.308061
 981	 1033	 1065.982267
 982	 1004	 35150.378400
 982	 1007	 4507.267152
 982	 1008	 2973.961247
 983	  999	 47228.941798
 983	 1034	 11840.209651
 984	 1001	 23322.799154
 984	 1021	 3307.737111
 984	 1045	 3275.144032
 985	  997	 15958.882142
 985	 1003	 15905.929864
 985	 1015	 3318.191661
 986	 1005	 841.397196
 986	 1012	 24810.423148
 986	 1022	 11360.543285
 986	 1036	 1589.703105
 987	 1006	 11745.655363
 987	 1013	 14526.081968
 988	  997	 30434.372711
 988	 1025	 14816.575798
 989	  990	 39917.256317
 989	  995	 17997.677320
 989	 1017	 8235.347144
 989	 1018	 21771.269930
 990	  998	 26676.301712
 990	 1018	 26681.616954
 990	 1026	 4469.125418
 991	  993	 1036.405964
 991	  996	 47571.281578
 991	 1027	 26844.203892
 991	 1032	 1540.195349
 992	 1014	 9550.898142
 992	 1024	 8307.307191
 992	 1029	 4801.475448
 993	  999	 93047.656755
 993	 1032	 28688.738796
 993	 1049	 2427.290198
 994	 1011	 40480.939027
 994	 1012	 12732.391613
 995	 1008	 37859.110096
 995	 1017	 28299.912350
 996	  998	 29338.262454
 996	 1019	 28722.231801
 996	 1027	 8864.222993
 997	 1015	 7773.948096
 997	 1025	 2993.549492
 997	 1030	 20412.837709
 998	 1019	 22341.373140
 998	 1026	 31301.579868
 999	 1034	 12621.601035
 999	 1049	 37233.293295
1000	 1009	 14642.717772
1000	 1010	 13993.926818
1000	 1035	 19435.909433
1001	 1010	 52241.284924
1001	 1045	 7596.026877
1002	 1033	 4977.890596
1002	 1046	 5338.652784
1002	 1047	 9020.433120
1003	 1015	 38993.365613
1003	 1033	 8275.770954
1003	 1038	 793.943368
1004	 1007	 27459.077498
1004	 1008	 12465.767522
1004	 1016	 47178.680422
1005	 1013	 2364.433676
1005	 1022	 32439.464945
1005	 1041	 14682.992278
1006	 1013	 3379.896558
1006	 1014	 18072.080387
1006	 1023	 15511.462161
1007	 1016	 12040.068393
1007	 1025	 2802.310577
1007	 1031	 36737.956943
1007	 1058	 1788.532021
1008	 1016	 22175.429606
1008	 1017	 33555.518700
1008	 1053	 6204.918066
1009	 1020	 13723.020141
1009	 1035	 385.882489
1009	 1040	 27115.737330
1010	 1035	 13698.150780
1010	 1045	 4227.928905
1010	 1071	 5812.023747
1010	 1083	 32.681365
1011	 1012	 13956.441078
1011	 1028	 34666.865683
1011	 1064	 3060.587635
1011	 1073	 3445.363651
1012	 1036	 5315.335880
1012	 1060	 12267.880662
1012	 1064	 6567.801405
1013	 1023	 4699.008200
1013	 1037	 10517.962373
1013	 1041	 11417.100531
1013	 1042	 112.415974
1014	 1023	 6000.961457
1014	 1029	 16134.764251
1015	 1030	 10142.329351
1015	 1038	 20338.362447
1016	 1053	 20938.251995
1016	 1058	 9117.997057
1017	 1018	 4215.854898
1017	 1039	 9293.767464
1017	 1053	 11615.018795
1017	 1054	 26200.080006
1017	 1077	 1168.365743
1018	 1026	 30640.431791
1018	 1039	 81899.501960
1019	 1026	 30177.375160
1019	 1027	 17285.676043
1019	 1048	 36909.527508
1020	 1040	 3980.417231
1020	 1082	 11165.774638
1021	 1028	 28161.652750
1021	 1045	 3814.610057
1021	 1050	 18307.579210
1021	 1072	 4458.368293
1022	 1036	 60053.772493
1022	 1041	 3464.735723
1022	 1061	 386.010331
1022	 1074	 196.646877
1023	 1029	 2243.616554
1023	 1037	 20154.022960
1023	 1042	 964.413848
1023	 1062	 324.002661
1024	 1029	 3014.769277
1024	 1046	 11005.057116
1024	 1051	 12445.014873
1024	 1075	 715.069822
1025	 1030	 5535.495249
1025	 1031	 20919.716446
1025	 1043	 22152.393084
1025	 1044	 6101.371076
1026	 1039	 1710.720734
1026	 1048	 391.578532
1026	 1055	 40868.290942
1027	 1032	 197410.962913
1027	 1048	 21719.212156
1028	 1072	 12924.553066
1028	 1073	 5349.771458
1029	 1051	 5379.897154
1029	 1062	 6542.271141
1030	 1038	 3122.182514
1030	 1043	 7956.391430
1030	 1052	 20445.888468
1031	 1044	 36230.293500
1031	 1058	 6951.553374
1032	 1048	 420.104219
1032	 1049	 8783.379907
1032	 1070	 52423.621405
1033	 1038	 15618.098343
1033	 1047	 7600.938451
1033	 1067	 8228.491131
1034	 1049	 9058.446570
1034	 1056	 73907.261419
1035	 1040	 12114.217365
1035	 1059	 20982.771771
1035	 1083	 9614.129042
1036	 1060	 12734.766170
1036	 1074	 19857.346172
1036	 1078	 1311.104364
1037	 1042	 56074.682408
1038	 1052	 5156.438215
1038	 1067	 10178.923194
1038	 1080	 5774.364997
1039	 1054	 67124.137039
1039	 1055	 8224.108059
1039	 1087	 15468.347849
1040	 1059	 22937.312428
1040	 1082	 11528.308431
1041	 1042	 3415.596804
1041	 1061	 37765.540230
1041	 1090	 1553.023402
1042	 1062	 7639.198365
1042	 1090	 4763.787778
1042	 1111	 1876.833535
1043	 1044	 10489.658237
1043	 1052	 5778.454944
1043	 1057	 218.959234
1043	 1063	 24550.505651
1044	 1057	 44432.186387
1044	 1058	 2765.454915
1045	 1050	 58194.885369
1045	 1071	 23050.433860
1046	 1047	 5699.029409
1046	 1075	 12093.105365
1046	 1084	 7319.850300
1047	 1067	 2483.117601
1047	 1079	 11962.672085
1047	 1084	 2359.895129
1048	 1055	 51155.153271
1048	 1070	 4616.247585
1048	 1081	 48024.610507
1049	 1056	 45818.447681
1049	 1070	 7979.607345
1049	 1096	 2632.022387
1049	 1097	 47841.037907
1050	 1071	 3503.308925
1050	 1072	 6520.667019
1050	 1108	 4988.164395
1050	 1113	 6360.302853
1051	 1062	 702.362447
1051	 1065	 6968.772118
1051	 1066	 9621.964993
1051	 1075	 1544.627187
1052	 1063	 3923.245016
1052	 1068	 26896.621284
1052	 1080	 8899.275198
1053	 1058	 13295.018626
1053	 1077	 48474.440281
1053	 1085	 11840.497545
1054	 1077	 6650.378246
1054	 1086	 21697.889671
1054	 1087	 1496.336852
1054	 1098	 15088.390605
1054	 1101	 9729.538540
1055	 1081	 1156.410156
1055	 1087	 29822.145602
1055	 1095	 22717.131112
1056	 1097	 648.045231
1056	 1102	 37955.894560
1057	 1058	 7898.747548
1057	 1063	 5551.238238
1057	 1069	 23156.231318
1057	 1076	 7293.243477
1057	 1093	 11615.481097
1058	 1069	 36076.816458
1058	 1076	 2690.222573
1058	 1085	 14893.697301
1059	 1082	 843.505011
1059	 1083	 7624.601186
1059	 1099	 16839.444441
1059	 1103	 7217.844388
1060	 1064	 24826.945585
1060	 1078	 40316.889355
1061	 1074	 8440.461873
1061	 1089	 2252.035844
1061	 1090	 10172.439212
1061	 1104	 3349.867670
1062	 1065	 4004.684525
1062	 1091	 452.286069
1062	 1100	 7465.205722
1062	 1111	 732.035924
1063	 1068	 24954.406236
1063	 1093	 23325.999384
1064	 1073	 18666.219819
1064	 1078	 8630.502945
1064	 1088	 18036.169470
1065	 1066	 14540.799422
1065	 1091	 7812.086176
1066	 1075	 13578.000198
1066	 1091	 4988.821421
1067	 1079	 2489.870413
1067	 1080	 4743.684190
1067	 1092	 24478.737945
1067	 1106	 2256.894575
1067	 1107	 554.121925
1068	 1080	 23443.990466
1068	 1093	 1256.450400
1068	 1116	 7277.862247
1069	 1076	 131886.203117
1070	 1081	 41291.006133
1070	 1096	 101289.928064
1071	 1083	 34135.305965
1071	 1113	 16817.753986
1071	 1128	 443.850387
1072	 1073	 21188.833448
1072	 1108	 19464.951572
1072	 1114	 3976.779431
1072	 1134	 327.692228
1073	 1088	 28504.907695
1073	 1114	 1240.791008
1074	 1078	 5133.940700
1074	 1089	 24018.568465
1074	 1109	 2411.853203
1074	 1110	 441.891598
1075	 1084	 1202.936165
1075	 1091	 2229.888766
1075	 1105	 11584.983979
1075	 1115	 915.992054
1076	 1085	 12713.490192
1076	 1093	 15096.895417
1076	 1094	 13342.798138
1076	 1126	 7042.502975
1077	 1085	 9182.078917
1077	 1086	 63682.145051
1077	 1112	 17451.289601
1078	 1088	 3116.065647
1078	 1109	 16971.935105
1078	 1129	 4080.182850
1079	 1084	 15829.970593
1079	 1092	 7290.013311
1079	 1125	 5827.449756
1080	 1107	 24777.664239
1080	 1116	 8614.452745
1081	 1095	 53170.609462
1081	 1096	 346.973786
1081	 1120	 11072.762977
1081	 1140	 16713.716068
1082	 1103	 29473.037254
1082	 1141	 1353.832587
1082	 1144	 6047.609716
1083	 1099	 18748.313908
1083	 1128	 12966.259239
1084	 1105	 5823.945842
1084	 1122	 4480.414556
1084	 1125	 3577.878417
1085	 1094	 136078.947422
1085	 1112	 1774.213874
1086	 1098	 103627.209386
1086	 1112	 5296.760317
1086	 1127	 3841.249337
1087	 1095	 50865.368721
1087	 1101	 84682.599060
1088	 1114	 27062.030577
1088	 1129	 5406.777679
1089	 1104	 6819.621446
1089	 1110	 11539.757461
1090	 1104	 7373.170414
1090	 1111	 6320.751566
1090	 1124	 3255.556351
1090	 1142	 169.805597
1091	 1100	 4930.945444
1091	 1115	 12546.201505
1092	 1106	 27875.772210
1092	 1125	 4845.684517
1093	 1116	 6073.861230
1093	 1117	 45100.717970
1093	 1126	 1877.242345
1094	 1112	 16139.026925
1094	 1118	 26857.430650
1094	 1126	 6838.951181
1095	 1101	 5632.195454
1095	 1138	 4469.233089
1095	 1139	 23763.308765
1095	 1140	 4951.895618
1096	 1097	 28708.634709
1096	 1120	 64070.985897
1096	 1123	 14235.269440
1097	 1102	 37227.274945
1097	 1123	 42434.322529
1097	 1136	 7887.055661
1098	 1101	 6840.289287
1098	 1119	 51062.293905
1098	 1127	 15945.730971
1099	 1103	 11857.476211
1099	 1128	 11615.784284
1099	 1132	 12345.366837
1100	 1111	 2307.808766
1100	 1115	 1211.539506
1100	 1121	 9031.810130
1100	 1148	 1110.308153
1101	 1119	 28293.393141
1101	 1137	 732.043210
1101	 1138	 38947.996834
1102	 1131	 37609.702084
1102	 1136	 23052.845124
1103	 1132	 10860.835177
1103	 1141	 14045.613317
1104	 1110	 3869.837952
1104	 1142	 6850.903078
1105	 1115	 5504.699918
1105	 1122	 23027.562254
1105	 1130	 685.523495
1106	 1107	 29746.674579
1106	 1125	 3530.143362
1106	 1143	 10513.980959
1106	 1154	 1910.240633
1107	 1116	 16751.142616
1107	 1143	 8782.718314
1107	 1150	 3881.536119
1108	 1113	 8943.867848
1108	 1133	 14833.378242
1108	 1134	 20968.986866
1109	 1110	 11371.024031
1109	 1129	 6491.298197
1109	 1145	 4928.771851
1109	 1146	 3320.995164
1110	 1142	 807.527223
1110	 1146	 4428.540081
1110	 1161	 821.845916
1111	 1121	 6411.224361
1111	 1124	 11296.108878
1112	 1118	 62421.181021
1112	 1127	 21625.770470
1112	 1156	 11794.444935
1113	 1128	 5046.597959
1113	 1133	 22985.237659
1113	 1153	 9300.840417
1114	 1129	 16009.008712
1114	 1134	 17706.651439
1114	 1159	 5521.845434
1115	 1130	 25690.722340
1115	 1148	 480.812897
1116	 1117	 17382.373095
1116	 1150	 13847.439017
1116	 1155	 12490.704591
1117	 1126	 23115.361032
1117	 1151	 22208.695861
1117	 1155	 5404.168536
1118	 1126	 13509.331948
1118	 1135	 37153.690741
1118	 1156	 4275.281384
1119	 1127	 31300.552648
1119	 1137	 38225.570685
1120	 1123	 46313.773484
1120	 1140	 10874.773185
1120	 1152	 45504.947054
1120	 1166	 2854.444864
1121	 1124	 1088.361415
1121	 1147	 5943.217017
1121	 1148	 1433.223803
1122	 1125	 4400.163827
1122	 1130	 3823.699545
1122	 1162	 3284.408190
1122	 1174	 5258.840587
1123	 1136	 10948.481169
1123	 1157	 35184.409916
1123	 1166	 14662.314802
1124	 1142	 3398.366155
1124	 1147	 3099.340666
1124	 1168	 833.550969
1124	 1172	 447.059520
1124	 1179	 657.677071
1125	 1149	 14199.811049
1125	 1154	 5615.509422
1125	 1162	 249.591286
1126	 1135	 53248.313306
1126	 1151	 18783.559030
1127	 1137	 34489.672676
1127	 1156	 23997.147608
1128	 1132	 11694.737586
1128	 1153	 2075.779069
1128	 1158	 2382.686349
1128	 1160	 23119.931002
1129	 1145	 14041.421931
1129	 1159	 1144.038110
1129	 1170	 7130.245470
1130	 1148	 7016.412923
1130	 1169	 5102.332671
1130	 1173	 882.845878
1130	 1174	 350.189264
1131	 1136	 68268.587215
1131	 1171	 20951.756584
1132	 1141	 10086.847040
1132	 1158	 26589.389597
1133	 1134	 60.988417
1133	 1153	 21125.615456
1133	 1167	 10660.683821
1134	 1159	 19849.418488
1134	 1167	 9666.691057
1135	 1151	 4212.800725
1135	 1156	 18739.164393
1135	 1181	 8266.185544
1135	 1182	 12435.769121
1136	 1157	 48070.730478
1136	 1171	 18000.476333
1137	 1138	 6651.935988
1137	 1156	 10896.214476
1137	 1164	 70340.144737
1138	 1139	 70455.372537
1138	 1165	 73810.703475
1139	 1140	 88226.381268
1139	 1165	 2115.353642
1139	 1187	 22099.519737
1140	 1152	 48583.973856
1140	 1183	 12703.353799
1140	 1187	 10572.381660
1141	 1144	 17459.287318
1141	 1158	 13766.446351
1141	 1207	 5494.056110
1141	 1208	 684.639131
1142	 1161	 4545.243662
1142	 1168	 10593.930423
1143	 1150	 39687.839519
1143	 1154	 9558.700686
1143	 1180	 12532.633609
1144	 1206	 5924.400137
1144	 1207	 1023.519002
1145	 1146	 8988.334435
1145	 1170	 4481.960220
1145	 1178	 7749.528346
1146	 1161	 11883.585561
1146	 1178	 3540.583043
1147	 1148	 4374.641881
1147	 1172	 9066.230364
1148	 1169	 9865.543757
1148	 1172	 1638.688155
1149	 1154	 15443.545968
1149	 1162	 6361.421199
1149	 1163	 10431.256344
1150	 1155	 9609.207650
1150	 1175	 13026.644086
1150	 1180	 7838.745687
1150	 1196	 2469.869217
1151	 1155	 39796.328977
1151	 1181	 14091.333564
1151	 1186	 11736.495678
1152	 1166	 45549.011820
1152	 1183	 20068.468414
1152	 1184	 14619.365499
1153	 1160	 8455.625890
1153	 1167	 1813.497319
1153	 1176	 19816.425954
1153	 1185	 2987.153393
1154	 1163	 10006.799622
1154	 1180	 9190.125921
1154	 1201	 1855.185144
1155	 1175	 29427.828403
1155	 1186	 6667.580403
1156	 1164	 2963.864711
1156	 1182	 29023.028707
1156	 1197	 6976.946618
1156	 1212	 11000.477811
1157	 1166	 43040.497035
1157	 1171	 5491.534731
1157	 1191	 40359.934277
1157	 1216	 1897.994894
1158	 1160	 6045.857523
1158	 1188	 17767.681133
1158	 1208	 4939.449893
1159	 1167	 9532.849087
1159	 1170	 9265.301238
1159	 1177	 4021.062745
1159	 1193	 10412.318218
1160	 1185	 2410.710124
1160	 1188	 5916.834548
1160	 1189	 21692.497203
1161	 1168	 5292.974479
1161	 1178	 253.985376
1161	 1198	 6462.511899
1161	 1203	 1526.975287
1162	 1163	 23720.212249
1162	 1174	 7775.923946
1162	 1195	 6929.232340
1163	 1195	 1326.053268
1163	 1201	 6434.464216
1164	 1165	 62695.456816
1164	 1197	 48760.037542
1164	 1213	 312.136379
1165	 1187	 8462.384624
1165	 1205	 21402.682141
1165	 1213	 14545.837945
1166	 1184	 51979.668974
1166	 1216	 18005.486028
1167	 1176	 42.600455
1167	 1192	 12029.516153
1167	 1193	 7313.316207
1167	 1218	 5385.734081
1168	 1179	 20788.368802
1168	 1203	 750.312469
1169	 1172	 933.076202
1169	 1173	 41936.311775
1169	 1194	 822.753166
1169	 1225	 1204.382105
1170	 1177	 43862.368143
1170	 1178	 172.975405
1170	 1190	 6705.265577
1171	 1191	 38418.100920
1171	 1217	 28234.839682
1172	 1179	 2585.488518
1172	 1194	 21473.876701
1172	 1210	 626.819705
1173	 1174	 6322.044315
1173	 1199	 12407.295003
1173	 1222	 4997.228638
1173	 1225	 1367.958617
1174	 1195	 2683.906489
1174	 1199	 11828.304550
1174	 1200	 7856.294004
1175	 1186	 15530.399480
1175	 1196	 32463.446116
1175	 1211	 2546.214286
1175	 1220	 2995.778517
1176	 1185	 65688.199732
1176	 1192	 15031.183208
1177	 1190	 3685.507514
1177	 1193	 11312.636864
1177	 1209	 12403.390866
1178	 1190	 20619.062885
1178	 1198	 10945.049685
1179	 1203	 16021.281353
1179	 1210	 1791.005312
1180	 1196	 19762.530254
1180	 1201	 1628.813513
1180	 1223	 16678.924849
1181	 1182	 27582.893470
1181	 1186	 35637.391393
1181	 1204	 24566.583695
1181	 1211	 2688.305215
1182	 1204	 26916.709577
1182	 1212	 22745.641778
1183	 1184	 51200.046178
1183	 1187	 32965.475335
1183	 1202	 25819.948886
1183	 1214	 19972.429030
1184	 1202	 53010.293149
1184	 1216	 12337.749187
1185	 1189	 10276.539465
1185	 1192	 6731.044027
1185	 1221	 4762.316148
1185	 1240	 1657.750147
1185	 1247	 1501.410574
1186	 1211	 36569.640114
1187	 1205	 53128.412728
1187	 1214	 36331.486415
1188	 1189	 11495.679971
1188	 1208	 24921.034810
1188	 1226	 7229.567896
1189	 1221	 18813.526822
1189	 1226	 2086.166062
1190	 1198	 2663.955655
1190	 1209	 8657.780802
1190	 1227	 6359.994588
1191	 1216	 13003.141503
1191	 1217	 39249.404470
1191	 1224	 40143.368371
1192	 1218	 21731.888348
1192	 1247	 5513.877363
1193	 1209	 8971.942152
1193	 1218	 10039.950465
1193	 1233	 1859.841319
1193	 1241	 7028.586735
1194	 1210	 19829.325067
1194	 1225	 8528.464088
1195	 1200	 35919.135868
1195	 1201	 16862.751568
1195	 1219	 292.698967
1196	 1220	 48968.970015
1196	 1223	 1325.779084
1197	 1212	 12648.229418
1197	 1213	 76556.134267
1197	 1230	 21683.375398
1198	 1203	 2990.882975
1198	 1227	 7018.719741
1198	 1242	 6001.774495
1198	 1248	 1628.187815
1199	 1200	 1900.184597
1199	 1222	 23429.103371
1199	 1229	 4487.904445
1199	 1255	 1218.805364
1200	 1219	 10073.034973
1200	 1229	 11506.175302
1201	 1219	 20883.194849
1201	 1223	 8525.890925
1202	 1214	 2394.579636
1202	 1215	 127568.298438
1202	 1216	 17277.194698
1202	 1231	 5523.398648
1203	 1210	 861.399559
1203	 1228	 13302.693984
1203	 1248	 5344.288692
1204	 1211	 11065.735532
1204	 1212	 13272.147765
1204	 1235	 32306.060348
1204	 1251	 56.795343
1205	 1213	 36474.594412
1205	 1214	 14100.820057
1205	 1253	 37874.154083
1205	 1258	 863.392164
1206	 1207	 34734.820534
1206	 1232	 2466.206810
1206	 1239	 10016.391398
1207	 1208	 11305.310270
1207	 1232	 18404.450837
1208	 1226	 290.281993
1208	 1232	 5636.415475
1208	 1244	 8437.371306
1208	 1245	 8026.915681
1209	 1227	 9582.178589
1209	 1241	 14669.248209
1210	 1225	 6739.642748
1210	 1228	 3951.261534
1210	 1249	 7731.007384
1211	 1220	 4371.843950
1211	 1235	 12771.084013
1211	 1238	 25668.928406
1212	 1230	 55969.532249
1212	 1251	 13669.836601
1213	 1230	 591.933312
1213	 1252	 36227.778244
1213	 1258	 10784.087651
1214	 1215	 52596.323685
1214	 1231	 8710.346169
1214	 1253	 32403.039029
1215	 1231	 64424.912628
1216	 1224	 88344.113663
1216	 1231	 34334.754465
1216	 1259	 3831.193987
1217	 1224	 6679.229036
1217	 1260	 18522.243981
1217	 1261	 26377.700489
1218	 1233	 47624.020892
1218	 1247	 1590.538558
1219	 1223	 661.154723
1219	 1229	 19321.074033
1219	 1234	 5269.063253
1219	 1256	 4458.407808
1220	 1223	 831.949777
1220	 1238	 12717.006107
1220	 1243	 18977.721544
1220	 1257	 4747.657684
1221	 1226	 23187.710290
1221	 1236	 15963.568214
1221	 1240	 1460.448230
1222	 1225	 7321.787036
1222	 1237	 33264.528455
1222	 1255	 1328.005586
1223	 1234	 41599.917971
1223	 1243	 8825.859272
1224	 1259	 16446.494142
1224	 1260	 47382.148050
1225	 1237	 6374.896393
1225	 1249	 4911.102757
1226	 1236	 2683.291423
1226	 1245	 21147.037554
1226	 1246	 10505.063916
1227	 1241	 3168.306894
1227	 1242	 26814.202152
1228	 1248	 11609.456626
1228	 1249	 10946.668924
1229	 1255	 11786.401784
1229	 1256	 3609.528981
1230	 1251	 13110.597593
1230	 1252	 27012.330779
1231	 1253	 5969.479414
1231	 1259	 78078.879106
1232	 1239	 7836.320937
1232	 1244	 25057.650549
1232	 1254	 2722.433142
1233	 1241	 11428.185877
1233	 1247	 7807.608493
1234	 1243	 7724.353781
1234	 1256	 31886.000580
1235	 1238	 2710.916099
1235	 1250	 5376.395047
1235	 1251	 42492.172303
1236	 1240	 20553.496245
1236	 1246	 21949.275171
1237	 1255	 19858.759058
1238	 1250	 31138.656118
1238	 1257	 11600.609678
1239	 1254	 19193.831602
1240	 1246	 8187.035652
1240	 1247	 18990.579718
1242	 1248	 4134.636384
1243	 1256	 598.454915
1243	 1257	 5184.280033
1244	 1245	 8559.570195
1245	 1246	 1915.285165
1250	 1257	 19570.220264
1252	 1258	 65014.743762
1253	 1258	 12319.067630
1253	 1259	 595.288732
1259	 1260	 3907.976506
1260	 1261	 20104.099541
