64.119318
241.337594
109.803123
54.973270
168.787879
138.062500
128.359013
136.579014
306.186128
244.054587
191.736728
76.250000
95.000000
296.795256
308.334010
194.957912
281.313659
256.762131
242.158535
152.502350
328.895244
165.416667
333.134588
172.991412
280.107413
310.627843
265.273540
361.903139
276.529054
124.789661
161.255682
401.884816
248.956860
216.557510
369.212121
129.704607
351.630659
278.571040
403.467851
287.367528
205.487349
250.788640
437.368276
309.491442
223.648858
314.986241
212.802317
210.238677
367.242695
98.241185
227.341909
362.712809
237.830966
163.939172
233.842612
356.006838
275.117400
309.474925
230.934162
414.425746
370.320243
316.588691
290.133117
231.665404
163.798115
382.156713
261.738651
470.972559
326.348096
198.978287
269.333710
259.890444
279.535536
312.201022
232.805187
302.342823
297.089784
319.194298
162.884121
331.019804
380.137396
367.142360
126.505982
176.110950
266.903892
389.685923
268.586296
199.874382
221.977659
369.690750
386.362647
229.898126
222.476773
286.494659
398.435014
235.951650
209.832844
295.841652
170.756293
256.966278
294.165264
333.022849
197.045455
279.433824
162.013258
106.250000
397.508593
372.579912
233.296546
336.743880
477.967411
485.018174
143.383201
331.010577
108.532444
118.198097
295.574270
153.523423
261.393883
304.813444
144.584669
449.099402
247.867301
293.244168
259.051989
139.705967
170.089974
128.624845
193.620251
254.299960
281.361632
299.063485
162.207048
278.559177
188.156929
245.036557
384.388733
177.552692
253.963945
221.154878
232.735181
83.721763
258.419855
373.656717
283.575501
315.418317
346.943681
280.569663
95.533088
218.879399
279.620873
283.387122
248.922978
212.258701
147.937419
136.957979
215.500282
194.110500
383.666618
220.163734
112.500000
241.886522
331.195986
230.347533
262.525627
250.410226
315.133095
223.202208
288.737990
74.997068
375.777328
218.458299
261.238896
257.334497
296.198265
149.605505
396.000083
217.915699
395.889526
225.449214
235.528299
358.776490
270.306628
113.604021
245.121661
227.594907
332.822581
207.541633
289.821414
332.996921
214.122240
239.566886
237.341332
188.951923
231.323024
340.155903
348.196501
249.905615
240.340428
181.362192
264.761306
248.020746
329.802014
343.758333
108.930809
230.232550
285.292841
288.904448
359.963822
323.001223
255.317105
245.739752
204.547458
391.464690
212.980914
213.844308
287.835664
308.362742
286.426292
213.863042
293.357868
315.172730
345.989449
203.439311
301.880196
264.196070
296.020653
279.961554
350.731091
207.001261
294.060789
319.814697
193.696771
285.417408
193.531802
347.707462
271.682483
301.863110
312.296655
357.725291
364.684062
309.556021
195.688613
266.356376
231.500805
271.732694
341.940211
232.259514
132.096774
356.910454
235.818660
228.422526
251.281184
284.472547
349.024136
311.479871
373.433764
254.488318
254.375759
225.060743
265.152044
367.500840
341.101088
300.787780
244.810839
311.666719
224.769560
308.547006
195.025279
245.557418
278.313723
234.586664
470.697423
372.104801
130.276701
273.823741
230.774941
320.826389
300.048135
275.000254
355.577619
207.245948
207.655971
194.390495
256.762985
117.920703
382.998375
329.451677
311.812908
262.092403
297.344051
461.869675
435.133870
125.614902
205.666732
37.812500
90.285527
236.406938
441.541131
237.997559
227.148497
227.993373
322.330105
291.487366
186.845385
405.235687
123.622420
156.381497
273.329788
215.817492
446.159535
211.603621
310.366709
232.308886
164.014628
284.280857
268.428446
188.402778
241.501588
409.788440
343.248841
419.298208
252.714757
313.522969
204.630893
304.106970
329.998777
116.416667
363.140481
297.487393
265.213806
289.019724
281.942046
219.235267
214.858575
58.348214
193.596046
236.213149
395.234489
170.994318
145.612104
194.049169
275.512549
303.843836
259.767677
131.976190
89.280303
210.376179
97.142601
223.369956
259.531380
375.559903
347.125968
147.869318
300.902607
314.878223
360.369775
273.306551
95.833333
172.328364
418.618724
375.601545
193.848103
187.144389
362.382276
380.033638
403.747361
216.046544
276.967246
118.811541
321.319638
238.222169
200.554129
245.225696
268.076869
171.015495
259.523909
256.119248
86.320103
278.148985
198.374655
264.388191
414.161469
367.183505
376.898110
514.633485
334.623467
219.790318
132.354783
177.678759
317.963812
293.132841
274.121602
254.254125
133.007462
333.389550
117.332888
134.341748
326.758919
339.741265
206.895596
230.865385
310.792751
272.430850
238.467864
198.968364
279.450325
391.949500
307.092286
181.820932
218.918083
325.091321
288.700579
423.686834
203.673344
293.521056
130.364237
86.080235
301.065244
196.408343
299.282205
240.873305
302.624208
313.646437
360.202391
52.942282
179.932037
322.285116
450.305120
444.062149
433.376262
326.453565
225.630065
238.045594
251.991935
314.853902
266.837285
343.823758
290.141298
344.293870
402.201149
275.021155
178.220180
244.108558
268.859883
252.826131
344.826563
319.543461
236.523703
226.422991
215.852819
196.818579
288.728988
388.120936
284.076307
351.817552
229.660148
500.880883
280.631541
258.493313
379.551253
334.405706
322.649078
209.642580
326.418609
242.250828
257.179076
278.591953
341.755012
261.532790
317.140513
228.460417
264.024604
389.559124
188.772373
378.494153
265.745488
264.298652
288.703893
394.601757
269.611615
275.596215
424.719603
188.083805
220.789975
359.871444
381.098689
340.199226
373.719440
400.317434
292.891434
339.182292
417.084527
355.631368
433.267608
348.260645
321.807473
283.908739
246.725633
417.400597
413.598644
232.483411
318.988117
169.185522
120.435270
232.953498
269.087391
240.772887
232.765630
346.343113
203.106862
296.895848
193.573514
259.955311
378.352654
348.641847
191.604060
193.934442
257.780792
229.315712
358.922339
160.464407
295.743381
335.025967
386.927217
286.111913
236.539204
229.922541
243.080207
341.439345
255.385302
298.574057
318.107610
333.634761
321.649992
367.976158
418.533373
179.188077
179.785850
321.819231
363.891377
283.552495
269.950376
266.703869
375.449951
339.612183
155.859375
224.332175
374.916597
265.795034
330.007438
346.148510
229.957606
185.416333
179.617593
200.081271
347.508431
238.604754
219.506602
246.565413
99.300983
404.852702
220.125679
314.650735
219.471090
221.309926
395.768079
285.151530
337.645652
330.846568
197.996403
393.220169
282.478622
96.302772
341.168131
255.130949
49.200291
213.501514
83.622333
332.134837
240.717887
177.825285
69.228091
268.593375
283.993807
81.977632
340.193666
289.116916
269.293306
117.059212
218.716904
305.983119
328.300189
111.402652
33.897356
298.325117
423.532201
293.643894
89.250757
100.579884
200.865548
325.299320
129.548183
178.086550
256.621821
237.510585
321.133772
222.632711
426.550583
199.974379
267.720656
307.940207
308.204931
197.342257
279.622225
198.154056
284.994299
267.850092
330.952920
140.948210
142.552463
302.361644
193.415499
232.170218
324.494295
256.988569
364.528112
260.925133
232.645354
100.941653
120.991162
130.821537
298.207040
258.023726
308.898973
214.151309
164.384878
146.262446
233.109930
177.113713
358.303866
299.284511
215.171844
205.266582
266.074992
318.177584
317.542636
217.544963
312.604610
247.951496
304.439238
364.901892
275.076484
173.141819
458.618679
313.030729
272.892823
224.897203
214.753151
295.088549
404.777415
346.077185
243.649821
71.109577
217.538143
174.633501
230.481290
167.034377
145.084155
469.027746
297.872891
169.726313
347.708365
184.887610
257.324672
310.896327
306.151779
101.250000
160.389239
292.481592
301.264946
279.228836
201.545031
234.604392
305.281438
217.070237
313.858281
291.469123
227.167027
200.819861
171.142562
228.888236
412.587843
321.920361
88.972864
324.038837
340.152718
220.339825
311.086186
407.271360
69.866041
221.110015
230.298723
431.194385
281.800175
254.212733
65.640710
326.629940
203.503423
176.817029
287.695465
314.296791
265.611095
367.161384
261.883069
345.663910
260.772965
464.174090
204.988939
304.605988
254.445403
272.819910
280.759359
294.209747
115.644394
341.621416
286.130952
289.872835
298.389574
179.556815
286.719743
247.536561
209.375344
299.384330
166.248216
290.566731
436.224909
148.789868
253.968462
240.353386
341.177655
207.252771
237.338570
338.527299
276.057113
173.565898
392.897281
305.788990
132.997347
389.725493
352.734610
280.188681
384.992728
331.344319
223.094737
123.777044
272.791657
235.338447
178.735030
255.855342
209.996416
227.954670
251.726265
352.826314
215.438611
213.606373
255.270509
160.299711
180.000000
256.842766
193.157541
241.927045
252.872637
371.390286
168.006924
235.940202
308.472697
247.902815
265.408185
142.537705
201.231074
241.369908
252.726328
263.385972
140.669587
286.045002
235.239890
263.487428
131.944456
235.260978
267.768902
215.910467
84.025631
278.521831
262.449894
276.037366
141.487212
150.482538
285.407147
228.484351
265.499353
195.870051
172.039139
112.524823
136.296774
131.347517
158.536253
255.443475
228.122158
318.924288
79.912246
134.385320
128.224684
214.023134
142.737729
84.638158
94.317830
447.205071
137.059682
167.748285
260.740859
47.503233
184.451868
207.824431
203.732792
401.242175
87.847098
78.273810
111.815545
243.243862
323.244201
176.979847
144.823462
360.870709
109.397732
116.310791
263.506823
279.731682
324.733617
332.048516
120.618993
150.290716
109.619505
151.227130
150.264056
151.880727
298.608966
199.581852
199.432363
293.298622
308.572156
177.177297
145.397510
334.381030
284.557340
371.932158
173.830340
238.077045
265.226987
328.745902
190.435078
196.428571
150.972743
224.526717
112.671357
224.223593
319.059686
162.178419
111.042934
333.923754
178.741552
321.780852
431.338531
162.738095
261.715949
280.366991
209.443321
225.735481
333.468184
192.455578
278.833161
264.259408
300.337241
227.036027
279.753610
268.522369
231.997216
322.159805
263.165138
243.294355
315.481566
302.472334
309.942197
380.918416
279.144509
369.019386
276.928816
249.466563
202.572049
307.170600
193.832093
188.470529
332.414597
261.222225
319.098466
261.701512
154.934837
309.496654
329.598622
300.537090
288.493945
228.908148
124.690927
265.811400
303.261634
283.564355
291.300008
159.030832
289.496480
311.910922
494.312722
366.380812
114.827589
226.761424
233.329607
335.805539
256.224814
283.535183
312.101138
330.938331
291.079726
309.546346
237.423073
325.001653
292.304183
273.597536
237.486145
416.061735
316.074953
276.980646
476.699396
253.604764
151.760541
262.564650
336.638124
283.901882
377.096574
303.788726
241.114469
304.413256
124.463156
197.150996
243.691922
230.026571
271.950086
295.276844
307.292122
173.428534
337.463863
249.252075
236.418349
245.249595
190.468061
275.243419
229.965548
287.874479
346.486105
290.632698
244.295895
344.676717
180.517428
186.582337
358.980330
438.241051
412.992870
86.999667
257.101597
380.815062
338.192557
369.362783
91.316567
184.152549
263.132022
315.841815
357.918525
271.591072
373.546371
237.911347
257.841829
229.341421
293.768059
289.579058
349.498991
347.064339
271.768826
204.634694
149.158270
195.018557
209.041265
385.157461
312.558441
237.125076
414.151125
247.446143
144.641704
426.367990
135.069608
253.841157
186.455660
350.689246
277.571274
253.500262
406.813822
332.771297
139.729788
151.939460
193.574070
270.329846
242.490981
163.494187
473.652813
465.887597
286.863136
112.369696
436.641510
230.736162
211.674110
209.829884
297.311914
243.716667
204.025216
154.577922
341.550084
291.830830
298.165381
292.979243
311.063438
89.127520
226.174306
256.332620
295.747630
334.329528
271.557050
136.949800
98.779762
345.139978
435.467359
331.548514
215.178191
464.731021
363.720278
181.798742
151.913686
258.963506
306.327352
227.600873
277.371110
119.227555
183.918263
250.852281
243.336088
235.489449
299.942783
146.187502
224.774953
103.217121
84.646479
240.073986
124.848605
37.500000
334.693659
404.002707
401.041600
229.981634
256.385064
238.049884
132.044666
206.435681
246.205839
238.842995
222.524732
326.344716
596.436753
351.156677
286.357868
114.991802
155.070419
225.590224
172.901398
137.085372
360.123039
186.864617
190.375000
223.603917
108.214228
266.293219
250.289467
345.270209
169.202048
254.622618
276.568510
325.517663
338.361400
310.424684
272.833927
209.156137
231.125727
211.695239
382.818678
277.985048
235.183506
240.529348
210.631751
413.832043
276.712373
190.269222
303.560086
228.835186
133.547278
192.038690
276.816516
188.415472
367.070525
281.814990
333.519828
336.550453
218.993690
214.412541
390.600549
318.296243
243.973282
220.058677
226.911997
250.058901
277.886934
228.562989
251.176591
246.321996
289.988839
282.112500
331.457934
453.273476
321.231897
268.536362
369.854756
245.171093
252.743741
267.575880
291.106536
107.500000
257.850161
241.872224
247.410051
327.058375
287.253936
236.979456
426.334015
330.719836
305.980663
272.166649
341.209807
354.200740
210.364295
113.566088
269.893359
323.278736
281.817683
373.851021
222.964286
248.176318
212.556870
301.041916
332.556045
264.028487
372.090916
249.311781
128.396726
141.400876
189.541153
290.325997
379.000890
218.229913
277.686263
192.572453
150.740342
254.535819
208.431676
298.695697
302.593857
258.391651
195.861207
315.313962
303.356226
335.561126
197.122338
98.265059
217.771587
348.829701
424.279727
259.968868
137.460845
214.128188
109.350176
361.815463
218.032919
403.073245
256.843045
278.191813
369.242666
290.522764
286.992981
266.681693
369.512758
352.207488
278.556560
109.653183
281.414574
326.419582
262.571333
175.650191
276.110717
183.495038
253.866212
285.297598
300.771154
522.119940
200.062544
308.450028
257.635312
370.561094
383.155523
253.234423
218.043073
345.980900
171.872056
278.326011
71.296868
242.020513
187.820554
101.787649
127.572643
372.498944
310.550984
282.513254
178.974496
222.789872
82.656441
272.853064
338.893733
253.157432
92.185506
211.542441
198.751736
371.836764
39.724272
173.784829
158.355396
103.043494
138.655708
190.713408
233.669951
120.833333
