 Net to Gross(fraction)

  PLANE       1

           I=   0           1           2           3           
  J=   0   	1           1           1           0           
  J=   1   	1           1           1           1           
  J=   2   	1           1           1           1           
  J=   3   	1           1           1           1           

  PLANE       2

           I=   0           1           2           3           
  J=   0   	1           1           1           1           
  J=   1   	1           1           1           1           
  J=   2   	1           1           1           1           
  J=   3   	1           1           1           1           

  PLANE       3

           I=   0           1           2           3           
  J=   0   	1           1           1           1           
  J=   1   	1           1           1           1           
  J=   2   	1           1           1           1           
  J=   3   	1           1           1           1           

  PLANE       4

           I=   0           1           2           3           
  J=   0   	1           1           1           1           
  J=   1   	1           1           1           1           
  J=   2   	1           1           1           1           
  J=   3   	1           1           1           1           

  PLANE       5

           I=   0           1           2           3           
  J=   0   	1           1           1           1           
  J=   1   	1           1           1           1           
  J=   2   	1           1           1           1           
  J=   3   	1           1           1           1           

 Block bulk volumes(ft3)

  PLANE       1

           I=   0           1           2           3           
  J=   0   	525         1050        2100        0           
  J=   1   	1050        2100        4200        6300        
  J=   2   	2100        4200        8400        12600       
  J=   3   	3150        6300        12600       18900       

  PLANE       2

           I=   0           1           2           3           
  J=   0   	125         250         500         750         
  J=   1   	250         500         1000        1500        
  J=   2   	500         1000        2000        3000        
  J=   3   	750         1500        3000        4500        

  PLANE       3

           I=   0           1           2           3           
  J=   0   	75          150         300         450         
  J=   1   	150         300         600         900         
  J=   2   	300         600         1200        1800        
  J=   3   	450         900         1800        2700        

  PLANE       4

           I=   0           1           2           3           
  J=   0   	125         250         500         750         
  J=   1   	250         500         1000        1500        
  J=   2   	500         1000        2000        3000        
  J=   3   	750         1500        3000        4500        

  PLANE       5

           I=   0           1           2           3           
  J=   0   	525         1050        2100        3150        
  J=   1   	1050        2100        4200        6300        
  J=   2   	2100        4200        8400        12600       
  J=   3   	3150        6300        12600       18900       

 Pseudo CPG DX lengths (FEET)

  PLANE       1

           I=   0           1           2           3           
  J=   0   	5           10          20          30          
  J=   1   	5           10          20          30          
  J=   2   	5           10          20          30          
  J=   3   	5           10          20          30          

  PLANE       2

           I=   0           1           2           3           
  J=   0   	5           10          20          30          
  J=   1   	5           10          20          30          
  J=   2   	5           10          20          30          
  J=   3   	5           10          20          30          

  PLANE       3

           I=   0           1           2           3           
  J=   0   	5           10          20          30          
  J=   1   	5           10          20          30          
  J=   2   	5           10          20          30          
  J=   3   	5           10          20          30          

  PLANE       4

           I=   0           1           2           3           
  J=   0   	5           10          20          30          
  J=   1   	5           10          20          30          
  J=   2   	5           10          20          30          
  J=   3   	5           10          20          30          

  PLANE       5

           I=   0           1           2           3           
  J=   0   	5           10          20          30          
  J=   1   	5           10          20          30          
  J=   2   	5           10          20          30          
  J=   3   	5           10          20          30          

 Pseudo CPG DY lengths (FEET)

  PLANE       1

           I=   0           1           2           3           
  J=   0   	5           5           5           5           
  J=   1   	10          10          10          10          
  J=   2   	20          20          20          20          
  J=   3   	30          30          30          30          

  PLANE       2

           I=   0           1           2           3           
  J=   0   	5           5           5           5           
  J=   1   	10          10          10          10          
  J=   2   	20          20          20          20          
  J=   3   	30          30          30          30          

  PLANE       3

           I=   0           1           2           3           
  J=   0   	5           5           5           5           
  J=   1   	10          10          10          10          
  J=   2   	20          20          20          20          
  J=   3   	30          30          30          30          

  PLANE       4

           I=   0           1           2           3           
  J=   0   	5           5           5           5           
  J=   1   	10          10          10          10          
  J=   2   	20          20          20          20          
  J=   3   	30          30          30          30          

  PLANE       5

           I=   0           1           2           3           
  J=   0   	5           5           5           5           
  J=   1   	10          10          10          10          
  J=   2   	20          20          20          20          
  J=   3   	30          30          30          30          

 Pseudo CPG DZ lengths (FEET)

  PLANE       1

           I=   0           1           2           3           
  J=   0   	21          21          21          21          
  J=   1   	21          21          21          21          
  J=   2   	21          21          21          21          
  J=   3   	21          21          21          21          

  PLANE       2

           I=   0           1           2           3           
  J=   0   	5           5           5           5           
  J=   1   	5           5           5           5           
  J=   2   	5           5           5           5           
  J=   3   	5           5           5           5           

  PLANE       3

           I=   0           1           2           3           
  J=   0   	3           3           3           3           
  J=   1   	3           3           3           3           
  J=   2   	3           3           3           3           
  J=   3   	3           3           3           3           

  PLANE       4

           I=   0           1           2           3           
  J=   0   	5           5           5           5           
  J=   1   	5           5           5           5           
  J=   2   	5           5           5           5           
  J=   3   	5           5           5           5           

  PLANE       5

           I=   0           1           2           3           
  J=   0   	21          21          21          21          
  J=   1   	21          21          21          21          
  J=   2   	21          21          21          21          
  J=   3   	21          21          21          21          

 Pseudo CPG DNETP lengths (FEET)

  PLANE       1

           I=   0           1           2           3           
  J=   0   	21          21          21          0           
  J=   1   	21          21          21          21          
  J=   2   	21          21          21          21          
  J=   3   	21          21          21          21          

  PLANE       2

           I=   0           1           2           3           
  J=   0   	5           5           5           5           
  J=   1   	5           5           5           5           
  J=   2   	5           5           5           5           
  J=   3   	5           5           5           5           

  PLANE       3

           I=   0           1           2           3           
  J=   0   	3           3           3           3           
  J=   1   	3           3           3           3           
  J=   2   	3           3           3           3           
  J=   3   	3           3           3           3           

  PLANE       4

           I=   0           1           2           3           
  J=   0   	5           5           5           5           
  J=   1   	5           5           5           5           
  J=   2   	5           5           5           5           
  J=   3   	5           5           5           5           

  PLANE       5

           I=   0           1           2           3           
  J=   0   	21          21          21          21          
  J=   1   	21          21          21          21          
  J=   2   	21          21          21          21          
  J=   3   	21          21          21          21          

 DEPTHS TO GRIDBLOCK CENTERS (FEET)

  PLANE       1

           I=   0           1           2           3           
  J=   0   	435.5       435.5       435.5       435.5       
  J=   1   	435.5       435.5       435.5       435.5       
  J=   2   	435.5       435.5       435.5       435.5       
  J=   3   	435.5       435.5       435.5       435.5       

  PLANE       2

           I=   0           1           2           3           
  J=   0   	448.5       448.5       448.5       448.5       
  J=   1   	448.5       448.5       448.5       448.5       
  J=   2   	448.5       448.5       448.5       448.5       
  J=   3   	448.5       448.5       448.5       448.5       

  PLANE       3

           I=   0           1           2           3           
  J=   0   	452.5       452.5       452.5       452.5       
  J=   1   	452.5       452.5       452.5       452.5       
  J=   2   	452.5       452.5       452.5       452.5       
  J=   3   	452.5       452.5       452.5       452.5       

  PLANE       4

           I=   0           1           2           3           
  J=   0   	456.5       456.5       456.5       456.5       
  J=   1   	456.5       456.5       456.5       456.5       
  J=   2   	456.5       456.5       456.5       456.5       
  J=   3   	456.5       456.5       456.5       456.5       

  PLANE       5

           I=   0           1           2           3           
  J=   0   	469.5       469.5       469.5       469.5       
  J=   1   	469.5       469.5       469.5       469.5       
  J=   2   	469.5       469.5       469.5       469.5       
  J=   3   	469.5       469.5       469.5       469.5       

 Active blocks(1=act,-1=inact)

  PLANE       1

           I=   0           1           2           3           
  J=   0   	1           1           1           -1          
  J=   1   	1           1           1           1           
  J=   2   	1           1           1           1           
  J=   3   	1           1           1           1           

  PLANE       2

           I=   0           1           2           3           
  J=   0   	1           1           1           1           
  J=   1   	1           1           1           1           
  J=   2   	1           1           1           1           
  J=   3   	1           1           1           1           

  PLANE       3

           I=   0           1           2           3           
  J=   0   	1           1           1           1           
  J=   1   	1           1           1           1           
  J=   2   	1           1           1           1           
  J=   3   	1           1           1           1           

  PLANE       4

           I=   0           1           2           3           
  J=   0   	1           1           1           1           
  J=   1   	1           1           1           1           
  J=   2   	1           1           1           1           
  J=   3   	1           1           1           1           

  PLANE       5

           I=   0           1           2           3           
  J=   0   	1           1           1           1           
  J=   1   	1           1           1           1           
  J=   2   	1           1           1           1           
  J=   3   	1           1           1           1           
     List of transmissibilities calculated by TAURUS cpglib
     ------------------------------------------------------

      conn      blocks connected   direction     Transm
      number      idf1   idf2        iccdir  
(CUFT/DAY)*CP/PSI)
    ------------------------------------------------------
0         1         0         1         	1.94902e+002
1         2         1         1         	9.74512e+001
2         5         4         1         	3.89805e+002
3         6         5         1         	1.94902e+002
4         7         6         1         	1.16941e+002
5         9         8         1         	7.79610e+002
6         10        9         1         	3.89805e+002
7         11        10        1         	2.33883e+002
8         13        12        1         	1.16941e+003
9         14        13        1         	5.84707e+002
10        15        14        1         	3.50824e+002
11        17        16        1         	4.64053e+001
12        18        17        1         	2.32027e+001
13        19        18        1         	1.39216e+001
14        21        20        1         	9.28107e+001
15        22        21        1         	4.64053e+001
16        23        22        1         	2.78432e+001
17        25        24        1         	1.85621e+002
18        26        25        1         	9.28107e+001
19        27        26        1         	5.56864e+001
20        29        28        1         	2.78432e+002
21        30        29        1         	1.39216e+002
22        31        30        1         	8.35296e+001
23        33        32        1         	2.78432e+001
24        34        33        1         	1.39216e+001
25        35        34        1         	8.35296e+000
26        37        36        1         	5.56864e+001
27        38        37        1         	2.78432e+001
28        39        38        1         	1.67059e+001
29        41        40        1         	1.11373e+002
30        42        41        1         	5.56864e+001
31        43        42        1         	3.34118e+001
32        45        44        1         	1.67059e+002
33        46        45        1         	8.35296e+001
34        47        46        1         	5.01178e+001
35        49        48        1         	4.64053e+001
36        50        49        1         	2.32027e+001
37        51        50        1         	1.39216e+001
38        53        52        1         	9.28107e+001
39        54        53        1         	4.64053e+001
40        55        54        1         	2.78432e+001
41        57        56        1         	1.85621e+002
42        58        57        1         	9.28107e+001
43        59        58        1         	5.56864e+001
44        61        60        1         	2.78432e+002
45        62        61        1         	1.39216e+002
46        63        62        1         	8.35296e+001
47        65        64        1         	1.94902e+002
48        66        65        1         	9.74512e+001
49        67        66        1         	5.84707e+001
50        69        68        1         	3.89805e+002
51        70        69        1         	1.94902e+002
52        71        70        1         	1.16941e+002
53        73        72        1         	7.79610e+002
54        74        73        1         	3.89805e+002
55        75        74        1         	2.33883e+002
56        77        76        1         	1.16941e+003
57        78        77        1         	5.84707e+002
58        79        78        1         	3.50824e+002
59        4         0         2         	1.94902e+002
60        5         1         2         	3.89805e+002
61        6         2         2         	7.79610e+002
62        8         4         2         	9.74512e+001
63        9         5         2         	1.94902e+002
64        10        6         2         	3.89805e+002
65        11        7         2         	5.84707e+002
66        12        8         2         	5.84707e+001
67        13        9         2         	1.16941e+002
68        14        10        2         	2.33883e+002
69        15        11        2         	3.50824e+002
70        20        16        2         	4.64053e+001
71        21        17        2         	9.28107e+001
72        22        18        2         	1.85621e+002
73        23        19        2         	2.78432e+002
74        24        20        2         	2.32027e+001
75        25        21        2         	4.64053e+001
76        26        22        2         	9.28107e+001
77        27        23        2         	1.39216e+002
78        28        24        2         	1.39216e+001
79        29        25        2         	2.78432e+001
80        30        26        2         	5.56864e+001
81        31        27        2         	8.35296e+001
82        36        32        2         	2.78432e+001
83        37        33        2         	5.56864e+001
84        38        34        2         	1.11373e+002
85        39        35        2         	1.67059e+002
86        40        36        2         	1.39216e+001
87        41        37        2         	2.78432e+001
88        42        38        2         	5.56864e+001
89        43        39        2         	8.35296e+001
90        44        40        2         	8.35296e+000
91        45        41        2         	1.67059e+001
92        46        42        2         	3.34118e+001
93        47        43        2         	5.01178e+001
94        52        48        2         	4.64053e+001
95        53        49        2         	9.28107e+001
96        54        50        2         	1.85621e+002
97        55        51        2         	2.78432e+002
98        56        52        2         	2.32027e+001
99        57        53        2         	4.64053e+001
100       58        54        2         	9.28107e+001
101       59        55        2         	1.39216e+002
102       60        56        2         	1.39216e+001
103       61        57        2         	2.78432e+001
104       62        58        2         	5.56864e+001
105       63        59        2         	8.35296e+001
106       68        64        2         	1.94902e+002
107       69        65        2         	3.89805e+002
108       70        66        2         	7.79610e+002
109       71        67        2         	1.16941e+003
110       72        68        2         	9.74512e+001
111       73        69        2         	1.94902e+002
112       74        70        2         	3.89805e+002
113       75        71        2         	5.84707e+002
114       76        72        2         	5.84707e+001
115       77        73        2         	1.16941e+002
116       78        74        2         	2.33883e+002
117       79        75        2         	3.50824e+002
118       16        0         3         	2.67723e+001
119       17        1         3         	5.35446e+001
120       18        2         3         	1.07089e+002
121       20        4         3         	5.35446e+001
122       21        5         3         	1.07089e+002
123       22        6         3         	2.14178e+002
124       23        7         3         	3.21268e+002
125       24        8         3         	1.07089e+002
126       25        9         3         	2.14178e+002
127       26        10        3         	4.28357e+002
128       27        11        3         	6.42535e+002
129       28        12        3         	1.60634e+002
130       29        13        3         	3.21268e+002
131       30        14        3         	6.42535e+002
132       31        15        3         	9.63803e+002
133       32        16        3         	8.70100e+001
134       33        17        3         	1.74020e+002
135       34        18        3         	3.48040e+002
136       35        19        3         	5.22060e+002
137       36        20        3         	1.74020e+002
138       37        21        3         	3.48040e+002
139       38        22        3         	6.96080e+002
140       39        23        3         	1.04412e+003
141       40        24        3         	3.48040e+002
142       41        25        3         	6.96080e+002
143       42        26        3         	1.39216e+003
144       43        27        3         	2.08824e+003
145       44        28        3         	5.22060e+002
146       45        29        3         	1.04412e+003
147       46        30        3         	2.08824e+003
148       47        31        3         	3.13236e+003
149       48        32        3         	8.70100e+001
150       49        33        3         	1.74020e+002
151       50        34        3         	3.48040e+002
152       51        35        3         	5.22060e+002
153       52        36        3         	1.74020e+002
154       53        37        3         	3.48040e+002
155       54        38        3         	6.96080e+002
156       55        39        3         	1.04412e+003
157       56        40        3         	3.48040e+002
158       57        41        3         	6.96080e+002
159       58        42        3         	1.39216e+003
160       59        43        3         	2.08824e+003
161       60        44        3         	5.22060e+002
162       61        45        3         	1.04412e+003
163       62        46        3         	2.08824e+003
164       63        47        3         	3.13236e+003
165       64        48        3         	2.67723e+001
166       65        49        3         	5.35446e+001
167       66        50        3         	1.07089e+002
168       67        51        3         	1.60634e+002
169       68        52        3         	5.35446e+001
170       69        53        3         	1.07089e+002
171       70        54        3         	2.14178e+002
172       71        55        3         	3.21268e+002
173       72        56        3         	1.07089e+002
174       73        57        3         	2.14178e+002
175       74        58        3         	4.28357e+002
176       75        59        3         	6.42535e+002
177       76        60        3         	1.60634e+002
178       77        61        3         	3.21268e+002
179       78        62        3         	6.42535e+002
180       79        63        3         	9.63803e+002
