125.000000
125.000000
125.000000
171.875000
177.083333
125.000000
156.250000
125.000000
125.000000
177.083333
187.500000
203.125000
171.875000
125.000000
125.000000
125.000000
125.000000
125.000000
156.250000
125.000000
187.500000
187.500000
125.000000
171.875000
203.125000
171.875000
125.000000
187.500000
187.500000
125.000000
156.250000
125.000000
125.000000
177.083333
171.875000
125.000000
156.250000
125.000000
156.250000
125.000000
156.250000
125.000000
156.250000
125.000000
171.875000
187.500000
187.500000
171.875000
125.000000
156.250000
125.000000
125.000000
125.000000
187.500000
187.500000
125.000000
177.083333
187.500000
177.083333
125.000000
156.250000
125.000000
156.250000
125.000000
125.000000
125.000000
187.500000
208.333333
156.250000
250.000000
156.250000
156.250000
125.000000
187.500000
289.062500
414.062500
302.083333
312.500000
302.083333
208.333333
260.416667
278.645833
398.437500
328.125000
187.500000
218.750000
278.645833
273.437500
187.500000
281.250000
239.583333
278.645833
296.875000
171.875000
125.000000
247.395833
356.770833
203.125000
156.250000
244.791667
361.979167
242.187500
171.875000
390.625000
416.666667
289.062500
380.208333
390.625000
302.083333
125.000000
281.250000
296.875000
187.500000
239.583333
307.291667
335.937500
424.479167
375.000000
218.750000
177.083333
250.000000
218.750000
281.250000
187.500000
156.250000
218.750000
494.791667
619.791667
223.958333
367.187500
476.562500
307.291667
333.333333
505.208333
208.333333
208.333333
377.604167
304.687500
281.250000
442.708333
250.000000
450.520833
187.500000
187.500000
286.458333
294.270833
309.895833
255.208333
223.958333
125.000000
203.125000
273.437500
429.687500
458.333333
393.229167
414.062500
255.208333
419.270833
294.270833
359.375000
427.083333
203.125000
265.625000
335.937500
171.875000
286.458333
208.333333
250.000000
309.895833
309.895833
416.666667
125.000000
171.875000
223.958333
260.416667
218.750000
234.375000
375.000000
406.250000
304.687500
377.604167
177.083333
218.750000
281.250000
442.708333
296.875000
234.375000
395.833333
250.000000
156.250000
218.750000
156.250000
187.500000
296.875000
333.333333
250.000000
239.583333
187.500000
333.333333
177.083333
125.000000
208.333333
281.250000
533.854167
309.895833
302.083333
273.437500
375.000000
335.937500
270.833333
372.395833
466.145833
367.187500
250.000000
239.583333
187.500000
239.583333
218.750000
208.333333
156.250000
302.083333
255.208333
242.187500
171.875000
203.125000
156.250000
125.000000
187.500000
125.000000
296.875000
203.125000
203.125000
250.000000
218.750000
453.125000
187.500000
177.083333
309.895833
218.750000
125.000000
187.500000
250.000000
416.666667
315.104167
312.500000
250.000000
250.000000
218.750000
421.875000
333.333333
302.083333
302.083333
218.750000
125.000000
203.125000
203.125000
187.500000
218.750000
307.291667
234.375000
304.687500
348.958333
177.083333
187.500000
531.250000
466.145833
250.000000
187.500000
125.000000
218.750000
307.291667
320.312500
307.291667
281.250000
312.500000
250.000000
187.500000
218.750000
270.833333
265.625000
250.000000
442.708333
234.375000
125.000000
273.437500
218.750000
302.083333
187.500000
218.750000
203.125000
296.875000
416.666667
328.125000
312.500000
395.833333
125.000000
177.083333
333.333333
375.000000
343.750000
335.937500
367.187500
302.083333
289.062500
218.750000
234.375000
218.750000
250.000000
234.375000
203.125000
187.500000
403.645833
466.145833
218.750000
187.500000
218.750000
255.208333
302.083333
369.791667
510.416667
187.500000
125.000000
338.541667
364.583333
398.437500
250.000000
296.875000
335.937500
125.000000
218.750000
218.750000
187.500000
354.166667
255.208333
333.333333
171.875000
312.500000
296.875000
218.750000
289.062500
171.875000
278.645833
257.812500
289.062500
398.437500
302.083333
171.875000
307.291667
377.604167
187.500000
177.083333
333.333333
289.062500
218.750000
328.125000
265.625000
328.125000
312.500000
278.645833
507.812500
250.000000
208.333333
309.895833
450.520833
398.437500
479.166667
424.479167
289.062500
171.875000
203.125000
203.125000
218.750000
171.875000
289.062500
223.958333
328.125000
203.125000
239.583333
398.437500
372.395833
372.395833
125.000000
171.875000
317.708333
348.958333
322.916667
390.625000
375.000000
328.125000
312.500000
302.083333
265.625000
309.895833
294.270833
395.833333
187.500000
187.500000
304.687500
250.000000
377.604167
309.895833
270.833333
341.145833
177.083333
125.000000
218.750000
416.666667
307.291667
250.000000
218.750000
187.500000
575.520833
460.937500
250.000000
218.750000
223.958333
218.750000
203.125000
234.375000
533.854167
427.083333
218.750000
171.875000
218.750000
203.125000
375.000000
346.354167
361.979167
265.625000
333.333333
369.791667
171.875000
171.875000
406.250000
218.750000
281.250000
375.000000
421.875000
265.625000
218.750000
234.375000
309.895833
398.437500
234.375000
273.437500
125.000000
278.645833
218.750000
265.625000
343.750000
625.000000
296.875000
328.125000
171.875000
273.437500
203.125000
278.645833
440.104167
250.000000
333.333333
250.000000
218.750000
125.000000
218.750000
328.125000
234.375000
260.416667
250.000000
281.250000
372.395833
382.812500
203.125000
218.750000
424.479167
265.625000
494.791667
388.020833
304.687500
234.375000
419.270833
289.062500
250.000000
294.270833
395.833333
223.958333
234.375000
250.000000
156.250000
187.500000
218.750000
218.750000
309.895833
343.750000
401.041667
427.083333
312.500000
526.041667
234.375000
304.687500
309.895833
442.708333
302.083333
250.000000
343.750000
385.416667
255.208333
250.000000
203.125000
177.083333
208.333333
395.833333
234.375000
187.500000
125.000000
125.000000
265.625000
234.375000
250.000000
375.000000
333.333333
317.708333
575.520833
309.895833
294.270833
304.687500
312.500000
317.708333
414.062500
302.083333
125.000000
218.750000
296.875000
281.250000
250.000000
187.500000
257.812500
333.333333
255.208333
270.833333
234.375000
218.750000
125.000000
156.250000
406.250000
208.333333
156.250000
125.000000
125.000000
125.000000
171.875000
328.125000
250.000000
367.187500
239.583333
307.291667
255.208333
328.125000
359.375000
286.458333
250.000000
302.083333
218.750000
234.375000
208.333333
250.000000
307.291667
218.750000
171.875000
302.083333
187.500000
125.000000
208.333333
403.645833
369.791667
242.187500
125.000000
125.000000
156.250000
354.166667
369.791667
223.958333
234.375000
250.000000
333.333333
375.000000
278.645833
309.895833
312.500000
312.500000
375.000000
390.625000
177.083333
203.125000
466.145833
367.187500
255.208333
427.083333
281.250000
302.083333
234.375000
239.583333
309.895833
247.395833
187.500000
427.083333
255.208333
187.500000
125.000000
125.000000
367.187500
375.000000
260.416667
307.291667
250.000000
312.500000
171.875000
187.500000
125.000000
223.958333
281.250000
281.250000
255.208333
250.000000
250.000000
302.083333
468.750000
223.958333
234.375000
239.583333
223.958333
322.916667
255.208333
317.708333
250.000000
156.250000
156.250000
468.750000
421.875000
234.375000
291.666667
255.208333
203.125000
156.250000
187.500000
218.750000
309.895833
359.375000
289.062500
265.625000
338.541667
393.229167
442.708333
372.395833
367.187500
309.895833
328.125000
234.375000
531.250000
388.020833
364.583333
304.687500
218.750000
125.000000
125.000000
278.645833
377.604167
203.125000
187.500000
171.875000
307.291667
234.375000
203.125000
250.000000
296.875000
348.958333
187.500000
156.250000
171.875000
401.041667
390.625000
437.500000
505.208333
414.062500
309.895833
255.208333
343.750000
348.958333
218.750000
265.625000
333.333333
171.875000
171.875000
322.916667
250.000000
497.395833
289.062500
156.250000
218.750000
239.583333
218.750000
234.375000
385.416667
296.875000
203.125000
375.000000
414.062500
388.020833
250.000000
281.250000
250.000000
218.750000
398.437500
380.208333
309.895833
320.312500
218.750000
171.875000
171.875000
250.000000
250.000000
234.375000
177.083333
177.083333
309.895833
234.375000
203.125000
312.500000
328.125000
218.750000
401.041667
367.187500
281.250000
250.000000
218.750000
401.041667
401.041667
369.791667
359.375000
304.687500
309.895833
156.250000
156.250000
250.000000
372.395833
125.000000
125.000000
278.645833
364.583333
369.791667
325.520833
250.000000
309.895833
307.291667
398.437500
367.187500
414.062500
505.208333
257.812500
187.500000
322.916667
354.166667
250.000000
307.291667
276.041667
411.458333
309.895833
367.187500
250.000000
276.041667
125.000000
125.000000
273.437500
304.687500
401.041667
156.250000
156.250000
309.895833
406.250000
203.125000
234.375000
380.208333
203.125000
463.541667
468.005952
218.750000
125.000000
359.375000
421.875000
333.333333
372.395833
309.895833
309.895833
482.142857
270.833333
403.645833
289.062500
187.500000
307.291667
156.250000
187.500000
250.000000
239.583333
278.645833
125.000000
125.000000
218.750000
531.250000
296.875000
203.125000
278.645833
281.250000
187.500000
265.625000
270.833333
333.333333
333.333333
317.708333
429.687500
234.375000
239.583333
351.190476
291.666667
187.500000
255.208333
223.958333
156.250000
304.687500
203.125000
263.020833
367.187500
156.250000
171.875000
367.187500
460.937500
218.750000
125.000000
281.250000
312.500000
413.690476
312.500000
375.000000
343.750000
281.250000
343.750000
367.187500
382.812500
294.270833
444.940476
239.583333
328.125000
171.875000
125.000000
218.750000
263.020833
234.375000
255.208333
208.333333
125.000000
177.083333
315.104167
250.000000
354.166667
302.083333
278.645833
372.395833
404.761905
239.583333
218.750000
395.833333
250.000000
289.062500
187.500000
234.375000
250.000000
382.812500
177.083333
208.333333
617.559524
281.250000
281.250000
348.958333
171.875000
187.500000
302.083333
304.687500
302.083333
369.791667
187.500000
125.000000
125.000000
276.041667
328.125000
304.687500
218.750000
307.291667
458.333333
187.500000
312.500000
312.500000
250.000000
328.125000
250.000000
375.000000
539.062500
296.875000
294.270833
460.937500
291.666667
203.125000
187.500000
372.395833
250.000000
250.000000
255.208333
203.125000
125.000000
125.000000
187.500000
388.020833
322.916667
250.000000
468.750000
333.333333
312.500000
218.750000
187.500000
354.166667
294.270833
187.500000
234.375000
218.750000
234.375000
229.166667
343.750000
328.125000
546.875000
364.583333
208.333333
177.083333
309.895833
335.937500
270.833333
234.375000
171.875000
125.000000
208.333333
403.645833
304.687500
304.687500
309.895833
364.583333
312.500000
250.000000
281.250000
304.687500
276.041667
218.750000
218.750000
125.000000
265.625000
432.291667
343.750000
203.125000
302.083333
281.250000
234.375000
250.000000
309.895833
171.875000
278.645833
364.583333
328.125000
218.750000
171.875000
156.250000
333.333333
312.500000
453.125000
250.000000
218.750000
390.625000
359.375000
343.750000
328.125000
234.375000
187.500000
302.083333
250.000000
171.875000
208.333333
239.583333
203.125000
291.666667
171.875000
411.458333
476.562500
375.000000
307.291667
218.750000
536.458333
218.750000
125.000000
125.000000
278.645833
518.229167
416.666667
359.375000
234.375000
375.000000
218.750000
312.500000
421.875000
429.687500
239.583333
286.458333
307.291667
171.875000
218.750000
307.291667
203.125000
492.187500
364.583333
364.583333
302.083333
125.000000
273.437500
468.750000
359.375000
171.875000
177.083333
375.000000
250.000000
343.750000
312.500000
203.125000
234.375000
203.125000
382.812500
341.145833
177.083333
234.375000
203.125000
156.250000
276.041667
234.375000
312.500000
476.562500
312.500000
401.041667
296.875000
223.958333
427.083333
250.000000
203.125000
171.875000
466.145833
359.375000
453.125000
312.500000
250.000000
375.000000
382.812500
187.500000
328.125000
328.125000
187.500000
203.125000
229.166667
171.875000
203.125000
218.750000
187.500000
208.333333
125.000000
338.541667
364.583333
156.250000
218.750000
401.041667
309.895833
309.895833
309.895833
304.687500
171.875000
125.000000
218.750000
625.000000
333.333333
250.000000
234.375000
307.291667
375.000000
203.125000
296.875000
390.625000
250.000000
414.062500
223.958333
302.083333
229.166667
208.333333
244.791667
312.500000
401.041667
380.208333
250.000000
427.083333
380.208333
250.000000
255.208333
250.000000
218.750000
125.000000
171.875000
388.020833
255.208333
302.083333
223.958333
307.291667
312.500000
367.187500
328.125000
250.000000
421.875000
302.083333
223.958333
203.125000
255.208333
309.895833
424.479167
291.666667
260.416667
260.416667
309.895833
348.958333
367.187500
250.000000
234.375000
171.875000
218.750000
333.333333
281.250000
489.583333
255.208333
312.500000
187.500000
177.083333
234.375000
250.000000
343.750000
328.125000
414.062500
218.750000
125.000000
177.083333
203.125000
125.000000
156.250000
208.333333
218.750000
312.500000
307.291667
250.000000
307.291667
359.375000
325.520833
250.000000
255.208333
234.375000
223.958333
171.875000
187.500000
328.125000
265.625000
364.583333
304.687500
260.416667
218.750000
177.083333
354.166667
486.979167
507.812500
312.500000
309.895833
247.395833
171.875000
203.125000
289.062500
388.020833
234.375000
187.500000
234.375000
260.416667
250.000000
250.000000
309.895833
309.895833
416.666667
343.750000
333.333333
208.333333
125.000000
125.000000
312.500000
312.500000
442.708333
218.750000
307.291667
234.375000
302.083333
250.000000
364.583333
372.395833
346.354167
187.500000
218.750000
309.895833
312.500000
372.395833
367.187500
333.333333
401.041667
427.083333
171.875000
125.000000
156.250000
234.375000
218.750000
333.333333
398.437500
171.875000
187.500000
307.291667
218.750000
218.750000
453.125000
312.500000
309.895833
447.916667
302.083333
255.208333
320.312500
289.062500
187.500000
356.770833
250.000000
447.916667
309.895833
309.895833
312.500000
218.750000
156.250000
125.000000
125.000000
187.500000
187.500000
234.375000
317.708333
203.125000
250.000000
255.208333
234.375000
289.062500
447.916667
250.000000
317.708333
171.875000
270.833333
309.895833
328.125000
309.895833
309.895833
304.687500
278.645833
375.000000
312.500000
372.395833
229.166667
289.062500
234.375000
239.583333
518.229167
250.000000
156.250000
156.250000
234.375000
307.291667
187.500000
218.750000
304.687500
361.979167
234.375000
302.083333
250.000000
307.291667
255.208333
296.875000
367.187500
312.500000
208.333333
234.375000
375.000000
445.312500
250.000000
250.000000
307.291667
203.125000
203.125000
187.500000
171.875000
276.041667
505.208333
281.250000
125.000000
125.000000
281.250000
369.791667
239.583333
208.333333
432.291667
359.375000
309.895833
312.500000
223.958333
302.083333
250.000000
309.895833
273.437500
171.875000
364.583333
294.270833
276.041667
309.895833
250.000000
218.750000
218.750000
125.000000
333.333333
294.270833
156.250000
156.250000
156.250000
247.395833
156.250000
156.250000
372.395833
273.437500
125.000000
281.250000
289.062500
309.895833
401.041667
281.250000
125.000000
218.750000
312.500000
281.250000
250.000000
312.500000
364.583333
380.208333
187.500000
263.020833
294.270833
250.000000
234.375000
177.083333
203.125000
369.791667
281.250000
125.000000
171.875000
171.875000
372.395833
312.500000
125.000000
125.000000
281.250000
265.625000
322.916667
273.437500
434.895833
375.000000
250.000000
218.750000
223.958333
401.041667
218.750000
250.000000
218.750000
125.000000
218.750000
250.000000
299.479167
309.895833
291.666667
187.500000
218.750000
250.000000
270.833333
380.208333
177.083333
171.875000
234.375000
398.437500
156.250000
171.875000
289.062500
312.500000
442.708333
250.000000
218.750000
125.000000
302.083333
309.895833
304.687500
250.000000
218.750000
250.000000
375.000000
359.375000
177.083333
203.125000
307.291667
239.583333
294.270833
250.000000
406.250000
250.000000
388.020833
307.291667
255.208333
125.000000
278.645833
442.708333
187.500000
125.000000
203.125000
250.000000
388.020833
289.062500
289.062500
304.687500
270.833333
234.375000
250.000000
223.958333
250.000000
250.000000
250.000000
250.000000
218.750000
307.291667
203.125000
203.125000
307.291667
255.208333
208.333333
187.500000
250.000000
348.958333
281.250000
299.479167
171.875000
125.000000
187.500000
372.395833
484.375000
375.000000
234.375000
223.958333
250.000000
304.687500
239.583333
218.750000
372.395833
320.312500
309.895833
309.895833
304.687500
375.000000
437.500000
369.791667
208.333333
250.000000
382.812500
187.500000
177.083333
234.375000
348.958333
203.125000
320.312500
239.583333
296.875000
377.604167
372.395833
156.250000
177.083333
250.000000
304.687500
294.270833
312.500000
265.625000
234.375000
223.958333
203.125000
203.125000
380.208333
218.750000
250.000000
171.875000
302.083333
265.625000
218.750000
187.500000
296.875000
156.250000
218.750000
270.833333
281.250000
312.500000
276.041667
125.000000
125.000000
278.645833
419.270833
343.750000
250.000000
304.687500
489.583333
304.687500
343.750000
187.500000
203.125000
421.875000
440.104167
307.291667
171.875000
171.875000
367.187500
500.000000
356.770833
177.083333
187.500000
341.145833
343.750000
458.333333
218.750000
328.125000
250.000000
291.666667
203.125000
294.270833
312.500000
156.250000
171.875000
328.125000
255.208333
343.750000
500.000000
255.208333
398.437500
309.895833
414.062500
554.687500
281.250000
302.083333
304.687500
309.895833
492.187500
302.083333
234.375000
250.000000
234.375000
302.083333
377.604167
218.750000
125.000000
218.750000
343.750000
255.208333
333.333333
507.812500
302.083333
187.500000
390.625000
466.145833
460.937500
418.526786
484.375000
388.020833
375.000000
312.500000
437.500000
359.375000
270.833333
203.125000
309.895833
278.645833
177.083333
359.375000
375.000000
250.000000
156.250000
187.500000
309.895833
442.708333
320.312500
218.750000
265.625000
619.791667
421.875000
218.750000
218.750000
328.125000
460.937500
437.500000
309.895833
270.833333
177.083333
234.375000
250.000000
304.687500
218.750000
125.000000
125.000000
296.875000
367.187500
250.000000
481.770833
375.000000
406.250000
203.125000
218.750000
333.333333
328.125000
281.250000
598.958333
424.107143
218.750000
445.312500
312.500000
507.812500
333.333333
328.125000
533.854167
234.375000
408.854167
187.500000
276.041667
234.375000
156.250000
125.000000
270.833333
304.687500
309.895833
403.645833
361.979167
289.062500
250.000000
390.625000
447.916667
239.583333
239.583333
250.000000
399.553571
218.750000
250.000000
414.062500
255.208333
333.333333
375.000000
403.645833
468.750000
343.750000
229.166667
229.166667
203.125000
125.000000
156.250000
294.270833
171.875000
171.875000
364.583333
471.354167
309.895833
322.916667
322.916667
375.000000
307.291667
286.458333
312.500000
343.750000
335.937500
406.250000
515.625000
367.187500
382.812500
302.083333
328.125000
250.000000
229.166667
171.875000
296.875000
156.250000
125.000000
218.750000
260.416667
208.333333
171.875000
187.500000
427.083333
369.791667
276.041667
203.125000
250.000000
260.416667
309.895833
414.062500
515.625000
380.208333
497.395833
406.250000
375.000000
401.041667
156.250000
281.250000
276.041667
203.125000
171.875000
270.833333
125.000000
156.250000
406.250000
203.125000
294.270833
250.000000
398.437500
442.708333
255.208333
223.958333
125.000000
218.750000
187.500000
263.020833
471.354167
302.083333
223.958333
414.062500
333.333333
208.333333
234.375000
263.020833
223.958333
348.958333
281.250000
171.875000
187.500000
309.895833
361.979167
208.333333
286.458333
171.875000
125.000000
276.041667
395.833333
307.291667
250.000000
250.000000
377.604167
330.729167
414.062500
302.083333
294.270833
455.729167
468.750000
544.270833
565.104167
278.645833
156.250000
234.375000
177.083333
177.083333
223.958333
312.500000
250.000000
250.000000
369.791667
416.666667
177.083333
156.250000
333.333333
307.291667
250.000000
250.000000
309.895833
296.875000
333.333333
583.333333
427.083333
281.250000
408.854167
177.083333
203.125000
442.708333
333.333333
367.187500
367.187500
333.333333
322.916667
239.583333
125.000000
125.000000
203.125000
234.375000
218.750000
218.750000
223.958333
218.750000
250.000000
250.000000
307.291667
187.500000
177.083333
187.500000
359.375000
390.625000
359.375000
432.291667
328.125000
367.187500
187.500000
187.500000
304.687500
372.395833
187.500000
218.750000
333.333333
343.750000
328.125000
281.250000
317.708333
187.500000
239.583333
187.500000
