KVALUES
Results of phase equilibrium constant Ki at temperature = 563.4

P(psia)  K[1]	K[2]	
      10    4020.967  0.09574348  
      20    2013.717  0.04834578  
      30    1344.656  0.03255093  
      40    1010.142  0.02465686  
      50    809.4471  0.01992315  
      60    675.6628  0.01676967  
      70    580.1124  0.01451921  
      80    508.4584  0.01283318  
      90    452.7356  0.01152347  
     100    408.1645  0.01047721  
     110     371.704  0.009622572  
     120    341.3264  0.008911687  
     130     315.628  0.008311402  
     140    293.6067  0.007798041  
     150    274.5264  0.007354242  
     160     257.836  0.006966983  
     170    243.1138  0.006626309  
     180    230.0318  0.006324476  
     190    218.3312  0.006055371  
     200    207.8046  0.005814105  
     210    198.2846  0.00559672  
     220    189.6337  0.005399978  
     230    181.7388  0.005221206  
     240    174.5056  0.005058176  
     250    167.8543  0.004909018  
     260     161.718  0.004772148  
     270    156.0395  0.00464622  
     280    150.7699  0.004530078  
     290    145.8668  0.00442273  
     300    141.2936  0.004323312  
     310    137.0185  0.004231076  
     320    133.0134  0.004145365  
     330     129.254  0.004065605  
     340    125.7186  0.003991289  
     350     122.388  0.003921968  
     360    119.2453  0.003857243  
     370     116.275  0.00379676  
     380    113.4638  0.003740204  
     390    110.7993  0.00368729  
     400    108.2706  0.003637763  
     410    105.8679  0.003591396  
     420    103.5821  0.003547981  
     430    101.4051  0.003507333  
     440    99.32956  0.003469281  
     450    97.34871  0.003433673  
     460    95.45641  0.00340037  
     470    93.64705  0.003369246  
     480    91.91546  0.003340185  
     490      90.257  0.003313082  
     500    88.66717  0.003287843  
     510    87.14202  0.003264378  
     520    85.67785  0.00324261  
     530    84.27125  0.003222465  
     540    82.91904  0.003203877  
     550    81.61829  0.003186785  
     560    80.36627  0.003171135  
     570    79.16045  0.003156875  
     580    77.99846  0.003143962  
     590    76.87812  0.003132352  
     600    75.79736  0.00312201  
     610    74.75428  0.003112902  
     620    73.74708  0.003104996  
     630    72.77408  0.003098268  
     640    71.83379  0.003092693  
     650    70.92459  0.003088251  
     660    70.04516  0.003084924  
     670     69.1942  0.003082697  
     680    68.37049  0.003081558  
     690    67.57288  0.003081499  
     700    66.80028  0.003082511  
     710    66.05167  0.00308459  
     720    65.32608  0.003087735  
     730     64.6226  0.003091946  
     740    63.94036  0.003097227  
     750    63.27856  0.003103583  
     760    62.63642  0.003111023  
     770    62.01321  0.003119558  
     780    61.40824  0.003129202  
     790    60.82085  0.003139971  
     800    60.25048  0.003151886  
     810    59.69644  0.00316497  
     820     59.1582  0.003179249  
     830    58.63524  0.003194753  
     840    58.12705  0.003211516  
     850    57.63316  0.003229577  
     860     57.1531  0.003248977  
     870    56.68645  0.003269764  
     880    56.23278  0.003291991  
     890    55.79171  0.003315717  
     900    55.36286  0.003341005  
     910    54.94588  0.00336793  
     920    54.54042  0.00339657  
     930    54.14616  0.003427014  
     940     53.7628  0.003459362  
     950    53.39005  0.003493723  
     960    53.02762  0.00353022  
     970    52.67526  0.003568991  
     980    52.33276  0.003610189  
     990    51.99979  0.003653987  
    1000    51.67617  0.003700581  
    1010    51.36168  0.00375019  
    1020    51.05612  0.003803067  
    1030    50.75931  0.003859498  
    1040    50.47105  0.003919812  
    1050    50.19118  0.003984387  
    1060    49.91954  0.004053666  
    1070    49.65598  0.004128164  
    1080    49.40036  0.004208487  
    1090    49.15254  0.004295358  
    1100     48.9124  0.004389643  
    1110    48.67984  0.004492391  
    1120    48.45474  0.004604891  
    1130      48.237  0.004728744  
    1140    48.02652  0.004865972  
    1150    47.82323  0.005019175  
    1160      47.627  0.005191757  
    1170    47.43774  0.00538828  
    1180     47.2553  0.00561501  
    1190    47.07948  0.005880795  
    1200    46.90998  0.006198474  
    1210    46.74632  0.006587068  
    1220    46.58775  0.007074533  
    1230    46.43306  0.007697851  
    1240    46.28144  0.008486242  
    1250    46.13409  0.009410247  
    1260     45.9947  0.01036365  
    1270    45.86564  0.01125444  
    1280    45.74646  0.01205542  
    1290     45.6356  0.01277359  
    1300    45.53152  0.01342331  
    1310    45.43299  0.01401768  
    1320    45.33907   0.0145671  
    1330    45.24908  0.01507945  
    1340    45.16246  0.01556081  
    1350    45.07878  0.01601589  
    1360     44.9977  0.01644838  
    1370    44.91895  0.01686123  
    1380    44.84229  0.01725684  
    1390    44.76753  0.01763716  
    1400    44.69452  0.01800382  
    1410    44.62311  0.01835817  
    1420    44.55318   0.0187014  
    1430    44.48463  0.01903449  
    1440    44.41736   0.0193583  
    1450    44.35131  0.01967358  
    1460    44.28638  0.01998098  
    1470    44.22252  0.02028107  
    1480    44.15968  0.02057437  
    1490    44.09779  0.02086133  
    1500    44.03681  0.02114235  
    1510     43.9767  0.02141781  
    1520    43.91741  0.02168802  
    1530    43.85892  0.02195329  
    1540    43.80118  0.02221389  
    1550    43.74416  0.02247007  
    1560    43.68784  0.02272205  
    1570     43.6322  0.02297005  
    1580    43.57719  0.02321424  
    1590    43.52281  0.02345482  
    1600    43.46903  0.02369194  
    1610    43.41582  0.02392575  
    1620    43.36318   0.0241564  
    1630    43.31108  0.02438401  
    1640     43.2595  0.02460871  
    1650    43.20844  0.02483061  
    1660    43.15786  0.02504982  
    1670    43.10777  0.02526643  
    1680    43.05814  0.02548055  
    1690    43.00894  0.02569228  
    1700    42.96021  0.02590167  
    1710    42.91191   0.0261088  
    1720    42.86402  0.02631376  
    1730    42.81654  0.02651661  
    1740    42.76946  0.02671743  
    1750    42.72277  0.02691627  
    1760    42.67646   0.0271132  
    1770    42.63051  0.02730827  
    1780    42.58493  0.02750154  
    1790     42.5397  0.02769305  
    1800    42.49482  0.02788286  
    1810    42.45028    0.028071  
    1820    42.40606  0.02825754  
    1830    42.36217   0.0284425  
    1840     42.3186  0.02862594  
    1850    42.27534  0.02880788  
    1860    42.23238  0.02898837  
    1870    42.18972  0.02916744  
    1880    42.14736  0.02934512  
    1890    42.10528  0.02952145  
    1900    42.06348  0.02969646  
    1910    42.02196  0.02987018  
    1920    41.98072  0.03004264  
    1930    41.93974  0.03021387  
    1940    41.89902  0.03038389  
    1950    41.85856  0.03055273  
    1960    41.81836  0.03072041  
    1970     41.7784  0.03088696  
    1980    41.73869  0.03105241  
    1990    41.69922  0.03121676  
    2000    41.65999  0.03138006  
    2010    41.62099  0.03154231  
    2020    41.58222  0.03170353  
    2030    41.54368  0.03186376  
    2040    41.50536    0.032023  
    2050    41.46726  0.03218127  
    2060    41.42938  0.03233859  
    2070    41.39171  0.03249499  
    2080    41.35424  0.03265046  
    2090    41.31699  0.03280504  
    2100    41.27994  0.03295874  
    2110    41.24309  0.03311157  
    2120    41.20643  0.03326354  
    2130    41.16998  0.03341468  
    2140    41.13371  0.03356499  
    2150    41.09764  0.03371449  
    2160    41.06175  0.03386319  
    2170    41.02605  0.03401111  
    2180    40.99053  0.03415825  
    2190    40.95519  0.03430463  
    2200    40.92007  0.03445023  
    2210    40.88509  0.03459512  
    2220    40.85028  0.03473929  
    2230    40.81564  0.03488274  
    2240    40.78116  0.03502548  
    2250    40.74686  0.03516753  
    2260    40.71272   0.0353089  
    2270    40.67875  0.03544959  
    2280    40.64493  0.03558961  
    2290    40.61128  0.03572898  
    2300    40.57778   0.0358677  
    2310    40.54444  0.03600578  
    2320    40.51125  0.03614323  
    2330    40.47821  0.03628006  
    2340    40.44533  0.03641628  
    2350    40.41259  0.03655189  
    2360       40.38   0.0366869  
    2370    40.34755  0.03682133  
    2380    40.31525  0.03695517  
    2390    40.28309  0.03708844  
    2400    40.25108  0.03722114  
    2410     40.2192  0.03735328  
    2420    40.18746  0.03748487  
    2430    40.15585  0.03761591  
    2440    40.12438  0.03774641  
    2450    40.09305  0.03787637  
    2460    40.06184  0.03800581  
    2470    40.03077  0.03813473  
    2480    39.99983  0.03826313  
    2490    39.96901  0.03839103  
    2500    39.93832  0.03851842  
    2510    39.90776  0.03864531  
    2520    39.87732  0.03877171  
    2530    39.84701  0.03889762  
    2540    39.81682  0.03902306  
    2550    39.78674  0.03914801  
    2560    39.75679   0.0392725  
    2570    39.72696  0.03939652  
    2580    39.69724  0.03952008  
    2590    39.66765  0.03964318  
    2600    39.63816  0.03976584  
    2610    39.60879  0.03988804  
    2620    39.57954  0.04000981  
    2630    39.55039  0.04013114  
    2640    39.52136  0.04025203  
    2650    39.49244   0.0403725  
    2660    39.46363  0.04049254  
    2670    39.43492  0.04061217  
    2680    39.40633  0.04073137  
    2690    39.37784  0.04085017  
    2700    39.34945  0.04096856  
    2710    39.32117  0.04108654  
    2720      39.293  0.04120413  
    2730    39.26492  0.04132132  
    2740    39.23695  0.04143812  
    2750    39.20908  0.04155453  
    2760    39.18131  0.04167055  
    2770    39.15364  0.04178619  
    2780    39.12607  0.04190146  
    2790     39.0986  0.04201635  
    2800    39.07122  0.04213087  
    2810    39.04394  0.04224502  
    2820    39.01676  0.04235881  
    2830    38.98967  0.04247224  
    2840    38.96267  0.04258531  
    2850    38.93577  0.04269802  
    2860    38.90896  0.04281038  
    2870    38.88224   0.0429224  
    2880    38.85561  0.04303407  
    2890    38.82908  0.04314539  
    2900    38.80263  0.04325638  
    2910    38.77627  0.04336703  
    2920    38.75001  0.04347734  
    2930    38.72382  0.04358732  
    2940    38.69773  0.04369698  
    2950    38.67172  0.04380631  
    2960     38.6458  0.04391531  
    2970    38.61996    0.044024  
    2980    38.59421  0.04413236  
    2990    38.56854  0.04424042  
    3000    38.54296  0.04434815  
    3010    38.51746  0.04445558  
    3020    38.49204   0.0445627  
    3030     38.4667  0.04466951  
    3040    38.44144  0.04477602  
    3050    38.41626  0.04488223  
    3060    38.39117  0.04498814  
    3070    38.36615  0.04509376  
    3080    38.34121  0.04519908  
    3090    38.31635  0.04530411  
    3100    38.29156  0.04540884  
    3110    38.26686  0.04551329  
    3120    38.24223  0.04561746  
    3130    38.21767  0.04572134  
    3140    38.19319  0.04582494  
    3150    38.16879  0.04592826  
    3160    38.14446   0.0460313  
    3170    38.12021  0.04613407  
    3180    38.09603  0.04623657  
    3190    38.07192  0.04633879  
    3200    38.04788  0.04644074  
    3210    38.02392  0.04654243  
    3220    38.00003  0.04664385  
    3230    37.97621  0.04674501  
    3240    37.95246   0.0468459  
    3250    37.92878  0.04694654  
    3260    37.90517  0.04704691  
    3270    37.88162  0.04714703  
    3280    37.85815  0.04724689  
    3290    37.83475  0.04734651  
    3300    37.81141  0.04744587  
    3310    37.78815  0.04754497  
    3320    37.76495  0.04764384  
    3330    37.74181  0.04774245  
    3340    37.71875  0.04784082  
    3350    37.69574  0.04793895  
    3360    37.67281  0.04803683  
    3370    37.64994  0.04813448  
    3380    37.62713  0.04823188  
    3390    37.60439  0.04832905  
    3400    37.58171  0.04842598  
    3410     37.5591  0.04852268  
    3420    37.53655  0.04861915  
    3430    37.51406  0.04871538  
    3440    37.49164  0.04881139  
    3450    37.46927  0.04890716  
    3460    37.44697  0.04900271  
    3470    37.42473  0.04909804  
    3480    37.40255  0.04919313  
    3490    37.38043  0.04928801  
    3500    37.35838  0.04938267  
    3510    37.33638   0.0494771  
    3520    37.31444  0.04957132  
    3530    37.29256  0.04966532  
    3540    37.27074   0.0497591  
    3550    37.24898  0.04985267  
    3560    37.22728  0.04994602  
    3570    37.20563  0.05003916  
    3580    37.18404  0.05013209  
    3590    37.16251  0.05022481  
    3600    37.14104  0.05031733  
    3610    37.11962  0.05040963  
    3620    37.09826  0.05050173  
    3630    37.07696  0.05059362  
    3640    37.05571  0.05068531  
    3650    37.03452   0.0507768  
    3660    37.01338  0.05086808  
    3670    36.99229  0.05095916  
    3680    36.97127  0.05105005  
    3690    36.95029  0.05114073  
    3700    36.92937  0.05123122  
    3710     36.9085  0.05132151  
    3720    36.88769  0.05141161  
    3730    36.86693  0.05150151  
    3740    36.84622  0.05159122  
    3750    36.82557  0.05168074  
    3760    36.80497  0.05177007  
    3770    36.78442  0.05185921  
    3780    36.76392  0.05194816  
    3790    36.74347  0.05203692  
    3800    36.72307  0.05212549  
    3810    36.70273  0.05221388  
    3820    36.68243  0.05230208  
    3830    36.66219   0.0523901  
    3840      36.642  0.05247794  
    3850    36.62185  0.05256559  
    3860    36.60176  0.05265306  
    3870    36.58171  0.05274036  
    3880    36.56172  0.05282747  
    3890    36.54177  0.05291441  
    3900    36.52187  0.05300116  
    3910    36.50202  0.05308775  
    3920    36.48222  0.05317415  
    3930     36.4625  0.05326034  
    3940    36.44279   0.0533464  
    3950    36.42314  0.05343228  
    3960    36.40352  0.05351799  
    3970    36.38396  0.05360353  
    3980    36.36444   0.0536889  
    3990    36.34497   0.0537741  
    4000    36.32555  0.05385913  
    4010    36.30617    0.053944  
    4020    36.28684  0.05402869  
    4030    36.26755  0.05411322  
    4040    36.24831  0.05419759  
    4050    36.22911  0.05428179  
    4060    36.20996  0.05436583  
    4070    36.19085   0.0544497  
    4080    36.17179  0.05453341  
    4090    36.15277  0.05461696  
    4100     36.1338  0.05470035  
    4110    36.11487  0.05478357  
    4120    36.09598  0.05486664  
    4130    36.07714  0.05494955  
    4140    36.05834  0.05503231  
    4150    36.03959   0.0551149  
    4160    36.02087  0.05519734  
    4170     36.0022  0.05527962  
    4180    35.98357  0.05536175  
    4190    35.96499  0.05544372  
    4200    35.94645  0.05552554  
    4210    35.92794  0.05560721  
    4220    35.90948  0.05568873  
    4230    35.89107  0.05577009  
    4240    35.87269   0.0558513  
    4250    35.85436  0.05593236  
    4260    35.83606  0.05601328  
    4270    35.81781  0.05609404  
    4280    35.79959  0.05617466  
    4290    35.78142  0.05625512  
    4300    35.76329  0.05633545  
    4310     35.7452  0.05641562  
    4320    35.72715  0.05649565  
    4330    35.70913  0.05657554  
    4340    35.69116  0.05665528  
    4350    35.67323  0.05673487  
    4360    35.65534  0.05681433  
    4370    35.63748  0.05689364  
    4380    35.61966  0.05697281  
    4390    35.60189  0.05705183  
    4400    35.58415  0.05713072  
    4410    35.56645  0.05720947  
    4420    35.54879  0.05728808  
    4430    35.53116  0.05736655  
    4440    35.51358  0.05744488  
    4450    35.49603  0.05752307  
    4460    35.47852  0.05760112  
    4470    35.46105  0.05767904  
    4480    35.44361  0.05775683  
    4490    35.42621  0.05783447  
    4500    35.40885  0.05791199  
    4510    35.39152  0.05798936  
    4520    35.37424  0.05806661  
    4530    35.35698  0.05814372  
    4540    35.33977   0.0582207  
    4550    35.32259  0.05829754  
    4560    35.30545  0.05837426  
    4570    35.28834  0.05845084  
    4580    35.27127  0.05852729  
    4590    35.25423  0.05860362  
    4600    35.23723  0.05867981  
    4610    35.22027  0.05875587  
    4620    35.20334  0.05883181  
    4630    35.18644  0.05890761  
    4640    35.16958  0.05898329  
    4650    35.15276  0.05905885  
    4660    35.13597  0.05913427  
    4670    35.11921  0.05920957  
    4680    35.10249  0.05928475  
    4690     35.0858   0.0593598  
    4700    35.06915  0.05943472  
    4710    35.05253  0.05950952  
    4720    35.03595   0.0595842  
    4730    35.01939  0.05965875  
    4740    35.00287  0.05973318  
    4750    34.98639  0.05980749  
    4760    34.96994  0.05988168  
    4770    34.95352  0.05995574  
    4780    34.93713  0.06002969  
    4790    34.92078  0.06010351  
    4800    34.90446  0.06017722  
    4810    34.88817   0.0602508  
    4820    34.87192  0.06032427  
    4830     34.8557  0.06039762  
    4840    34.83951  0.06047084  
    4850    34.82335  0.06054396  
    4860    34.80722  0.06061695  
    4870    34.79113  0.06068983  
    4880    34.77507  0.06076259  
    4890    34.75904  0.06083523  
    4900    34.74304  0.06090776  
    4910    34.72707  0.06098018  
    4920    34.71113  0.06105247  
    4930    34.69523  0.06112466  
    4940    34.67935  0.06119673  
    4950    34.66351  0.06126869  
    4960     34.6477  0.06134053  
    4970    34.63192  0.06141226  
    4980    34.61616  0.06148388  
    4990    34.60044  0.06155539  
    5000    34.58475  0.06162678  
    5010    34.56909  0.06169807  
    5020    34.55346  0.06176924  
    5030    34.53786   0.0618403  
    5040    34.52229  0.06191126  
    5050    34.50675   0.0619821  
    5060    34.49124  0.06205284  
    5070    34.47576  0.06212346  
    5080    34.46031  0.06219398  
    5090    34.44489  0.06226439  
    5100    34.42949  0.06233469  
    5110    34.41413  0.06240488  
    5120     34.3988  0.06247497  
    5130    34.38349  0.06254495  
    5140    34.36821  0.06261483  
    5150    34.35297  0.06268459  
    5160    34.33775  0.06275426  
    5170    34.32256  0.06282381  
    5180    34.30739  0.06289327  
    5190    34.29226  0.06296262  
    5200    34.27715  0.06303186  
    5210    34.26208    0.063101  
    5220    34.24703  0.06317004  
    5230      34.232  0.06323897  
    5240    34.21701   0.0633078  
    5250    34.20204  0.06337653  
    5260     34.1871  0.06344516  
    5270    34.17219  0.06351368  
    5280    34.15731  0.06358211  
    5290    34.14245  0.06365043  
    5300    34.12763  0.06371865  
    5310    34.11282  0.06378677  
    5320    34.09805   0.0638548  
    5330     34.0833  0.06392272  
    5340    34.06858  0.06399054  
    5350    34.05389  0.06405826  
    5360    34.03922  0.06412589  
    5370    34.02458  0.06419342  
    5380    34.00996  0.06426084  
    5390    33.99538  0.06432817  
    5400    33.98081  0.06439541  
    5410    33.96628  0.06446254  
    5420    33.95177  0.06452958  
    5430    33.93729  0.06459652  
    5440    33.92283  0.06466337  
    5450     33.9084  0.06473012  
    5460    33.89399  0.06479677  
    5470    33.87961  0.06486333  
    5480    33.86526  0.06492979  
    5490    33.85093  0.06499616  
    5500    33.83663  0.06506244  
    5510    33.82235  0.06512862  
    5520     33.8081   0.0651947  
    5530    33.79387   0.0652607  
    5540    33.77967   0.0653266  
    5550    33.76549   0.0653924  
    5560    33.75134  0.06545812  
    5570    33.73721  0.06552374  
    5580    33.72311  0.06558927  
    5590    33.70904   0.0656547  
    5600    33.69498  0.06572005  
    5610    33.68095   0.0657853  
    5620    33.66695  0.06585047  
    5630    33.65297  0.06591554  
    5640    33.63902  0.06598052  
    5650    33.62508  0.06604541  
    5660    33.61118  0.06611021  
    5670     33.5973  0.06617492  
    5680    33.58344  0.06623955  
    5690     33.5696  0.06630408  
    5700    33.55579  0.06636852  
    5710      33.542  0.06643288  
    5720    33.52824  0.06649715  
    5730     33.5145  0.06656133  
    5740    33.50079  0.06662542  
    5750    33.48709  0.06668942  
    5760    33.47342  0.06675334  
    5770    33.45978  0.06681717  
    5780    33.44615  0.06688091  
    5790    33.43256  0.06694457  
    5800    33.41898  0.06700814  
    5810    33.40543  0.06707162  
    5820    33.39189  0.06713502  
    5830    33.37839  0.06719833  
    5840     33.3649  0.06726156  
    5850    33.35144   0.0673247  
    5860      33.338  0.06738775  
    5870    33.32458  0.06745073  
    5880    33.31119  0.06751361  
    5890    33.29782  0.06757642  
    5900    33.28447  0.06763914  
    5910    33.27114  0.06770177  
    5920    33.25784  0.06776433  
    5930    33.24456   0.0678268  
    5940    33.23129  0.06788918  
    5950    33.21806  0.06795149  
    5960    33.20484  0.06801371  
    5970    33.19165  0.06807585  
    5980    33.17847   0.0681379  
    5990    33.16532  0.06819988  
    6000    33.15219  0.06826177  
    6010    33.13909  0.06832359  
    6020      33.126  0.06838532  
    6030    33.11294  0.06844697  
    6040    33.09989  0.06850854  
    6050    33.08687  0.06857003  
    6060    33.07387  0.06863144  
    6070    33.06089  0.06869277  
    6080    33.04793  0.06875402  
    6090      33.035  0.06881519  
    6100    33.02208  0.06887628  
    6110    33.00919  0.06893729  
    6120    32.99631  0.06899822  
    6130    32.98346  0.06905908  
    6140    32.97063  0.06911985  
    6150    32.95782  0.06918055  
    6160    32.94506  0.06924111  
    6170    32.93229  0.06930165  
    6180    32.91954  0.06936211  
    6190    32.90681   0.0694225  
    6200    32.89411  0.06948281  
    6210    32.88142  0.06954304  
    6220    32.86875   0.0696032  
    6230     32.8561  0.06966327  
    6240    32.84348  0.06972328  
    6250    32.83087   0.0697832  
    6260    32.81828  0.06984305  
    6270    32.80572  0.06990283  
    6280    32.79317  0.06996252  
    6290    32.78064  0.07002215  
    6300    32.76814   0.0700817  
    6310    32.75565  0.07014117  
    6320    32.74318  0.07020057  
    6330    32.73074  0.07025989  
    6340    32.71831  0.07031914  
    6350     32.7059  0.07037831  
    6360    32.69351  0.07043741  
    6370    32.68114  0.07049644  
    6380    32.66879  0.07055539  
    6390    32.65646  0.07061427  
    6400    32.64415  0.07067308  
    6410    32.63186  0.07073181  
    6420    32.61959  0.07079047  
    6430    32.60733  0.07084906  
    6440     32.5951  0.07090758  
    6450    32.58288  0.07096602  
    6460    32.57069  0.07102439  
    6470    32.55851  0.07108269  
    6480    32.54635  0.07114092  
    6490    32.53421  0.07119907  
    6500    32.52209  0.07125716  
    6510    32.50999  0.07131517  
    6520    32.49791  0.07137311  
    6530    32.48584  0.07143098  
    6540    32.47379  0.07148878  
    6550    32.46177  0.07154651  
    6560    32.44976  0.07160417  
    6570    32.43777  0.07166176  
    6580    32.42579  0.07171928  
    6590    32.41384  0.07177673  
    6600     32.4019  0.07183411  
    6610    32.38999  0.07189142  
    6620    32.37809  0.07194866  
    6630     32.3662  0.07200583  
    6640    32.35434  0.07206293  
    6650     32.3425  0.07211997  
    6660    32.33067  0.07217693  
    6670    32.31886  0.07223383  
    6680    32.30707  0.07229066  
    6690    32.29529  0.07234742  
    6700    32.28354  0.07240411  
    6710     32.2718  0.07246073  
    6720    32.26008  0.07251729  
    6730    32.24837  0.07257378  
    6740    32.23669   0.0726302  
    6750    32.22502  0.07268655  
    6760    32.21337  0.07274284  
    6770    32.20174  0.07279906  
    6780    32.19012  0.07285522  
    6790    32.17852  0.07291131  
    6800    32.16694  0.07296733  
    6810    32.15538  0.07302328  
    6820    32.14383  0.07307917  
    6830     32.1323  0.07313499  
    6840    32.12079  0.07319075  
    6850    32.10929  0.07324644  
    6860    32.09782  0.07330207  
    6870    32.08635  0.07335763  
    6880    32.07491  0.07341313  
    6890    32.06348  0.07346856  
    6900    32.05207  0.07352393  
    6910    32.04068  0.07357923  
    6920     32.0293  0.07363446  
    6930    32.01794  0.07368964  
    6940     32.0066  0.07374475  
    6950    31.99527  0.07379979  
    6960    31.98396  0.07385477  
    6970    31.97267  0.07390969  
    6980    31.96139  0.07396454  
    6990    31.95013  0.07401933  
    7000    31.93888  0.07407406  
    7010    31.92765  0.07412872  
    7020    31.91644  0.07418332  
    7030    31.90525  0.07423786  
    7040    31.89407  0.07429234  
    7050     31.8829  0.07434675  
    7060    31.87176   0.0744011  
    7070    31.86063  0.07445538  
    7080    31.84951  0.07450961  
    7090    31.83841  0.07456377  
    7100    31.82733  0.07461788  
    7110    31.81626  0.07467191  
    7120    31.80521  0.07472589  
    7130    31.79418  0.07477981  
    7140    31.78316  0.07483367  
    7150    31.77215  0.07488746  
    7160    31.76117  0.07494119  
    7170    31.75019  0.07499486  
    7180    31.73924  0.07504848  
    7190     31.7283  0.07510203  
    7200    31.71737  0.07515552  
    7210    31.70646  0.07520895  
    7220    31.69557  0.07526232  
    7230    31.68469  0.07531563  
    7240    31.67383  0.07536888  
    7250    31.66298  0.07542207  
    7260    31.65215   0.0754752  
    7270    31.64133  0.07552827  
    7280    31.63053  0.07558128  
    7290    31.61974  0.07563423  
    7300    31.60897  0.07568712  
    7310    31.59821  0.07573996  
    7320    31.58747  0.07579273  
    7330    31.57674  0.07584545  
    7340    31.56603   0.0758981  
    7350    31.55534   0.0759507  
    7360    31.54466  0.07600324  
    7370    31.53399  0.07605573  
    7380    31.52334  0.07610815  
    7390     31.5127  0.07616052  
    7400    31.50208  0.07621282  
    7410    31.49148  0.07626507  
    7420    31.48088  0.07631727  
    7430    31.47031   0.0763694  
    7440    31.45974  0.07642148  
    7450     31.4492   0.0764735  
    7460    31.43866  0.07652546  
    7470    31.42814  0.07657737  
    7480    31.41764  0.07662922  
    7490    31.40715  0.07668101  
    7500    31.39668  0.07673275  
    7510    31.38622  0.07678443  
    7520    31.37577  0.07683605  
    7530    31.36534  0.07688762  
    7540    31.35492  0.07693913  
    7550    31.34452  0.07699058  
    7560    31.33413  0.07704198  
    7570    31.32375  0.07709332  
    7580    31.31339  0.07714461  
    7590    31.30305  0.07719584  
    7600    31.29271  0.07724702  
    7610     31.2824  0.07729814  
    7620    31.27209   0.0773492  
    7630     31.2618  0.07740021  
    7640    31.25153  0.07745117  
    7650    31.24126  0.07750207  
    7660    31.23102  0.07755291  
    7670    31.22078  0.07760371  
    7680    31.21056  0.07765444  
    7690    31.20035  0.07770512  
    7700    31.19016  0.07775575  
    7710    31.17998  0.07780632  
    7720    31.16982  0.07785684  
    7730    31.15967  0.07790731  
    7740    31.14953  0.07795772  
    7750     31.1394  0.07800808  
    7760    31.12929  0.07805838  
    7770     31.1192  0.07810863  
    7780    31.10911  0.07815883  
    7790    31.09904  0.07820897  
    7800    31.08899  0.07825906  
    7810    31.07894   0.0783091  
    7820    31.06891  0.07835908  
    7830     31.0589  0.07840901  
    7840    31.04889  0.07845889  
    7850     31.0389  0.07850872  
    7860    31.02893  0.07855849  
    7870    31.01897  0.07860821  
    7880    31.00902  0.07865788  
    7890    30.99908   0.0787075  
    7900    30.98916  0.07875706  
    7910    30.97924  0.07880657  
    7920    30.96935  0.07885603  
    7930    30.95946  0.07890544  
    7940    30.94959   0.0789548  
    7950    30.93973   0.0790041  
    7960    30.92989  0.07905335  
    7970    30.92006  0.07910255  
    7980    30.91024  0.07915171  
    7990    30.90043   0.0792008  
    8000    30.89064  0.07924985  
    8010    30.88086  0.07929885  
    8020    30.87109   0.0793478  
    8030    30.86134  0.07939669  
    8040    30.85159  0.07944553  
    8050    30.84186  0.07949433  
    8060    30.83215  0.07954307  
    8070    30.82244  0.07959176  
    8080    30.81275  0.07964041  
    8090    30.80307    0.079689  
    8100    30.79341  0.07973754  
    8110    30.78375  0.07978603  
    8120    30.77411  0.07983448  
    8130    30.76448  0.07988287  
    8140    30.75487  0.07993121  
    8150    30.74526   0.0799795  
    8160    30.73567  0.08002775  
    8170    30.72609  0.08007594  
    8180    30.71653  0.08012409  
    8190    30.70697  0.08017218  
    8200    30.69743  0.08022023  
    8210     30.6879  0.08026822  
    8220    30.67838  0.08031617  
    8230    30.66888  0.08036407  
    8240    30.65938  0.08041192  
    8250     30.6499  0.08045972  
    8260    30.64044  0.08050748  
    8270    30.63098  0.08055518  
    8280    30.62153  0.08060284  
    8290     30.6121  0.08065045  
    8300    30.60268  0.08069801  
    8310    30.59327  0.08074552  
    8320    30.58388  0.08079298  
    8330    30.57449   0.0808404  
    8340    30.56512  0.08088776  
    8350    30.55576  0.08093508  
    8360    30.54641  0.08098236  
    8370    30.53707  0.08102958  
    8380    30.52775  0.08107676  
    8390    30.51844  0.08112389  
    8400    30.50913  0.08117097  
    8410    30.49984    0.081218  
    8420    30.49057  0.08126499  
    8430     30.4813  0.08131193  
    8440    30.47205  0.08135883  
    8450     30.4628  0.08140567  
    8460    30.45357  0.08145247  
    8470    30.44435  0.08149923  
    8480    30.43514  0.08154593  
    8490    30.42595  0.08159259  
    8500    30.41676  0.08163921  
    8510    30.40759  0.08168578  
    8520    30.39843   0.0817323  
    8530    30.38928  0.08177877  
    8540    30.38014   0.0818252  
    8550    30.37101  0.08187158  
    8560    30.36189  0.08191792  
    8570    30.35279  0.08196421  
    8580    30.34369  0.08201046  
    8590    30.33461  0.08205666  
    8600    30.32554  0.08210281  
    8610    30.31648  0.08214892  
    8620    30.30743  0.08219498  
    8630    30.29839    0.082241  
    8640    30.28937  0.08228697  
    8650    30.28035   0.0823329  
    8660    30.27135  0.08237878  
    8670    30.26236  0.08242462  
    8680    30.25337  0.08247041  
    8690     30.2444  0.08251616  
    8700    30.23544  0.08256186  
    8710     30.2265  0.08260752  
    8720    30.21756  0.08265313  
    8730    30.20863   0.0826987  
    8740    30.19972  0.08274422  
    8750    30.19081   0.0827897  
    8760    30.18192  0.08283514  
    8770    30.17303  0.08288053  
    8780    30.16416  0.08292587  
    8790     30.1553  0.08297118  
    8800    30.14645  0.08301644  
    8810    30.13761  0.08306165  
    8820    30.12878  0.08310682  
    8830    30.11996  0.08315195  
    8840    30.11116  0.08319703  
    8850    30.10236  0.08324207  
    8860    30.09357  0.08328707  
    8870     30.0848  0.08333202  
    8880    30.07603  0.08337693  
    8890    30.06728   0.0834218  
    8900    30.05857  0.08346655  
    8910    30.04983  0.08351133  
    8920    30.04111  0.08355607  
    8930     30.0324  0.08360076  
    8940     30.0237  0.08364541  
    8950    30.01501  0.08369002  
    8960    30.00633  0.08373458  
    8970    29.99766  0.08377911  
    8980      29.989  0.08382359  
    8990    29.98035  0.08386802  
    9000    29.97171  0.08391242  
