1293
   0	    6	 36967.289348
   0	   21	 3427.626585
   1	   11	 40239.494687
   1	   15	 12481.123608
   1	   24	 4626.761788
   2	    3	 19964.108804
   2	   17	 8585.662590
   2	   29	 17481.544696
   2	   45	 2833.519416
   3	   20	 33018.862430
   3	   45	 2444.331314
   4	    9	 8187.629231
   4	   16	 4672.225183
   4	   23	 24058.941005
   4	   25	 6961.069152
   5	   10	 39767.306858
   6	    7	 7746.682049
   6	   21	 41340.290152
   6	   32	 683.932519
   7	   14	 14465.997523
   7	   22	 59332.624789
   7	   32	 345.630337
   8	   12	 1707.037883
   8	   17	 52193.690234
   8	   31	 6744.091704
   8	   35	 6870.952067
   9	   13	 111703.824391
   9	   23	 3523.748830
  10	   13	 14423.285043
  10	   28	 36012.447378
  11	   12	 18946.367955
  11	   24	 29935.025302
  11	   41	 1482.168998
  12	   31	 8024.044391
  12	   34	 13660.868399
  12	   41	 10687.951106
  13	   23	 2372.205888
  13	   26	 10336.003266
  13	   27	 25251.949863
  13	   28	 12399.132443
  14	   15	 10257.737011
  14	   18	 42659.817938
  14	   22	 12100.759912
  14	   33	 18249.105110
  15	   18	 27095.778975
  15	   19	 24102.778203
  15	   24	 8116.517836
  16	   20	 32907.312120
  16	   25	 8053.099537
  16	   38	 17869.948234
  17	   29	 31717.505410
  17	   35	 16660.661929
  17	   55	 1063.383317
  18	   19	 51763.736942
  18	   33	 3870.478086
  19	   24	 9721.179069
  19	   33	 15994.316641
  19	   44	 5404.074365
  19	   61	 4376.055177
  20	   38	 5902.170937
  20	   45	 12679.479704
  20	   54	 11107.123238
  21	   32	 17406.566510
  21	   36	 38512.423049
  21	   37	 534.990423
  22	   32	 17894.872199
  22	   33	 19538.331045
  22	   40	 16893.757003
  22	   52	 9255.411382
  23	   25	 27168.394041
  23	   26	 6097.820821
  23	   30	 30470.949747
  24	   41	 17895.273977
  24	   44	 30457.809452
  25	   30	 4074.648231
  25	   38	 13419.590493
  25	   42	 19102.947802
  26	   27	 186706.187543
  26	   30	 15940.864561
  26	   39	 19911.513137
  27	   28	 19093.772919
  27	   39	 13030.078130
  27	   62	 8193.069207
  28	   48	 42615.988820
  28	   62	 16745.213334
  29	   45	 1099.033363
  29	   50	 25337.815720
  29	   55	 5223.037054
  29	   56	 19507.201177
  30	   39	 30529.588639
  30	   42	 5558.116696
  30	   46	 7731.946343
  31	   34	 183452.193183
  31	   35	 52656.707799
  32	   37	 64731.555702
  32	   40	 49153.236174
  33	   52	 7945.702177
  33	   53	 46898.570986
  33	   61	 11535.345426
  34	   35	 2781.423762
  34	   41	 5964.642549
  34	   58	 3767.139664
  34	   70	 21531.685151
  35	   55	 7259.890968
  35	   58	 24536.194789
  36	   37	 39096.266772
  36	   43	 22095.752846
  36	   49	 42551.933438
  37	   40	 9049.424634
  37	   43	 37965.583468
  38	   42	 74.025108
  38	   51	 56081.718984
  38	   54	 4842.856526
  38	   67	 5070.498581
  39	   46	 1188.236629
  39	   47	 48232.879639
  39	   62	 6581.384664
  40	   43	 3665.440229
  40	   52	 23209.887677
  40	   60	 33633.308123
  41	   44	 17988.755458
  41	   70	 25566.729810
  41	   76	 4894.937720
  41	   90	 7338.459765
  42	   46	 29527.448920
  42	   59	 23831.224169
  42	   67	 7436.302064
  43	   49	 12760.058058
  43	   57	 73091.454573
  43	   60	 7903.561113
  44	   61	 41219.570515
  44	   76	 19526.949801
  45	   50	 21179.680416
  45	   54	 15054.570325
  45	   63	 4491.127605
  45	   66	 24507.242970
  45	   73	 11689.005717
  46	   47	 47828.429192
  46	   59	 21179.902536
  47	   59	 6005.728901
  47	   62	 17625.806838
  47	   85	 8185.625219
  48	   62	 17187.749514
  48	   81	 19911.372638
  49	   57	 16725.387845
  49	   72	 26635.555112
  50	   56	 11699.367683
  50	   63	 56619.167268
  50	   71	 3515.419910
  51	   54	 24592.255306
  51	   67	 3787.832355
  51	   74	 24121.419139
  51	   77	 6493.553842
  52	   53	 39285.250635
  52	   60	 22585.981153
  52	   69	 11625.747205
  52	   78	 15617.476683
  52	   82	 1414.506772
  53	   61	 8850.957995
  53	   69	 51076.410116
  54	   66	 23711.600161
  54	   77	 17952.667604
  55	   56	 43582.595778
  55	   58	 87864.271181
  55	   84	 7136.341095
  56	   71	 24767.645347
  56	   79	 534.670043
  56	   84	 6506.263312
  57	   60	 2108.118646
  57	   64	 33290.763053
  57	   68	 34607.148279
  57	   72	 7559.425642
  58	   70	 2022.518729
  58	   84	 3670.620868
  58	   86	 16786.464986
  58	   91	 2746.199830
  59	   67	 30884.908608
  59	   85	 13610.125343
  60	   64	 41691.361764
  60	   65	 20035.481018
  60	   82	 19126.049818
  61	   69	 4124.189323
  61	   76	 26563.212199
  61	   83	 23704.918075
  62	   81	 10441.203979
  62	   85	 5417.281761
  62	   87	 24637.480454
  63	   71	 40840.605436
  63	   73	 34079.518591
  64	   65	 170065.690055
  64	   68	 8482.822018
  65	   68	 44241.287394
  65	   82	 24999.977215
  66	   73	 35239.403148
  66	   77	 22184.044054
  66	   96	 2320.211706
  66	   99	 3566.906693
  67	   74	 32652.043545
  67	   85	 2382.640650
  67	   94	 12471.584285
  68	   72	 77081.495227
  68	   82	 7429.621945
  68	   88	 1429.714650
  69	   75	 80990.917156
  69	   78	 7509.345534
  69	   83	 11708.152261
  70	   90	 11626.653002
  70	   91	 20884.700283
  70	   93	 13764.316226
  71	   73	 5773.067904
  71	   79	 61135.552096
  72	   88	 50949.772297
  73	   79	 1703.652923
  73	   98	 8912.379499
  73	   99	 16924.430274
  74	   77	 169.255300
  74	   80	 43835.211674
  74	   94	 4588.552104
  74	  100	 2652.514757
  75	   78	 69884.206338
  75	   83	 14812.928631
  75	   89	 18216.899692
  76	   83	 23630.229158
  76	   90	 19506.752296
  76	   95	 3101.054291
  76	  106	 15178.258657
  77	   80	 39488.462200
  77	   96	 20582.735906
  78	   82	 19720.212599
  78	   89	 28875.528379
  78	   92	 19952.265054
  79	   84	 56257.634944
  79	   98	 23716.928754
  79	  107	 3476.745460
  80	   96	 10387.459172
  80	  100	 17732.893867
  81	   87	 38991.744367
  81	  116	 5278.638632
  81	  123	 3863.520977
  82	   88	 11270.878767
  82	   92	 42799.339194
  82	  104	 17069.441534
  83	   89	 15966.469020
  83	  106	 6549.674319
  83	  112	 16160.341205
  83	  115	 2151.111834
  84	   86	 45452.048340
  84	  107	 7559.011132
  84	  110	 155.757022
  85	   87	 16105.911073
  85	   94	 19495.782934
  85	   97	 25520.115420
  85	  113	 5953.683741
  85	  119	 3409.844314
  86	   91	 2160.157020
  86	  102	 21766.020228
  86	  110	 21985.511408
  87	  116	 22545.874015
  87	  119	 11118.617658
  88	  101	 55685.263149
  88	  104	 12148.084073
  89	   92	 39328.575440
  89	  105	 20724.058147
  89	  115	 11138.250405
  90	   93	 15528.583628
  90	   95	 141572.190602
  91	   93	 64417.698709
  91	  102	 37809.260487
  91	  133	 20.779351
  92	  104	 9060.067818
  92	  105	 37210.107257
  93	   95	 11256.023566
  93	  117	 4471.855126
  93	  133	 5745.224472
  93	  143	 3578.135575
  94	   97	 55121.636350
  94	  100	 9070.785416
  94	  109	 4328.971057
  94	  122	 3812.880629
  95	  106	 19168.977654
  95	  117	 28589.193850
  96	   99	 29206.326453
  96	  100	 14723.515644
  96	  103	 567.421703
  96	  114	 13699.235490
  96	  118	 4650.031655
  97	  113	 44036.535696
  97	  122	 7361.020384
  97	  124	 948.082767
  98	   99	 9794.173146
  98	  103	 10127.208367
  98	  107	 22170.852072
  98	  108	 32301.310013
  99	  103	 144383.480022
 100	  109	 43132.322624
 100	  114	 11991.457171
 101	  104	 21738.287905
 101	  111	 21317.662051
 101	  130	 12728.005320
 102	  110	 12826.139559
 102	  120	 8572.904067
 102	  133	 21563.665262
 103	  108	 5899.855833
 103	  118	 19718.004136
 103	  121	 10217.850257
 104	  105	 13145.688885
 104	  111	 65699.184922
 104	  135	 3625.463075
 105	  115	 46446.498021
 105	  135	 1507.845677
 105	  138	 14220.433248
 105	  144	 226.422783
 106	  112	 54144.076831
 106	  117	 24893.649905
 106	  142	 5912.083624
 107	  108	 28591.461571
 107	  110	 14769.981584
 107	  127	 22922.011865
 108	  121	 18786.195513
 108	  127	 10922.133708
 109	  114	 28431.752340
 109	  122	 11848.950284
 109	  128	 10252.851579
 109	  131	 10124.479566
 110	  120	 59827.782473
 110	  127	 6995.620726
 111	  130	 32637.976980
 111	  135	 19688.997922
 112	  115	 26150.365835
 112	  139	 28575.418850
 112	  142	 4870.411714
 113	  119	 17198.536948
 113	  124	 20476.752578
 113	  125	 20084.616423
 113	  126	 21808.456692
 114	  118	 4628.129411
 114	  131	 7885.696890
 114	  132	 30120.081279
 115	  139	 10977.601412
 115	  144	 28447.688705
 116	  119	 10257.957968
 116	  123	 32446.595196
 116	  129	 66185.661291
 117	  142	 15435.513488
 117	  143	 26889.869880
 117	  154	 7459.256265
 118	  121	 35956.942188
 118	  132	 15758.400827
 118	  147	 1536.210717
 118	  168	 4030.989244
 119	  126	 20140.504475
 119	  129	 21576.270723
 119	  137	 13067.609125
 119	  148	 12657.738173
 120	  127	 9689.354236
 120	  133	 18678.728352
 120	  145	 10922.000136
 120	  167	 202.724706
 120	  171	 5365.479341
 121	  127	 6579.435538
 121	  145	 5619.829098
 121	  168	 6070.799344
 121	  170	 820.244475
 122	  124	 29262.074670
 122	  128	 60311.246464
 122	  134	 21218.610704
 123	  129	 2099.078559
 123	  140	 26223.638290
 124	  125	 36881.230084
 124	  134	 47312.034719
 125	  126	 102999.761573
 125	  134	 3455.491315
 125	  136	 13227.025057
 126	  136	 11064.396622
 126	  137	 18639.681148
 127	  145	 41096.481572
 128	  131	 61128.970706
 128	  134	 12274.350522
 128	  162	 2662.860914
 129	  140	 24050.771932
 129	  148	 4214.645491
 129	  158	 13627.532518
 130	  135	 17753.092685
 130	  146	 30597.285761
 130	  152	 3946.603374
 131	  132	 14971.524716
 131	  147	 12606.298198
 131	  162	 3596.101428
 132	  147	 29106.923156
 133	  143	 15535.931038
 133	  155	 32042.572651
 133	  171	 4111.929381
 134	  136	 16733.099260
 134	  162	 10020.139716
 134	  165	 6751.243864
 135	  138	 37176.871077
 135	  146	 9927.670709
 135	  149	 15635.466206
 136	  137	 174478.474054
 136	  151	 16769.041008
 136	  165	 1294.609824
 137	  148	 14633.364037
 137	  151	 14069.381137
 138	  144	 10171.755349
 138	  149	 27206.116515
 138	  150	 13092.215002
 139	  141	 91527.353165
 139	  142	 16537.991882
 139	  144	 1776.399964
 139	  153	 3343.798563
 140	  158	 9516.733680
 140	  159	 24337.708513
 141	  142	 18469.034969
 141	  153	 49144.396574
 141	  157	 357.461152
 142	  154	 17970.139131
 142	  157	 21677.787490
 143	  154	 8300.742355
 143	  155	 16183.158231
 143	  161	 15761.581127
 143	  164	 8868.238180
 144	  150	 66009.327253
 144	  153	 17763.902442
 145	  167	 25230.720623
 145	  170	 14032.925069
 146	  149	 2273.837377
 146	  152	 22002.430189
 146	  156	 51394.035737
 147	  162	 18513.808791
 147	  168	 11098.548094
 147	  173	 2093.271498
 147	  174	 7621.636256
 148	  151	 50424.882436
 148	  158	 32362.460488
 148	  175	 2126.731858
 149	  150	 3929.306122
 149	  156	 14974.195649
 149	  160	 7601.819233
 149	  169	 12765.043252
 150	  153	 355.406078
 150	  160	 37757.377677
 151	  165	 23356.572036
 151	  175	 5786.869553
 152	  156	 18185.814114
 152	  184	 4472.299219
 153	  157	 4847.980654
 153	  160	 2776.930394
 153	  172	 29078.465944
 154	  157	 74935.816549
 154	  163	 14715.605895
 154	  164	 7774.040275
 155	  161	 16215.045093
 155	  166	 8115.961590
 155	  171	 10972.415081
 155	  180	 6564.648308
 156	  169	 4194.601293
 156	  182	 676.288457
 156	  184	 11999.962374
 157	  163	 23038.007684
 157	  172	 1569.628019
 158	  159	 33721.312570
 158	  175	 1394.158703
 158	  194	 15758.268890
 158	  197	 3178.114916
 159	  197	 14217.084529
 160	  169	 33150.059768
 160	  172	 9759.334329
 161	  164	 28436.444522
 161	  166	 46461.555385
 162	  165	 18957.413717
 162	  173	 42612.010364
 162	  183	 6656.302031
 163	  164	 10841.931566
 163	  172	 4056.235865
 163	  177	 6099.697812
 163	  185	 13753.497421
 163	  188	 4485.035474
 164	  166	 3197.426445
 164	  177	 15394.847587
 164	  178	 10296.860736
 165	  175	 76479.047156
 165	  183	 5671.618903
 166	  178	 16193.575777
 166	  180	 19497.658241
 166	  192	 1266.871696
 167	  170	 2070.659478
 167	  171	 19813.760336
 167	  176	 34459.744861
 167	  190	 9925.359505
 168	  170	 11065.979286
 168	  174	 104.227372
 168	  179	 17539.507771
 168	  191	 10081.196486
 168	  195	 5022.322046
 169	  172	 1307.830987
 169	  182	 55795.285185
 170	  176	 8292.541374
 170	  179	 14593.521593
 170	  181	 15841.499453
 171	  180	 14477.099568
 171	  189	 28368.041664
 171	  190	 2664.693967
 172	  182	 6.292114
 172	  185	 19193.541589
 172	  210	 2640.202375
 172	  217	 6908.053276
 172	  220	 4159.052425
 173	  174	 47507.028273
 173	  183	 17252.919114
 174	  183	 16373.334194
 174	  191	 13997.144688
 174	  205	 1827.843840
 175	  183	 4180.598758
 175	  194	 10902.543662
 175	  196	 2627.916408
 175	  201	 12837.671055
 175	  209	 8678.773587
 176	  181	 12294.831165
 176	  186	 20713.703885
 176	  190	 158.366026
 177	  178	 25378.296296
 177	  187	 15623.320910
 177	  188	 9765.464119
 178	  187	 13092.847064
 178	  192	 8687.592208
 179	  181	 7583.473884
 179	  195	 10344.131730
 179	  200	 5335.887330
 180	  189	 4856.910299
 180	  192	 10525.833231
 180	  204	 13080.744306
 181	  186	 10432.659743
 181	  200	 6211.326045
 182	  184	 11881.410067
 182	  198	 51145.358582
 182	  217	 1906.797781
 183	  196	 55760.636703
 183	  205	 2075.698250
 184	  198	 5906.427383
 184	  216	 15720.687013
 185	  188	 39957.568777
 185	  206	 652.488982
 185	  210	 11993.431448
 186	  190	 2568.849642
 186	  199	 12557.556751
 186	  200	 5162.142843
 186	  212	 2226.607611
 187	  188	 2913.457014
 187	  192	 15476.228812
 187	  202	 12513.752141
 188	  202	 5763.161391
 188	  206	 11921.011680
 189	  190	 9000.365057
 189	  193	 46007.898968
 189	  204	 4938.712572
 190	  193	 18059.284422
 190	  199	 36899.083531
 190	  211	 396.618613
 191	  195	 24120.190587
 191	  205	 15084.102654
 191	  235	 2249.096080
 192	  202	 10836.519562
 192	  204	 10986.506299
 192	  227	 1573.946232
 193	  204	 2391.651539
 193	  211	 14180.440187
 194	  197	 25114.085740
 194	  201	 69301.507912
 194	  226	 8619.744947
 195	  200	 9490.262706
 195	  208	 3280.804525
 195	  233	 5588.148667
 195	  235	 1127.483394
 196	  203	 26767.275419
 196	  205	 3629.267104
 196	  207	 12033.367789
 196	  209	 3234.308331
 197	  222	 26903.213457
 197	  226	 978.138201
 198	  216	 12345.729240
 198	  217	 17945.222654
 198	  230	 5490.860492
 199	  211	 5468.237273
 199	  212	 4034.097077
 199	  218	 5994.969021
 199	  229	 44.905671
 200	  208	 23359.908263
 200	  212	 4513.840206
 201	  209	 2366.025964
 201	  213	 47812.043620
 201	  226	 5098.582316
 202	  206	 10093.118118
 202	  224	 10864.101067
 202	  227	 832.044597
 203	  205	 26801.115266
 203	  207	 15099.532655
 203	  215	 5168.383402
 204	  211	 9950.747908
 204	  227	 1828.225187
 204	  232	 14790.650325
 205	  215	 4751.550096
 205	  235	 10211.537537
 206	  210	 5787.008538
 206	  221	 19697.950220
 206	  224	 6591.987855
 207	  209	 12946.235091
 207	  215	 39008.946365
 207	  219	 2404.807852
 208	  212	 4203.469527
 208	  214	 18522.937552
 208	  233	 10781.786871
 208	  241	 357.197041
 209	  213	 20555.421598
 209	  219	 27829.644015
 209	  234	 3747.533826
 210	  220	 35146.947144
 210	  221	 11598.140754
 210	  223	 2835.777759
 210	  231	 2990.274921
 211	  229	 12634.882111
 211	  232	 8121.429521
 212	  214	 38775.411546
 212	  218	 12048.054747
 213	  225	 43659.889869
 213	  226	 1638.873805
 213	  234	 3608.110815
 214	  218	 12098.810001
 214	  241	 2640.070281
 215	  219	 18253.680329
 215	  235	 1099.722482
 215	  248	 649.689645
 215	  251	 3278.815605
 216	  228	 35328.860903
 216	  230	 1219.776059
 217	  220	 15986.001890
 217	  230	 24417.672342
 217	  237	 8387.211022
 218	  229	 15669.385430
 218	  241	 3882.806026
 219	  234	 1019.674600
 219	  236	 9779.406546
 219	  248	 5283.316219
 220	  231	 1598.351190
 220	  237	 16344.794909
 220	  238	 4839.171017
 220	  253	 3131.729702
 221	  223	 122887.154793
 221	  224	 1304.715271
 222	  226	 42796.345589
 222	  244	 12951.332460
 223	  224	 7846.701698
 223	  231	 32613.057866
 224	  227	 24239.813848
 224	  231	 1482.594224
 224	  239	 2832.274355
 225	  226	 23379.579698
 225	  234	 43829.510894
 225	  242	 8208.514134
 226	  242	 13659.976617
 226	  244	 14428.906747
 227	  232	 3956.525355
 227	  239	 13942.154899
 227	  240	 11825.234487
 227	  247	 2787.241626
 228	  230	 2281.012221
 228	  243	 29931.200460
 228	  245	 6553.753984
 229	  232	 1713.622782
 229	  241	 2239.991613
 229	  256	 4216.935888
 229	  263	 5402.494162
 229	  265	 3940.112617
 230	  237	 9695.539899
 230	  245	 20379.959868
 230	  255	 9178.280893
 231	  238	 59096.210926
 231	  239	 10482.324365
 232	  247	 2718.249386
 232	  250	 8518.008681
 232	  254	 14083.060676
 232	  256	 5318.114125
 233	  235	 14019.620249
 233	  241	 18464.998863
 233	  260	 5490.664432
 234	  236	 44948.910462
 234	  242	 7092.828933
 234	  249	 6313.779050
 235	  251	 19084.047648
 235	  260	 6459.288071
 236	  248	 14508.623293
 236	  249	 16802.944580
 237	  253	 21654.790663
 237	  255	 20263.480430
 238	  239	 6111.360689
 238	  253	 21020.336350
 238	  259	 9984.798697
 238	  271	 4500.306475
 239	  240	 18377.062269
 239	  246	 9221.830071
 239	  259	 7610.477573
 240	  246	 28625.415317
 240	  247	 12918.558212
 241	  260	 1093.523684
 241	  263	 6882.719021
 241	  269	 10508.993297
 242	  244	 18406.000600
 242	  249	 2024.761383
 242	  252	 40897.264991
 242	  257	 11503.836651
 242	  261	 9903.882169
 243	  245	 8294.734922
 243	  262	 37588.681876
 243	  266	 658.225705
 244	  252	 39689.172648
 244	  264	 10747.974243
 244	  273	 7012.734908
 244	  275	 9809.903990
 245	  255	 7852.003824
 245	  258	 4410.874985
 245	  266	 2312.927012
 245	  276	 12544.702439
 245	  278	 2672.876171
 246	  247	 13214.709418
 246	  259	 27949.597895
 246	  274	 4131.377899
 247	  250	 73554.938200
 247	  274	 5062.536724
 248	  249	 29631.443199
 248	  251	 227.153959
 248	  268	 21328.409425
 248	  283	 3009.532687
 249	  261	 18319.019028
 249	  283	 2167.201791
 249	  288	 6404.373792
 250	  254	 14728.882540
 250	  272	 4839.117236
 250	  274	 10341.275064
 251	  260	 15993.848381
 251	  268	 2301.487836
 251	  270	 22385.138905
 252	  257	 36898.798213
 252	  264	 14712.236431
 253	  255	 592.773111
 253	  258	 2935.105936
 253	  271	 14197.448002
 253	  279	 15267.608860
 254	  256	 49403.658773
 254	  272	 13123.496786
 255	  258	 106262.775957
 256	  265	 8240.817902
 256	  267	 8961.714414
 256	  272	 8554.891832
 257	  261	 84814.196072
 257	  264	 23899.976006
 258	  278	 13530.692790
 258	  279	 1329.260441
 258	  280	 10361.123971
 259	  271	 23262.972229
 259	  274	 15977.151309
 260	  269	 7575.715169
 260	  270	 1334.521445
 260	  287	 10044.308678
 260	  299	 2514.810016
 261	  264	 19333.997353
 261	  288	 13964.727867
 262	  266	 42736.868893
 262	  277	 5762.611884
 263	  265	 7391.090397
 263	  269	 3830.472415
 263	  281	 5491.292206
 263	  294	 2240.642425
 263	  295	 5598.304740
 264	  273	 60504.271831
 264	  288	 5856.913737
 264	  319	 232.193814
 265	  267	 77695.063809
 265	  281	 6446.867240
 266	  276	 20890.976892
 266	  277	 17524.444568
 267	  272	 4259.385285
 267	  281	 10488.852346
 267	  286	 11652.398305
 268	  270	 15201.801575
 268	  282	 5625.876345
 268	  283	 17002.155751
 268	  290	 8089.213662
 269	  287	 5518.239598
 269	  289	 11685.453602
 269	  295	 1623.701796
 270	  282	 27496.576216
 270	  299	 7983.571231
 271	  274	 33.234835
 271	  279	 13625.834824
 271	  313	 15217.052506
 271	  320	 5514.473622
 272	  274	 5604.984522
 272	  286	 17178.376451
 272	  293	 25199.181948
 273	  275	 63128.037595
 273	  292	 7137.396552
 273	  319	 17965.146433
 274	  293	 9468.807468
 274	  302	 27081.609109
 274	  320	 80.078393
 275	  292	 36636.481083
 276	  277	 507.020393
 276	  278	 6036.461508
 276	  284	 49753.976930
 277	  284	 137.549494
 277	  311	 14972.797004
 278	  280	 6825.487212
 278	  284	 746.495654
 278	  285	 8457.638900
 278	  297	 17412.194190
 279	  280	 20774.902987
 279	  298	 1424.013536
 279	  306	 7350.731522
 279	  313	 9713.159511
 280	  285	 27158.350926
 280	  298	 5635.343501
 281	  286	 12978.335368
 281	  294	 27404.876120
 281	  314	 1735.068256
 282	  290	 21427.627550
 282	  299	 7721.547036
 282	  310	 18943.686490
 283	  288	 6904.371690
 283	  290	 13696.640099
 283	  296	 29152.323108
 283	  305	 11754.763205
 284	  297	 5661.134281
 284	  311	 9332.745693
 284	  312	 17563.778308
 285	  297	 809.828560
 285	  298	 22794.823892
 285	  301	 4960.356011
 286	  293	 11986.900772
 286	  314	 12989.481992
 286	  316	 517.228698
 286	  330	 9529.162516
 287	  289	 1358.686027
 287	  299	 17205.452912
 287	  304	 5662.287970
 287	  309	 8302.803575
 287	  321	 5590.188770
 288	  291	 36652.432622
 288	  296	 18806.904828
 288	  319	 1808.521719
 289	  295	 7792.537998
 289	  304	 7972.037811
 289	  315	 9432.700778
 290	  303	 49091.307118
 290	  305	 1248.306073
 290	  310	 4126.317240
 291	  296	 30318.191360
 291	  319	 7700.091555
 291	  326	 18402.509800
 292	  319	 25416.587536
 292	  356	 2606.763961
 293	  302	 7758.556178
 293	  316	 39031.730854
 294	  295	 40.173449
 294	  300	 23077.392925
 294	  314	 14802.668285
 295	  300	 7022.899720
 295	  308	 19954.235689
 295	  315	 1239.983939
 296	  305	 47.638179
 296	  325	 17461.866023
 296	  326	 5113.156030
 297	  301	 11874.293230
 297	  312	 13982.059932
 297	  329	 3257.171111
 298	  301	 21311.391371
 298	  306	 15865.600386
 299	  310	 5944.525984
 299	  321	 4975.161726
 299	  322	 12821.137596
 299	  323	 9339.834369
 300	  307	 34897.407127
 300	  308	 2873.906718
 300	  314	 4.781086
 301	  306	 14182.751429
 301	  329	 2037.248654
 301	  331	 2631.898746
 302	  316	 17171.622044
 302	  320	 14783.306588
 302	  332	 12396.272773
 303	  305	 182102.246047
 303	  310	 12765.789547
 303	  318	 3334.982003
 304	  309	 59868.861898
 304	  315	 5783.318661
 304	  317	 2811.664697
 305	  318	 14892.250847
 305	  325	 33894.810370
 306	  313	 3579.884806
 306	  331	 14700.669078
 306	  334	 4592.033365
 307	  308	 13874.912231
 307	  314	 15869.767214
 307	  324	 16207.201996
 308	  315	 4876.953068
 308	  317	 7536.637157
 308	  324	 4724.230925
 308	  338	 5010.579411
 309	  317	 10943.823606
 309	  321	 13969.086217
 309	  337	 3581.493990
 310	  318	 124752.763564
 310	  323	 4929.379552
 311	  312	 6583.674469
 311	  328	 23822.584952
 311	  333	 2939.025543
 312	  329	 16333.712871
 312	  333	 3000.138086
 313	  320	 30998.184624
 313	  334	 9315.987566
 313	  336	 4317.882830
 314	  324	 24974.904317
 314	  330	 8802.092078
 315	  317	 42597.338487
 316	  330	 16362.578519
 316	  332	 21757.758440
 317	  337	 5657.556066
 317	  338	 5705.597722
 317	  347	 2967.523829
 318	  323	 10070.762420
 318	  325	 3108.058470
 318	  327	 30597.606009
 318	  340	 4027.131178
 319	  326	 32156.023343
 319	  335	 36754.853442
 319	  356	 1542.735431
 320	  332	 2552.170941
 320	  336	 17193.969575
 320	  346	 6326.371021
 321	  322	 47295.145179
 321	  337	 23259.578033
 322	  323	 42742.209091
 322	  327	 6132.430741
 322	  337	 3232.905431
 322	  339	 7156.533563
 323	  327	 86609.006348
 324	  330	 7777.341402
 324	  338	 15252.593222
 324	  343	 9807.985861
 325	  326	 21238.426822
 325	  340	 47837.594749
 326	  335	 29916.735850
 326	  340	 1277.766355
 326	  348	 1366.591832
 326	  353	 6366.241173
 327	  339	 41762.053873
 327	  340	 1579.985230
 328	  333	 40411.601480
 328	  342	 4449.367473
 329	  331	 12089.405022
 329	  333	 42.736098
 329	  341	 23300.640699
 329	  345	 4000.762133
 330	  332	 6208.779515
 330	  343	 26802.370090
 330	  351	 6036.281202
 331	  334	 22420.936692
 331	  341	 10851.236673
 331	  363	 1810.574821
 331	  381	 180.377452
 332	  346	 18265.568970
 332	  351	 17582.886346
 333	  342	 18764.893193
 333	  345	 9265.935930
 333	  349	 8356.960260
 334	  336	 21652.809303
 334	  363	 12186.467484
 335	  348	 61197.228597
 335	  356	 6791.237097
 335	  359	 13252.132894
 336	  346	 7364.662030
 336	  350	 25925.282877
 336	  363	 121.516827
 337	  339	 7429.390816
 337	  344	 81090.240650
 337	  347	 4961.769882
 338	  343	 2442.619816
 338	  347	 24012.241000
 338	  355	 14894.820142
 338	  357	 3072.531665
 339	  340	 6908.723570
 339	  344	 732.508674
 339	  352	 22769.109739
 339	  358	 35531.055340
 340	  352	 44861.704188
 340	  353	 34906.420879
 341	  345	 30761.926033
 341	  381	 9954.538498
 342	  349	 14348.214526
 342	  368	 3533.327368
 343	  351	 5551.192336
 343	  354	 42552.744123
 343	  355	 4984.144340
 344	  347	 10989.832161
 344	  358	 10966.776591
 344	  360	 30782.860681
 345	  349	 33277.697005
 345	  368	 4620.876939
 345	  381	 1818.595529
 346	  350	 13731.858253
 346	  351	 2711.069267
 346	  367	 19496.722420
 346	  370	 2064.284974
 346	  374	 408.010338
 347	  357	 8199.589459
 347	  360	 6599.496769
 347	  366	 11736.373648
 348	  353	 18060.538409
 348	  359	 2157.165176
 348	  361	 29830.703213
 348	  362	 43882.862257
 349	  368	 29638.409615
 350	  363	 26941.569864
 350	  374	 11817.388469
 350	  388	 1901.358793
 351	  354	 5196.022221
 351	  370	 12790.387519
 351	  371	 14370.120196
 351	  375	 834.889254
 352	  353	 5871.892442
 352	  358	 13281.694914
 352	  372	 7197.541099
 352	  373	 1356.341042
 352	  378	 31621.083428
 353	  361	 28818.298828
 353	  364	 35987.188867
 353	  373	 817.521808
 354	  355	 4818.680221
 354	  365	 7825.490975
 354	  371	 4972.980525
 354	  383	 7373.649613
 355	  357	 43787.748470
 355	  365	 11389.891521
 356	  359	 263890.852595
 357	  365	 9683.075112
 357	  366	 9703.924261
 358	  360	 7904.161038
 358	  372	 49886.387124
 358	  380	 2151.913090
 359	  362	 57161.349870
 359	  403	 13882.357862
 360	  366	 5874.666845
 360	  376	 16824.516615
 360	  379	 5899.557126
 360	  380	 6969.888610
 361	  362	 25507.207652
 361	  364	 53633.283646
 361	  373	 5997.685000
 361	  382	 5974.619699
 362	  382	 5728.081559
 362	  403	 28522.439283
 363	  369	 69133.614711
 363	  381	 2270.765226
 363	  388	 519.332287
 364	  373	 86506.887238
 365	  366	 5541.746122
 365	  383	 2402.511121
 365	  390	 213.689147
 365	  395	 11543.651087
 366	  376	 16962.630691
 366	  384	 2421.557724
 366	  395	 161.759924
 366	  400	 5512.112211
 367	  370	 20308.922019
 367	  374	 46725.239191
 367	  393	 3932.340472
 368	  381	 35.341377
 368	  387	 44186.531688
 368	  413	 2186.528117
 369	  381	 10927.159434
 369	  388	 11378.356842
 369	  398	 11010.931593
 369	  405	 2669.931062
 370	  375	 10199.888006
 370	  377	 12720.696325
 370	  393	 1023.001111
 371	  375	 24888.439346
 371	  383	 6341.422772
 371	  389	 3690.156507
 372	  378	 8216.175098
 372	  380	 16170.024416
 372	  391	 8623.901602
 372	  396	 11185.130280
 372	  397	 12144.342833
 373	  378	 11103.694958
 373	  382	 50125.411278
 373	  385	 23033.802851
 374	  388	 11847.972020
 374	  393	 17394.995312
 375	  377	 20894.427792
 375	  389	 1458.531606
 376	  379	 14183.145974
 376	  384	 25477.025702
 377	  389	 8175.321748
 377	  393	 293.631783
 377	  399	 1225.310122
 377	  409	 3855.932934
 378	  385	 38056.239984
 378	  397	 32807.652989
 378	  402	 4293.412828
 378	  408	 7705.394427
 379	  380	 26173.328853
 379	  384	 19693.289087
 379	  386	 10638.558466
 379	  407	 2065.094538
 380	  386	 56657.134415
 380	  391	 2573.073826
 381	  387	 1867.529373
 381	  392	 42866.233011
 381	  405	 12235.610729
 382	  385	 52984.088994
 382	  402	 29052.522343
 382	  403	 15380.767085
 382	  412	 3059.389157
 382	  417	 2702.864476
 383	  389	 5814.237850
 383	  390	 21933.870451
 384	  400	 4160.089204
 384	  404	 5282.111802
 384	  407	 16456.858521
 385	  402	 47558.631193
 386	  391	 32704.531541
 386	  394	 15962.541644
 386	  407	 4135.466623
 387	  392	 20486.908629
 387	  411	 22907.062159
 387	  413	 3605.658192
 388	  393	 11978.429351
 388	  398	 28570.850567
 388	  399	 1314.019875
 388	  414	 2632.806346
 389	  390	 3354.454260
 389	  406	 2355.229177
 389	  409	 3321.427578
 389	  415	 1263.438109
 390	  395	 4655.877625
 390	  406	 13099.835585
 391	  394	 123221.566509
 391	  396	 13206.279075
 392	  405	 9083.955410
 392	  411	 2594.616765
 392	  420	 10229.241204
 393	  399	 38747.094890
 394	  396	 14365.691821
 394	  401	 13420.339426
 394	  407	 1090.378819
 394	  410	 17996.740350
 395	  400	 20280.661016
 395	  406	 2417.527773
 395	  416	 7621.432348
 396	  397	 16335.412813
 396	  401	 80556.796168
 397	  401	 15515.984188
 397	  408	 77363.973171
 398	  405	 18931.022572
 398	  414	 2103.864410
 398	  424	 10708.431801
 399	  409	 3844.415836
 399	  414	 8171.067429
 399	  422	 1926.256662
 400	  404	 49809.786849
 400	  416	 2059.205958
 400	  418	 227.520514
 401	  408	 3749.407233
 401	  410	 34810.624285
 402	  408	 24971.272268
 402	  412	 70596.179982
 403	  417	 20769.185704
 403	  419	 55913.962070
 404	  407	 21333.374110
 404	  418	 14814.464565
 404	  432	 1103.522301
 405	  420	 2142.404702
 405	  421	 26064.835567
 405	  424	 219.845264
 405	  431	 10.608994
 406	  415	 3009.816750
 406	  416	 2255.314290
 406	  423	 8516.046454
 406	  425	 1800.291835
 407	  410	 15698.839092
 407	  429	 7721.251128
 407	  432	 11593.630022
 408	  410	 584.336634
 408	  412	 2721.414032
 408	  428	 9375.633701
 408	  433	 34119.604105
 408	  435	 2135.546142
 409	  415	 11155.001186
 409	  422	 7076.444015
 410	  428	 28723.321909
 410	  429	 15357.771271
 411	  413	 15794.734531
 411	  420	 15213.400262
 411	  430	 13524.361852
 412	  417	 121629.068068
 412	  435	 40412.388408
 413	  430	 1191.447087
 413	  444	 6301.429906
 413	  448	 1852.554841
 414	  422	 7594.634260
 414	  424	 2465.042357
 414	  427	 17170.014500
 415	  422	 736.531253
 415	  423	 5400.344653
 415	  436	 6308.196499
 416	  418	 51450.117887
 416	  425	 1690.636233
 416	  434	 9332.927938
 417	  419	 44153.675325
 417	  435	 3197.800282
 417	  439	 1064.839218
 417	  443	 27078.796104
 418	  432	 8309.551468
 418	  434	 5221.337666
 418	  445	 4992.832240
 419	  439	 54346.692390
 419	  456	 5053.040512
 420	  430	 16096.647071
 420	  431	 8426.496447
 420	  438	 10086.521031
 421	  424	 4621.258963
 421	  426	 10020.906345
 421	  431	 35572.847792
 421	  449	 2780.399204
 422	  427	 1513.002026
 422	  436	 2644.704270
 422	  440	 7678.635805
 422	  450	 630.347554
 423	  425	 52054.905543
 423	  436	 2224.769747
 424	  426	 55136.885469
 424	  427	 10628.968356
 425	  434	 7998.308040
 425	  436	 986.062315
 425	  447	 12756.074213
 426	  427	 5693.175043
 426	  449	 14678.735503
 426	  450	 967.716850
 427	  450	 12510.912333
 428	  429	 22833.508578
 428	  433	 2893.372776
 428	  437	 44310.499564
 428	  446	 12449.874292
 429	  432	 22962.866612
 429	  446	 16161.916579
 429	  454	 6778.677582
 430	  438	 16554.714616
 430	  444	 18487.521317
 431	  438	 15064.231792
 431	  449	 8420.504658
 432	  445	 15569.264675
 432	  454	 15609.678772
 433	  435	 35455.495160
 433	  437	 19694.280264
 433	  442	 25575.703803
 433	  455	 21884.447537
 434	  441	 32896.290720
 434	  445	 5852.354517
 434	  447	 581.207420
 435	  443	 33865.634070
 435	  455	 28085.285534
 436	  440	 6397.933294
 436	  447	 4826.800488
 436	  451	 12625.560076
 437	  442	 56262.943547
 437	  446	 6486.919249
 437	  452	 13730.940778
 438	  444	 1580.363047
 439	  443	 63393.347324
 439	  456	 41138.426567
 440	  450	 4957.071667
 440	  451	 12101.263420
 441	  445	 9107.382066
 441	  447	 11470.534447
 442	  452	 13151.068691
 442	  455	 22762.964482
 444	  448	 17158.785075
 444	  453	 2720.639317
 445	  454	 3415.807741
 446	  452	 42677.402678
 446	  454	 10534.678585
 447	  451	 1242.774874
 448	  453	 18677.773951
 449	  450	 6091.605810
