64.119318
328.131010
940.802046
661.447957
665.354362
120.000000
523.870405
707.123146
815.861172
315.793817
707.380604
745.368483
1629.370447
719.864751
757.791824
618.643830
1271.382335
1103.449124
179.117713
583.482002
1253.763219
751.592950
1056.969731
559.927001
1050.632946
985.939438
254.201811
521.826429
1223.001387
1231.621510
314.905152
817.174246
581.768748
961.253212
1268.824851
1063.630998
407.725379
187.177011
943.083822
323.779001
500.022659
1715.009277
385.664536
184.634493
908.808778
1111.810848
192.558942
587.410919
812.742835
430.537260
655.724250
553.257352
729.526538
515.703070
779.766700
530.129620
570.548236
166.035863
1019.969929
488.399662
426.051766
926.126246
1349.615132
339.080589
75.000000
174.995819
612.906979
842.379863
208.029669
420.624428
1533.517982
420.001681
529.977517
790.474913
671.308915
300.332031
1115.713253
600.168151
403.470251
545.056152
534.968293
1068.711314
815.978099
1177.118589
637.804694
1247.918547
1100.855713
1415.425865
704.341778
618.234457
885.463578
987.395334
517.402897
997.161108
788.360554
739.447880
892.185620
440.024101
669.615796
657.740043
682.437435
580.904047
1307.986300
397.046305
724.303522
871.379953
1022.949500
621.383524
442.288427
437.611534
760.164404
408.394280
1013.136311
554.211687
540.727091
1113.567400
835.318109
1305.142629
1012.180680
1046.956048
1222.968470
1011.363593
449.615059
457.254856
255.050049
145.612104
194.068351
821.388840
346.823370
645.234432
718.097482
449.643105
718.959381
1528.113105
650.483843
562.109955
284.317449
201.304129
598.351094
551.992061
520.355208
281.636363
724.603271
1297.318393
781.140665
1322.830304
385.357632
1257.111146
676.893039
609.276384
380.679636
510.202204
383.078466
914.626708
565.850533
965.650943
743.629364
349.291155
1327.113712
800.908780
874.547391
356.109826
999.188650
706.542710
568.356355
909.056557
429.437630
962.198703
1573.876047
853.427953
782.585853
1391.057338
1819.194301
255.867254
664.671757
1164.748027
311.454814
358.166503
257.593750
485.873322
964.146122
308.644943
844.416089
590.355774
1348.339878
831.939429
411.702451
263.851989
540.461518
454.696581
427.447494
1303.821636
778.119270
319.387178
1251.010745
1046.797295
459.034852
1200.911015
1315.678363
570.483065
555.082377
666.460831
592.750638
255.684524
1212.942597
1089.358158
459.765958
278.079624
568.593274
773.677566
820.107262
1001.067275
263.969070
565.548366
237.417696
703.255182
1179.395838
1572.330209
667.519186
622.999111
1184.359684
195.633048
1000.743216
225.625446
484.455404
513.205188
936.460565
727.023561
932.566184
1413.120290
1129.752603
394.517919
1297.021799
1227.054960
469.174607
1386.538917
435.409547
929.353247
742.946703
389.736192
261.584719
1202.891273
474.613469
715.526755
913.959945
1230.455068
324.466314
460.320919
867.678877
635.241851
594.270822
1103.301445
116.426749
1053.340826
491.536159
481.574055
658.774429
99.995702
528.018803
939.942116
1042.060714
593.931765
369.821869
1208.544270
486.211906
565.781103
476.060430
304.710167
938.989069
972.450770
819.474965
1208.623549
696.470026
722.155928
996.813591
596.011872
697.315757
466.489663
580.751815
924.373336
418.517031
428.821000
431.555037
616.195273
514.288291
142.545402
774.611566
758.221593
643.968711
442.031394
286.094470
335.045815
795.698688
618.927144
264.188171
523.128002
408.426621
494.606688
127.465947
755.577061
187.568297
298.859592
1091.294199
115.771672
188.077218
382.600284
627.458528
204.173535
512.233517
385.995506
272.366603
901.265306
748.472984
1013.643345
458.296348
176.858941
699.102857
598.726613
409.610685
1341.217297
1317.422772
568.804839
403.046385
239.396288
788.093000
932.492743
949.331549
440.600910
407.452381
782.669247
1205.564475
1159.857535
1344.721706
627.441223
1246.354782
1047.936926
887.923988
811.110499
966.353777
959.827496
1079.238837
1214.563216
484.012867
900.814315
637.472824
921.023674
1312.993675
825.956568
683.015010
688.649662
889.410451
1130.600847
1094.727882
794.191692
960.735699
475.289524
655.831235
313.560627
874.180707
933.219127
742.252716
450.674738
1066.416093
967.646878
251.219245
895.004458
760.476081
694.980426
1489.817265
954.743062
692.836928
517.833121
826.860712
442.087446
613.324692
171.751504
349.920622
501.031654
1007.371640
333.731303
373.310885
1610.447300
708.070225
622.328760
479.393407
375.008156
217.804448
1269.128748
833.578508
608.777026
542.126206
143.851040
1023.877428
486.774356
193.844202
1031.061349
256.769300
686.571339
991.859032
744.511700
516.891082
322.372338
787.353974
1925.848067
565.377279
1179.402823
905.014048
951.337862
1119.709011
898.821954
765.556838
1072.846528
869.840915
992.393442
843.201345
746.794719
688.027640
917.038808
646.105178
1373.092273
960.027023
828.678460
1010.777856
486.398177
561.417565
684.297722
520.085883
680.564476
744.302593
794.199564
815.672823
1181.098895
1023.742919
935.068402
688.481519
1313.833932
835.725831
421.267017
1029.560103
985.135093
760.794585
557.044502
406.217527
965.295692
865.610998
835.637704
473.182688
788.075300
203.801544
822.667839
821.406151
320.065000
211.543012
39.724272
494.156253
420.370370
426.910920
