50.357143
140.766667
24.062500
92.500000
184.799342
56.458333
56.458333
147.498374
100.335726
59.523810
44.545455
141.234946
27.261905
52.938596
23.333333
90.775641
150.231399
67.500000
93.124639
201.231082
109.981399
107.874172
96.102522
48.697917
35.000000
108.746711
137.883741
122.875000
147.612149
43.750000
142.349065
181.720463
182.438225
144.002976
66.250000
36.043233
141.971866
218.694472
162.360390
127.500000
99.843750
102.916667
107.897436
156.903562
198.247409
142.361111
104.942121
65.729167
84.017857
35.714286
119.323917
76.250000
161.862981
74.241594
211.228184
213.270833
187.895833
149.198718
68.392857
100.806878
195.105473
147.183743
170.830373
91.460623
49.501634
129.111842
200.321078
114.095754
40.714286
143.441220
99.437500
169.796140
163.268150
150.289967
157.318477
56.037946
99.739583
125.000000
50.839238
119.396218
141.712944
53.333333
38.125000
17.500000
141.479785
120.605601
80.094697
70.357143
140.416347
187.091912
113.090278
400.147171
152.285398
119.873418
115.475991
138.840825
103.886250
76.694268
191.597282
82.960317
67.349210
194.485095
79.902778
60.708333
101.458333
76.974228
182.973708
160.759010
80.375000
113.247083
127.771040
140.669623
123.802705
94.182030
134.893561
140.441604
32.277778
68.044981
135.373641
87.877257
101.971966
252.743927
31.972222
89.520089
84.404762
165.478337
124.809659
118.354355
66.666667
90.663603
53.722222
18.750000
33.214286
37.869048
173.683881
44.833333
188.663391
181.902289
206.139616
251.257565
72.263889
122.219968
72.168155
85.783088
85.096154
133.540972
107.709293
81.698718
195.838181
161.345166
99.082168
51.076389
188.885678
150.166020
112.321429
140.455634
167.195513
158.981602
312.165489
132.295387
212.569324
41.615079
97.962302
72.903369
134.091184
165.585001
67.384615
113.030258
175.360195
61.696429
129.273067
184.986742
136.416420
86.577562
212.818935
148.155303
99.017923
184.281099
105.833835
157.509748
148.967497
100.719156
37.131944
197.515120
122.387955
49.179487
60.466667
227.969210
93.590278
211.917424
107.723011
228.953441
90.978007
95.211676
46.160714
25.000000
120.217391
188.906253
121.445933
143.057292
138.048363
105.852444
74.664530
167.599432
88.371830
75.000000
28.817029
187.855935
157.286563
109.246741
144.951584
242.596680
121.904762
156.248422
111.549480
93.348958
185.886499
68.379345
202.674799
161.164596
94.583816
83.428571
40.819444
85.563889
184.657378
111.822917
179.473485
75.301339
140.956140
185.558457
124.847756
27.812500
88.668831
125.847957
54.621528
36.562500
76.595180
91.041667
218.776468
119.291695
245.186139
63.360390
87.754780
76.606858
25.000000
67.250000
228.127667
120.948052
47.679228
62.109095
170.275735
137.011713
78.348214
73.581349
99.618204
110.370746
67.456034
171.981743
87.995614
36.833333
15.000000
66.406250
88.958333
101.875000
71.913515
150.588341
39.523810
139.557692
146.091381
76.543040
56.000000
70.704963
70.892857
164.361976
120.603355
164.788690
206.061088
211.978169
221.329155
206.566558
109.000000
31.875000
193.362073
115.540675
97.187500
32.113095
58.157895
55.833333
88.000000
64.307692
68.476732
72.806373
129.781104
152.178186
238.477582
133.070241
64.676170
160.589813
95.265152
84.416667
82.291667
216.686508
142.486350
160.280429
89.188866
112.628457
212.112001
97.196743
61.220238
36.883117
144.981006
261.816362
244.572890
143.538588
132.105009
117.062856
32.380952
62.143939
126.329908
187.152194
66.562500
64.129464
125.260417
108.898284
85.197368
195.769751
203.612013
271.191653
102.653846
229.418816
150.144711
105.223214
154.259111
100.149371
158.373685
71.013258
127.582460
134.330019
101.990388
182.805489
148.836310
201.684753
77.700590
32.767857
28.482143
143.216856
162.521373
154.162687
203.346275
34.166667
103.825849
88.704710
134.929650
202.337971
172.517943
57.500000
38.750000
62.470238
268.156005
184.614857
175.672959
104.333329
15.625000
168.892700
27.931548
43.666667
76.875000
192.588376
128.417295
116.889361
118.031525
132.792479
45.833333
95.000000
37.191176
87.023773
197.986738
179.282174
21.678571
46.607143
118.293651
102.031523
192.365649
60.810755
62.115385
8.750000
308.166720
132.596154
21.250000
43.214286
69.975845
156.456202
114.587912
84.910088
184.546469
103.685516
72.164094
58.822974
47.343750
43.392857
76.785714
91.997549
62.895022
37.901786
51.145833
64.895833
154.253512
251.584643
112.860703
96.551996
63.854167
129.821429
209.304004
79.666667
130.870966
138.766171
68.315476
132.980292
71.685606
168.931727
121.443036
196.937788
60.696395
280.398392
266.245296
79.071429
145.390370
107.090909
81.013596
173.251997
82.198773
79.895833
81.409722
129.961999
98.199836
99.616603
35.855263
128.444795
73.683566
63.333333
113.118506
142.542989
220.964715
138.520105
179.324328
35.781250
119.279906
267.994942
211.477245
127.646329
66.834821
92.174879
134.230769
232.076403
184.005430
137.107997
59.987547
133.411041
129.036380
81.789826
85.338792
79.617898
91.235795
295.636925
181.479022
23.583333
78.299825
35.113636
135.258409
277.299236
76.731050
301.591695
121.666181
102.476974
72.790179
231.307982
62.072844
155.647963
61.598485
99.916276
172.836110
157.761280
109.753289
108.328698
191.474862
82.358422
144.545017
109.231086
172.125000
33.333333
231.740799
52.173611
66.125000
80.364583
76.299603
114.571558
113.567308
123.149038
56.000000
181.139298
71.969697
201.716701
139.431944
65.018939
82.565108
53.929668
89.647727
113.718182
63.965686
127.981913
62.639536
81.607143
121.503504
40.000000
200.111852
114.538043
144.948819
96.653694
110.121503
52.500000
153.114945
95.478098
154.739085
201.006944
241.458385
247.442022
200.403312
47.598039
115.674342
45.937500
62.569444
91.312500
108.875000
100.595109
92.412634
102.575729
46.666667
86.053571
36.230392
118.687500
239.645036
191.012277
32.142857
128.397727
130.670876
196.404681
97.738095
222.429588
230.357143
65.072917
92.782998
142.700893
184.845562
200.056612
213.989183
62.877451
83.114354
173.382239
119.166667
42.976190
85.092330
81.809896
110.598958
190.380531
114.515399
146.293860
202.058605
216.078858
59.010417
31.666667
96.594426
87.769318
62.708333
116.740135
106.310041
90.010093
188.579183
183.678183
155.589080
163.506313
104.755621
91.741453
39.228896
165.574778
90.699686
31.250000
82.369569
76.215278
148.431230
96.547619
108.632834
55.609375
175.692670
60.291667
236.877904
189.562595
225.338424
72.083333
72.608007
110.777868
93.750000
32.291667
170.724707
94.486607
184.571370
42.000000
51.571970
238.489212
67.648810
78.520833
63.712404
127.374780
52.517045
77.614583
109.378788
100.062500
58.593750
145.488722
101.226924
153.400568
164.287446
182.830941
81.594697
147.835996
88.640674
27.500000
59.062500
173.543081
85.485304
102.818569
207.316356
251.447761
199.437500
111.497929
40.187500
101.822917
145.532185
29.625000
16.875000
70.375000
107.026772
94.862350
60.937500
66.527223
114.069627
238.346047
189.012631
119.821880
44.566789
241.222011
210.213780
90.106089
195.203203
86.004785
123.240546
79.166667
57.553216
29.444444
25.333333
210.173748
162.506607
111.718750
110.006142
97.395186
83.021978
111.871698
133.604167
53.150718
178.372539
82.336207
53.885621
76.413043
85.416667
111.994048
89.813283
139.046620
130.605013
116.601190
314.272892
145.464286
104.193539
162.488998
133.845238
92.097542
103.750000
49.718750
46.723279
200.997182
88.829004
106.622611
149.650735
148.526010
229.005985
127.828947
155.870059
78.817016
59.678571
171.664683
113.956784
168.925028
110.567260
142.821862
52.857143
68.773496
86.884470
43.250000
62.278409
96.234603
127.773874
49.129464
16.875000
48.732639
139.033032
142.203851
194.139493
302.098743
204.496269
164.300237
86.204268
191.619318
149.046943
60.468750
180.363517
208.378965
67.291667
15.000000
258.267084
147.625000
90.562404
176.129670
110.171020
123.786959
84.818283
90.636117
108.631674
106.521261
91.003660
79.523810
153.231948
70.947272
84.101351
64.285714
79.687500
151.491977
230.950155
210.700963
132.342117
103.873438
150.139957
221.164773
171.762439
243.013889
74.412821
102.997808
160.086722
149.357493
134.475017
178.611907
77.277778
40.833333
183.234973
82.537879
85.214646
196.359439
176.024306
165.934524
172.534731
238.976404
65.895833
45.833333
86.191218
59.125000
118.663935
189.712349
109.785389
245.961968
160.278958
119.938811
77.032986
93.029681
199.566121
171.474116
57.692308
183.836576
179.765620
138.377303
115.818304
48.058036
162.189850
247.329610
338.709435
117.337076
137.692308
170.549107
129.538462
207.474362
227.443645
145.271796
90.344203
91.534444
121.699993
118.713696
225.381702
154.502826
77.765152
108.810914
138.589198
103.270270
54.583333
96.257952
49.513006
55.000000
111.263130
108.633845
261.656046
118.476563
57.380952
111.560516
56.437500
169.625185
117.661122
58.058036
79.595763
218.375752
101.427083
214.650685
235.408883
148.888022
152.180603
156.953074
92.694444
116.875000
108.258929
44.035714
170.471801
276.795374
266.609011
120.364427
259.345995
88.785714
147.573210
164.697032
30.691964
61.235577
147.003117
75.398148
362.090087
230.984476
105.194444
20.000000
59.241071
85.327381
78.053322
89.154412
74.776786
42.880952
59.628788
299.937641
94.623983
101.360248
73.978220
194.965552
173.029905
87.224537
141.970308
85.763942
31.598214
50.297619
83.651786
134.314935
36.500000
81.378653
89.014124
53.333333
214.407634
123.317187
85.820903
181.698748
53.912281
146.978280
48.674242
19.307692
59.325019
80.883747
66.595975
134.770010
147.161831
38.575487
163.594523
65.295139
99.688166
111.964469
46.952538
112.711466
105.914787
32.656250
73.593750
72.485550
69.969099
112.918185
100.892857
115.082792
135.347560
43.802083
97.129386
210.896930
65.101305
215.984955
208.896085
82.194444
112.560307
272.059289
101.516181
40.000000
133.330648
173.347127
238.344553
47.031250
145.159774
201.097712
146.930014
170.208333
115.430781
53.593750
186.808347
58.902586
111.818338
128.779417
154.619288
193.713054
91.910714
150.830343
85.953947
40.625000
68.750000
91.194444
162.354167
153.325893
93.608730
50.089286
78.380888
74.897817
136.740698
45.000000
39.941176
73.050866
60.669643
141.831334
334.975282
62.931818
136.168430
232.057692
264.577831
77.552489
74.826206
100.041615
90.291773
125.431476
31.250000
109.230925
296.224470
112.194549
105.275253
133.623016
96.967831
114.881944
177.456270
104.875333
63.977273
126.877011
70.438034
51.605519
120.712540
110.793943
212.667637
76.562500
116.816441
80.700554
154.682801
166.390422
82.627841
143.856580
82.544824
199.181761
184.247272
197.724609
100.681818
133.333333
149.894260
235.170576
258.458940
157.913961
200.484247
91.666667
39.519502
129.654769
120.874620
80.742674
282.498675
100.620200
104.785714
193.170198
191.324894
171.034989
175.083333
86.324107
108.146446
130.759793
52.141234
70.654587
129.852144
148.979891
168.593750
93.066368
87.118056
36.145833
119.314140
140.032310
151.221955
139.188886
87.765523
157.339286
177.734962
183.726062
143.823726
66.078947
18.125000
187.274829
38.238636
43.750000
140.361219
117.051423
124.298280
88.906250
89.543269
92.850564
187.792177
184.146382
155.959430
79.375000
207.988641
79.583333
68.856352
149.990769
318.884215
92.366071
163.133403
159.946429
158.105056
104.011364
62.222222
170.111723
104.877820
85.569853
93.478571
95.245798
99.725732
126.211124
46.875000
248.514550
78.923611
59.360119
114.376080
101.536458
57.815126
155.650490
116.063988
116.250000
89.239626
136.343812
105.993757
213.579945
185.946115
75.892857
82.370370
84.114011
85.811688
40.873397
46.041667
48.063187
86.579521
120.416667
288.939293
113.677354
88.354167
122.994271
66.302434
190.458396
193.371086
86.081731
134.738467
71.360637
45.223214
61.250000
83.928571
78.317308
88.437500
107.704545
68.385913
44.553571
100.449134
160.054276
68.697917
140.297047
40.252976
67.290761
71.529762
81.528167
93.500000
87.368817
87.500000
100.666667
228.994734
100.839962
111.583333
165.999821
73.604167
102.332974
54.701705
139.213742
164.309659
101.635417
299.700532
189.899725
91.437614
164.751030
75.264706
44.204545
89.810520
111.464442
191.897135
39.428571
111.959110
121.963743
97.598214
105.320532
119.618750
47.662879
156.965811
85.416667
146.768076
57.269886
130.815476
142.304257
193.152929
44.541667
110.758929
102.220773
37.785714
116.070076
114.124777
76.717033
79.376984
112.643939
161.227741
120.238636
125.918448
245.043104
159.241703
77.954545
154.492656
122.186921
73.612689
68.062500
208.608333
94.678030
86.700758
80.884913
215.235624
158.157197
51.250000
85.603778
55.678571
184.182928
152.330738
46.250000
99.604167
149.718750
209.148255
61.263848
25.000000
99.050325
101.300314
50.000000
149.063853
129.114698
167.631091
133.750000
157.813973
151.359432
154.595382
60.416667
76.996377
59.791667
131.529605
172.385634
211.063131
129.258686
155.994576
209.803461
73.593750
153.958333
119.947917
89.601449
93.353466
84.566183
145.498342
165.899098
95.227679
76.250000
114.949142
99.187500
191.476824
92.453552
59.642857
115.793781
106.062584
81.915584
144.494243
85.823864
81.000000
146.817089
283.015634
130.938988
63.072917
133.319805
101.785714
35.000000
98.958333
124.392473
182.713937
227.643629
225.501660
115.673611
79.741601
65.625000
75.910051
53.883929
281.005263
149.739379
136.666667
63.826923
116.611520
169.166667
157.893806
64.164835
92.264957
190.164756
441.222390
301.306366
166.614583
153.520031
80.346154
82.750000
127.613445
129.161693
95.296474
102.935203
99.626482
222.939651
151.805174
240.858929
117.668478
79.763258
78.910665
78.087126
118.544471
50.106695
65.112637
182.817482
87.903612
106.590909
67.353757
196.235064
76.279762
129.871795
70.928571
125.760417
234.186117
143.424969
368.793968
255.625000
174.609375
225.046948
64.778692
66.669147
142.620486
141.748629
90.000000
118.645833
129.159485
78.209551
239.864802
266.319574
146.644967
247.024788
172.918795
181.833993
125.595238
361.754954
121.223958
321.875573
142.225941
243.459411
60.059524
67.067708
112.178770
96.858389
140.790179
80.803571
119.536851
289.711942
134.875016
137.349152
120.744196
267.249344
90.853883
115.003720
124.216863
210.600281
169.823034
127.216740
110.601190
92.633929
233.377396
186.728431
202.805070
114.830129
142.641178
142.543527
62.773810
128.588875
61.074405
150.312500
123.779840
240.973657
101.012688
96.273810
254.847433
54.975649
71.233135
118.154911
76.736111
100.087719
122.367424
89.583333
75.000000
104.282213
107.748932
99.025915
76.363636
95.357143
146.696413
44.803571
80.148810
302.291696
135.931052
148.710543
65.086310
195.310619
228.972336
120.396825
101.478697
47.500000
238.595493
54.096639
53.125000
78.704832
207.901945
192.178219
186.887626
117.589649
46.261905
215.556845
191.058036
156.636848
109.314602
304.260472
184.707353
59.045139
75.702751
137.547124
52.500000
63.125000
326.630372
95.267316
158.838888
128.773496
52.119048
139.640963
37.500000
81.215278
122.267612
118.437500
150.399139
71.079545
76.250000
155.694444
68.764083
117.901837
155.230590
110.548584
246.919548
158.401942
56.488095
91.530282
110.199879
134.922131
151.857921
104.582888
146.630260
123.862045
65.196078
100.500000
61.852183
57.776786
144.768512
177.812016
199.569819
65.656566
81.361607
83.707983
66.142632
66.328947
183.080592
52.000000
88.068182
270.743134
115.652169
60.416667
110.907738
228.597917
141.026786
115.190390
98.707265
217.964209
59.517170
73.675249
116.072917
75.739583
166.276746
137.886905
69.156485
76.264205
60.728084
78.147727
86.850559
78.734606
54.857143
33.625000
129.406452
194.115245
92.673445
159.750874
88.084627
106.262163
134.271653
183.941402
48.544643
99.867063
132.601736
138.547078
45.560407
48.258929
43.526786
102.606196
20.833333
63.306969
283.357097
72.620536
104.774306
197.425075
167.882846
43.149510
56.809211
151.597400
98.437500
44.598214
121.774951
332.903080
119.608802
78.074009
139.809057
93.184524
93.441729
142.603656
53.943182
100.007440
30.520833
48.595405
127.872347
73.948864
31.250000
101.895987
117.148438
331.135944
105.773810
128.076150
117.238062
99.715696
53.125000
94.952580
126.714286
133.350053
28.750000
53.827839
86.029595
115.101664
165.901073
101.927224
42.329545
63.958333
127.647858
269.366508
167.923258
63.055556
49.916667
76.211412
138.580731
75.841619
103.209602
104.464286
115.748020
89.431818
115.360035
80.607143
49.130952
51.123604
50.988506
161.114039
70.133814
161.888073
116.117424
130.898118
51.428571
109.347046
24.880952
115.955997
95.937500
105.026721
294.229461
114.718324
132.712843
130.856481
70.344680
93.384046
73.207792
83.410714
92.713773
37.428571
46.169880
108.650455
140.006553
58.250000
168.254501
83.159091
181.265869
61.090686
73.229950
65.281385
69.161364
38.482143
168.187424
151.578202
145.015592
185.230084
95.454545
198.727627
237.519125
89.038178
81.783569
176.469016
251.536432
110.003837
109.731061
79.090909
55.109127
181.049107
188.282407
175.042410
73.944202
215.165404
118.194059
128.989362
133.392519
116.888622
99.248162
107.755682
92.585227
84.207341
148.737462
129.159197
90.793498
46.875000
65.625000
140.722538
176.321991
241.037636
77.406593
147.702344
174.334100
93.656250
75.336806
233.336053
352.114804
116.020088
76.973039
53.988095
64.413961
205.230556
151.491507
84.386081
209.976394
42.976190
167.782991
78.809524
185.896979
55.500000
206.395553
30.625000
108.154762
119.303442
294.577055
219.581658
104.007937
118.020833
192.702940
80.000000
73.539663
142.103112
91.145833
89.904762
200.296155
80.800189
59.837623
97.640535
179.984318
115.731126
227.255738
66.090540
150.104167
117.357143
163.278048
279.801294
322.346833
94.903309
154.035095
50.666667
97.000000
140.007649
59.412879
92.497549
161.198892
130.078488
134.315104
202.332265
229.458333
90.156250
95.162698
98.442679
70.387561
81.545063
188.490870
138.384905
92.291667
187.187500
77.500000
122.843956
80.094003
87.485119
80.375000
137.887387
95.813492
144.530920
68.583333
127.368161
45.870536
61.418067
108.083890
63.519022
83.299258
76.090745
45.937500
157.250000
76.261905
66.250000
115.177258
91.284060
75.458206
156.950978
199.960779
104.599359
89.722222
136.996473
61.168831
97.598837
114.062500
125.678571
137.390934
136.401692
94.747475
53.471154
198.010871
116.630329
122.360595
148.929812
132.543403
169.334416
82.306818
61.581910
193.752976
184.442651
165.827068
126.914651
298.938526
73.276515
58.020833
275.056090
168.581255
50.760490
112.175420
161.168890
128.437500
65.277512
139.312500
128.541667
189.240045
125.776595
138.815193
176.086345
97.773076
66.829441
158.411922
102.737414
82.159091
198.013318
80.401180
137.384959
107.080392
264.721095
69.077381
155.290277
134.567688
99.475779
64.739583
62.038118
148.737599
61.718750
112.333333
302.475878
229.782810
184.876152
65.000000
15.000000
17.767857
69.047619
175.122888
82.137446
99.357639
286.396299
109.948925
102.698108
243.514753
62.504058
143.426142
93.354167
123.489377
76.417683
91.472902
113.277360
232.654506
33.973485
57.781250
142.065637
138.669643
38.750000
136.150794
23.437500
120.791100
135.746964
102.724452
99.818517
161.534805
238.039947
116.328852
172.083333
60.483631
131.360931
138.506684
31.904762
101.562500
168.055452
38.806818
45.401316
190.532154
122.112453
143.376123
174.577497
228.892458
262.144741
298.982361
249.574382
43.359375
41.111111
124.246032
72.250000
178.540235
170.761634
184.286525
149.770373
89.865278
58.022388
169.541898
129.191412
120.661458
77.416667
104.558208
210.749001
75.154597
88.431412
87.496280
99.535985
48.611111
88.343254
66.228697
171.825263
95.936147
324.116995
35.119048
111.781656
123.837739
44.348684
188.171285
195.309495
72.976190
139.017210
78.047439
170.438217
99.895833
197.521653
98.992585
67.666667
82.083333
88.803501
178.451317
186.368805
128.204607
52.702020
74.500812
62.723958
141.634470
89.133638
45.729167
63.813317
174.382556
53.553571
36.250000
36.125000
41.843750
31.750000
71.143229
221.956056
149.276873
84.602495
193.874029
73.365385
130.221964
87.749459
149.915139
83.346429
81.875000
78.223214
143.733135
157.105925
110.468750
215.274543
77.891366
202.865212
118.091679
115.883492
202.014784
206.113140
84.880952
46.000000
51.004464
161.413450
133.562959
208.238300
224.807518
81.465960
54.365385
125.920618
229.690751
178.612374
111.655543
111.453824
111.743451
140.458929
78.642045
52.071429
111.584821
177.511456
108.917115
104.215116
88.854167
160.282091
37.471591
169.491647
154.998001
218.212780
175.624931
277.589593
107.194741
88.026115
197.590811
134.652673
102.131293
102.375000
45.178571
88.553323
165.531508
155.017804
140.995596
147.393056
128.862284
135.680556
39.375000
101.789063
47.250000
109.592876
82.870436
118.322981
132.426827
143.695090
255.266034
67.929526
209.030105
165.047619
199.833112
129.500000
188.554498
224.934255
140.442943
131.842268
134.535444
162.025692
52.462121
225.529275
108.304193
155.499156
154.086655
115.784722
148.934815
80.898680
70.929487
70.312500
145.423554
129.308712
63.452381
109.376892
147.298882
101.900794
49.255952
64.721639
179.034984
261.246599
110.937500
101.653251
86.229167
96.027334
68.333333
175.028783
48.125000
53.139569
106.849297
183.687568
25.312500
87.726787
216.504593
189.354867
168.188406
87.589286
56.955128
47.009188
193.359057
86.715318
66.867560
33.750000
150.236730
111.276576
70.352679
102.291667
72.750000
129.175134
109.009196
194.393939
114.423077
142.635458
185.193951
204.613735
115.650862
89.113491
91.063348
93.362926
52.500000
43.280792
83.587461
128.953598
155.666798
106.101190
102.585852
116.896344
208.158088
59.375000
191.149418
162.598771
60.188492
65.769413
168.209543
67.619048
259.633530
142.868339
120.234375
94.285714
149.784601
109.792490
147.377469
68.655732
99.136072
226.377694
97.162824
76.164111
153.893163
85.871517
41.781609
135.894958
157.376917
40.378788
161.920431
65.302472
71.272321
78.261640
19.583333
93.446970
135.630051
197.288359
106.349432
105.202206
155.098025
89.420455
77.499300
58.333333
154.000687
73.081575
143.977619
279.479167
138.500558
164.609401
234.374955
84.952791
37.291667
146.497062
139.749216
105.867074
52.764404
175.671937
115.724548
200.651969
125.773122
54.930556
63.055556
27.752976
133.542598
140.014287
278.311197
174.712020
72.241758
111.234965
57.619048
99.354661
118.717734
140.473710
80.814076
125.728501
144.249673
62.083333
66.432292
116.837121
89.559387
260.680820
74.047619
90.005050
93.022192
87.543239
55.825893
185.285690
28.459821
163.341706
79.142766
131.315556
197.539464
131.891234
66.000000
166.732486
112.715519
94.840909
62.311508
53.375000
130.657490
206.049504
63.214286
117.733771
64.970620
72.812500
126.328185
92.812500
97.710526
55.909091
66.125000
115.729526
152.785940
159.990809
125.119232
192.127159
204.215940
91.402434
98.030538
103.598485
112.541994
74.082633
72.065476
116.960214
53.333333
82.063985
68.118386
136.878775
63.068182
115.610183
149.959275
191.444569
153.843678
75.074405
175.047971
190.150376
136.038961
136.883267
67.770483
69.529557
112.738095
71.586851
119.788851
85.472079
78.826979
137.193452
198.673440
97.302028
86.756944
131.556461
129.994544
102.547229
29.078947
41.562500
192.305986
239.385228
130.766426
159.984947
98.824013
85.432900
113.988742
115.207792
35.208333
143.288043
91.265554
263.958306
72.556818
114.834065
246.269350
75.484069
79.322917
132.597353
67.644231
128.690833
79.473214
159.462296
141.136893
188.197346
68.214286
84.066416
131.793820
81.562500
73.457380
45.264202
113.465909
208.522695
139.152024
199.140693
157.178571
72.418155
87.141204
66.666667
48.750000
96.837121
68.787879
40.591631
30.625000
77.998534
156.966346
59.750000
15.625000
29.687500
56.250000
181.074504
94.836957
173.637105
76.666667
189.232456
94.831913
197.126225
145.925006
40.521978
86.515152
71.265351
122.455710
54.285714
82.670739
219.541534
139.585560
167.449301
130.714286
34.295956
52.500000
95.070294
199.244293
104.349907
165.964674
134.527461
108.238196
121.483449
73.750000
81.544477
110.740275
190.053138
72.979167
64.045455
117.125099
71.889919
103.923993
146.788350
134.139342
110.909926
114.428571
121.136145
178.391575
177.005952
145.815480
161.117889
90.175085
242.776513
168.065122
56.382576
110.819765
112.131514
106.769134
139.468463
88.139881
100.919354
174.500346
125.133929
37.812500
96.142196
78.050676
149.735651
92.679789
187.866768
218.449421
93.046875
98.108974
93.411745
59.230769
54.930556
70.687985
109.025801
260.132174
173.166763
127.892857
71.767196
118.974190
82.019516
71.062500
54.743304
98.866758
200.626213
101.169390
149.776534
45.907738
149.561550
160.545860
91.018812
70.000000
61.979167
44.236111
87.144605
96.352980
126.623427
110.536859
34.431818
53.237179
90.055972
111.895564
157.939905
83.111111
89.014529
127.791960
51.761461
82.596249
88.641377
37.291667
41.666667
69.583333
31.406250
186.084020
170.505952
183.533550
92.452381
94.612024
131.473214
50.086051
51.045205
248.724722
57.781250
104.662677
74.041080
133.690031
100.141026
126.099881
63.452381
41.812500
120.213786
77.054055
81.879202
154.899371
145.876984
187.715442
134.139326
71.391369
72.693452
58.636905
55.208333
125.753752
41.875000
61.111111
76.909091
46.205357
172.925884
158.763393
35.331439
67.500000
108.221591
91.602271
86.834812
78.452381
112.519877
37.500000
99.642857
50.904131
91.482955
121.216955
93.422949
43.531250
63.125000
77.674663
118.564394
126.970110
94.151786
92.523810
51.715278
81.312500
105.402047
170.374827
91.840909
89.439871
41.881868
86.666667
161.987960
193.604584
242.914264
111.156851
78.095654
173.758415
157.388393
95.000000
41.250000
101.363636
60.486111
74.606331
96.768466
233.242367
115.633117
60.326705
108.607955
114.965438
43.996753
88.819444
136.228704
94.375000
66.261278
148.450593
87.729302
134.491477
60.267857
64.217836
55.555556
124.123750
176.111111
416.736878
134.534722
243.989195
97.370557
76.405754
114.406250
97.567370
175.093773
106.224747
77.906746
175.257555
54.936694
156.853147
110.374171
130.888393
48.964286
26.133041
177.748809
52.889610
193.351911
88.853537
45.089286
95.709325
99.045742
50.000000
134.944124
111.083333
165.451632
29.250000
209.623788
108.033293
264.276039
166.770833
191.505619
87.092624
115.414758
164.295635
139.747024
119.032738
109.776786
130.070679
244.822192
63.500470
93.185516
76.421703
176.144743
133.654762
181.296827
117.666635
75.353167
159.707882
145.315789
141.509706
105.863095
169.680877
45.000000
112.663690
111.201299
103.191268
150.869002
94.471591
118.713805
50.000000
85.517456
87.926136
119.395199
134.974432
103.772016
114.210633
121.565530
132.477640
140.143939
265.274425
119.597433
129.042257
174.375000
74.940476
30.208333
217.034091
104.595960
195.329079
38.437500
169.617674
44.746032
190.554104
47.756410
94.580055
68.350446
103.006447
126.921997
58.551136
170.160985
166.739055
247.439103
79.029514
109.637107
218.238769
143.393640
160.463141
100.756579
87.759740
54.611111
54.622126
163.939076
246.103198
261.767405
162.240240
181.455040
104.591811
107.112017
182.135417
162.120358
56.854396
93.250000
168.329167
46.316964
105.357481
108.595191
48.833333
56.940972
218.337302
116.296337
263.834707
237.851911
217.746846
141.137821
126.295812
93.026738
63.125000
47.309028
377.266144
54.000000
175.657983
70.240575
107.563131
152.803269
103.896104
150.806586
184.062500
213.025403
121.243873
31.333333
77.734307
160.030545
59.500000
62.671717
149.994318
212.248396
122.231289
237.303000
104.375000
66.910714
118.125000
144.839931
146.785714
139.466912
223.476328
162.774323
198.514910
235.583296
83.281250
179.315573
85.620265
223.331312
98.975753
200.756706
228.685826
115.313128
109.014640
73.125000
156.477652
218.199220
58.125000
99.006579
151.209475
185.904010
97.390873
61.875000
73.537449
169.677082
68.875682
31.458333
68.541667
120.755208
110.409160
53.764706
197.826236
80.364583
141.920459
167.321429
70.000000
25.312500
157.610176
142.448963
219.463355
226.856931
120.762290
68.882127
26.250000
39.361111
257.496666
53.809524
234.329167
51.692708
181.618009
130.488613
150.641789
154.563605
108.571429
197.952381
196.766992
138.800240
37.160714
219.312436
38.125000
39.407895
68.943452
111.077487
125.263684
183.563873
58.279449
149.119081
185.598432
167.509572
134.758936
170.899778
58.379121
20.892857
173.492063
133.239664
108.200932
63.999102
67.037073
48.541667
60.451681
30.416667
18.750000
58.541667
35.208333
101.963315
221.284722
127.558761
245.967262
158.772727
176.577540
148.195482
141.375148
212.773109
123.137652
299.740520
165.242261
299.944840
34.166667
68.885691
149.677352
127.253707
47.098214
123.870629
286.428903
82.767857
106.348684
179.431548
69.881410
148.325893
257.996180
84.604911
108.941163
131.225962
189.728991
79.119318
107.064394
149.839466
111.771193
137.222222
140.688244
227.272727
57.266963
60.416667
49.088542
69.972826
146.084821
144.167216
70.286458
130.459517
70.875000
89.791667
59.895833
122.986111
44.761905
106.270161
79.475839
49.625000
109.394481
106.878177
60.095238
212.162491
189.491912
97.462225
115.907097
30.974359
44.464286
13.333333
102.246997
50.625000
78.698455
38.020833
41.562500
97.853535
85.952381
107.916667
239.848197
58.277778
25.312500
33.333333
