35.223214
18.125000
20.312500
35.625000
30.767045
39.843750
26.979167
43.541667
12.500000
17.500000
68.343636
57.906746
24.687500
51.312500
54.982143
33.958333
34.393939
49.062500
61.071429
20.000000
24.276786
27.187500
46.060407
55.684659
25.833333
35.416667
20.000000
20.000000
48.704212
45.750000
39.017857
20.190476
13.333333
13.125000
16.875000
55.035714
51.952381
38.875000
19.687500
18.958333
48.770604
41.755952
32.031250
13.750000
36.875000
41.800699
60.984848
61.940476
58.557692
25.625000
31.562500
30.625000
18.125000
38.958333
39.343750
43.363636
45.000000
48.964286
20.833333
17.836538
34.523810
45.568627
31.250000
18.333333
35.375000
53.500000
24.375000
84.687500
77.553329
19.687500
19.166667
24.375000
81.442452
26.354167
40.922619
55.341117
45.416667
55.589286
36.230769
34.895833
47.586806
14.687500
32.083333
41.974432
39.750000
54.318182
30.039474
23.312500
61.593750
87.464286
43.474702
20.125000
35.895833
69.595238
36.502976
14.166667
31.250000
31.785714
25.066964
48.560606
95.489583
58.710317
44.100379
48.392857
14.968750
47.366769
34.416667
74.166667
90.000000
22.437500
39.881868
15.625000
51.851031
51.534226
54.523810
65.074405
56.833333
40.958333
39.526786
28.666667
38.125000
32.500000
36.458333
25.848214
40.426136
75.248016
31.250000
78.421110
43.125000
58.621795
21.875000
18.750000
32.500000
97.911932
59.895833
82.068452
24.976190
49.354167
23.000000
113.696078
40.937500
21.727273
51.220238
41.741071
52.306548
16.250000
11.250000
14.500000
33.541667
39.902597
44.806373
27.291667
74.133117
45.483631
40.648496
11.250000
75.495003
36.904762
44.333333
25.937500
39.389881
49.702381
27.708333
15.000000
45.681818
64.062500
20.833333
46.270833
90.966270
39.795387
40.312500
38.644438
31.562500
34.635417
70.080882
15.000000
42.380952
25.312500
34.523810
26.886905
39.833333
59.156640
62.470238
52.629902
71.804511
59.339435
28.392857
27.187500
17.291667
66.970738
11.250000
33.333333
30.000000
71.666667
52.083333
47.156250
78.427888
71.584821
37.574405
39.300595
10.833333
35.416667
33.798077
33.541667
49.479167
29.880682
56.875000
46.779356
35.833333
20.000000
35.000000
26.666667
28.193277
52.125000
42.447917
56.920996
35.870536
22.750000
51.302083
64.775642
66.114324
33.558036
46.821455
12.500000
24.791667
26.041667
49.343750
15.000000
32.978896
28.541667
25.000000
127.161616
46.979167
97.983253
25.000000
53.378849
71.954365
62.114755
15.625000
43.855311
42.470238
50.202206
44.329545
30.000000
33.187500
12.500000
17.333333
22.916667
14.166667
41.733631
28.333333
15.000000
39.214015
54.916667
56.124188
75.530539
47.440476
53.125000
59.886364
67.671131
73.169643
26.458333
35.595238
22.812500
25.892857
54.583333
48.363321
11.250000
32.964744
60.088808
24.255952
17.500000
27.604167
25.000000
25.000000
18.333333
24.047619
45.305060
43.328598
72.806976
42.291667
53.541667
65.727564
42.000000
55.937500
55.572917
31.145833
60.425866
25.375000
39.526515
18.708333
31.904762
48.854167
61.112440
24.125000
22.142857
29.166667
49.393939
42.989268
24.843750
28.239583
38.633814
45.312500
53.519385
31.428571
16.666667
35.386364
38.321429
36.755952
106.988058
67.540231
51.145833
120.886884
45.128472
26.666667
73.933778
35.625000
94.114583
14.375000
27.708333
46.145833
28.794643
32.678571
33.750000
32.395833
48.936012
36.477273
18.750000
22.500000
39.791667
48.733108
62.500000
35.517113
32.208333
20.000000
35.416667
30.178571
36.416667
35.287433
82.356443
57.589286
70.713092
79.208257
56.956099
28.750000
12.812500
65.818452
49.041667
47.481756
32.769231
30.714286
16.875000
26.666667
65.810674
48.620766
58.534226
20.312500
35.535714
20.000000
10.000000
75.557598
28.690476
76.817497
37.750000
65.785256
12.500000
13.125000
42.125000
45.163690
50.756448
38.139881
67.811208
32.000000
127.206056
37.812500
58.958333
43.750000
94.375000
78.598901
35.907738
34.047619
39.276786
44.791667
40.074405
47.368421
40.833333
38.522727
41.943109
51.458333
61.751894
40.250000
35.000000
35.125000
20.000000
75.791317
49.054622
48.296911
67.507543
33.000000
43.541667
31.771978
74.375000
89.810606
59.648810
18.750000
62.559982
26.041667
34.791667
111.970249
80.416667
26.581439
70.943452
62.792659
13.750000
17.812500
55.514706
36.160714
13.333333
55.450044
102.584207
83.778846
55.162037
38.333333
56.875000
47.900794
82.763258
44.371753
67.898352
34.776786
27.750000
32.029412
40.002671
37.127976
45.833333
36.678571
42.656250
44.971228
22.500000
36.562500
40.771916
36.986607
41.041667
41.578125
27.958333
28.065476
49.805901
14.791667
27.291667
38.511905
74.136520
35.937500
66.185897
22.380952
32.312500
53.333333
99.375000
74.895833
32.125000
40.446429
31.083333
73.014069
22.708333
19.625000
25.470779
38.750000
56.229167
37.395833
32.916667
28.958333
34.322981
54.786684
46.130952
29.687500
108.787013
21.145833
39.020833
38.873106
48.526786
67.823292
28.229167
44.432234
40.000000
32.142857
66.706731
30.964286
31.875000
27.812500
57.272727
30.386905
57.316212
27.767857
28.824405
44.375000
25.104167
35.089286
14.062500
10.000000
22.580357
22.437500
34.208333
63.484848
30.000000
31.875000
45.639881
42.031250
35.107601
26.949405
18.276515
36.148148
89.722526
18.333333
28.511905
57.172619
95.623402
54.935484
48.190735
27.000000
55.895833
52.518315
14.166667
46.407468
43.154762
46.726190
22.435897
56.652256
38.596154
29.583333
14.375000
27.142857
51.942708
68.765987
28.437500
23.664773
26.875000
29.531250
20.833333
30.729167
34.562500
77.055562
90.486111
39.675325
38.312500
30.785714
26.250000
29.687500
85.023148
85.177536
32.261905
28.125000
18.020833
25.125000
45.785714
72.882528
41.671627
31.238252
97.291667
27.187500
32.978896
41.357143
45.402813
45.014881
55.504141
43.031250
36.250000
32.395833
15.625000
38.298319
72.207014
32.465278
36.392045
27.187500
22.500000
27.750000
30.483696
27.500000
28.214286
28.510417
24.968750
14.625000
12.187500
22.500000
77.380208
31.755952
78.489057
16.875000
58.937500
129.464674
24.166667
31.833333
45.750000
34.494048
40.000000
61.458333
118.773674
32.864583
22.443182
57.426813
43.787202
34.918831
65.063348
49.750000
43.000000
62.886396
30.625000
43.416667
59.888308
16.607143
26.339286
27.333333
78.491162
37.827381
24.437500
18.437500
35.267857
26.875000
106.638627
47.827381
40.571429
58.422348
29.291667
60.175699
41.164773
38.895833
28.069853
69.166667
37.187500
32.232143
31.875000
25.000000
50.602355
42.023810
15.625000
16.250000
40.520833
58.038194
62.639706
20.000000
15.000000
19.375000
21.218750
16.642857
48.916667
69.626374
61.666667
62.518939
34.047619
64.192708
49.666667
41.297571
61.900794
51.004464
13.750000
59.766171
41.250000
128.591771
91.452438
55.366071
43.146998
42.023810
39.583333
50.416667
50.431373
11.250000
18.541667
70.669444
37.633929
87.523953
58.889040
25.802083
19.000000
48.187500
29.375000
66.728175
41.118421
21.250000
33.098901
28.177760
23.437500
41.477273
29.227273
37.187500
35.333333
42.542379
36.458333
58.579545
75.919118
60.068182
27.470238
26.041667
26.130952
26.398810
18.541667
31.428571
50.937500
48.020833
110.982391
30.714286
79.893382
36.062500
25.822917
35.416667
30.458333
61.845238
50.345238
45.906250
73.020833
34.375000
17.470238
21.666667
20.833333
99.414773
34.490260
49.841270
41.454275
19.333333
48.839286
37.794289
34.583333
62.147998
43.697917
36.218750
19.687500
61.701389
20.937500
21.250000
13.750000
88.554664
36.500000
22.916667
65.282051
37.733516
73.279762
41.270833
14.791667
26.477065
54.895833
55.621212
45.686090
13.333333
12.187500
73.197230
47.812500
59.928571
74.644841
40.331439
37.812500
20.446429
45.833333
68.350694
32.250000
45.149351
45.083333
25.833333
20.625000
28.125000
39.191176
33.125000
48.437500
30.937500
20.937500
50.804228
21.937500
28.437500
31.062500
30.959821
49.232143
36.614583
32.485119
23.687500
84.134238
20.000000
13.214286
20.714286
41.599702
22.797619
10.833333
26.569940
47.325539
89.682090
32.026942
77.979090
36.642857
37.500000
16.208333
13.125000
37.645833
56.041667
52.812500
32.291667
23.958333
29.583333
44.688057
58.571429
24.375000
12.083333
55.620421
51.948718
42.815476
37.440476
61.875000
29.732143
68.890399
32.663690
57.853839
42.357143
60.444444
51.942745
25.625000
23.125000
19.375000
67.023810
52.589286
25.000000
24.583333
76.071283
53.250000
38.645833
37.812500
37.747565
24.895833
38.154762
45.173535
39.000000
31.500000
38.809524
46.197917
26.666667
50.781250
97.052083
69.620994
19.955357
13.437500
27.031250
34.955357
24.166667
17.500000
17.651515
18.125000
28.125000
47.831439
30.805288
85.172619
83.776042
60.604708
41.125000
39.270833
38.145833
28.459821
45.000000
31.666667
22.500000
40.943182
116.398958
54.327381
37.253788
32.648810
35.833333
23.333333
14.583333
25.729167
29.712010
38.666667
26.773810
50.380952
21.666667
46.685606
20.625000
26.250000
50.501374
51.428571
35.416667
48.529135
34.166667
15.625000
9.375000
51.823413
15.000000
20.833333
50.401786
24.933036
18.333333
28.125000
28.020833
45.885417
19.000000
35.579545
34.583333
163.834294
17.708333
28.750000
51.484375
57.932331
29.375000
57.791667
26.863782
29.250000
33.125000
50.526786
41.523810
54.303571
20.416667
26.049107
55.089962
33.958333
31.625000
29.062500
50.723684
20.000000
18.750000
33.854167
25.000000
41.032925
46.575368
28.026316
37.157738
42.812500
62.948661
27.428571
40.675611
18.750000
13.750000
18.229167
24.479167
24.791667
28.854167
19.687500
62.525183
22.416667
49.487920
84.916667
17.083333
7.500000
17.291667
14.791667
74.199134
49.702381
36.120130
41.541667
35.593792
26.428571
49.330357
51.586806
37.733516
46.235795
44.545455
42.614583
48.125000
44.232955
26.250000
42.821429
35.000000
23.750000
31.979167
40.952381
40.032468
29.583333
30.000000
26.041667
19.791667
8.750000
31.577381
34.583333
23.750000
32.142857
22.142857
46.235795
34.322917
46.422276
38.500000
13.750000
20.000000
46.765351
47.500000
80.815747
98.127498
68.834586
40.416667
49.343750
39.972222
31.000000
14.583333
29.928571
75.622807
58.244048
42.750000
26.666667
22.708333
66.227679
104.514881
52.812500
52.595238
35.937500
32.805060
75.416945
50.416667
66.602073
55.000000
60.625000
65.588849
69.085227
30.714286
40.562500
43.317308
37.053571
20.416667
22.572917
24.958333
22.604167
25.045956
21.812500
29.732143
61.837623
15.416667
41.833333
35.844494
20.625000
53.144886
36.562500
29.812500
29.166667
34.173077
27.187500
59.148284
42.145833
66.684253
57.601190
30.000000
49.531250
41.949405
28.693182
24.166667
39.080529
40.416667
21.250000
41.369048
11.250000
19.958333
14.958333
34.104167
27.395833
39.039835
47.167208
36.666667
40.625000
43.857143
35.491071
40.948052
122.849115
43.474359
45.745628
43.750000
48.799534
30.625000
35.208333
17.991071
24.010417
25.260417
23.750000
128.312562
18.333333
16.458333
9.375000
12.812500
19.583333
25.562500
30.000000
51.547619
60.775162
22.187500
24.520833
15.833333
25.416667
51.361111
22.500000
14.375000
23.437500
61.375387
48.125000
38.785714
64.980046
76.627324
46.411210
41.213942
79.337949
33.303571
30.791667
60.935065
19.791667
30.392857
28.333333
27.083333
38.687500
29.166667
29.791667
8.750000
11.875000
30.979167
50.268429
23.166667
35.572917
61.741748
28.287879
39.114583
26.218750
18.645833
55.866045
19.583333
34.062500
29.687500
32.959821
25.691964
40.115950
54.182248
43.727679
26.041667
57.422890
44.791667
26.666667
30.416667
48.083333
37.880952
44.623397
40.312500
38.333333
37.395833
60.831845
41.931818
109.010417
40.617560
30.729167
21.375000
21.250000
21.562500
36.721154
45.286184
39.583333
36.519231
38.300866
41.954816
34.568182
15.208333
45.422431
56.158104
26.666667
26.800325
35.000000
57.072917
62.000000
84.824561
85.053459
28.214286
18.437500
41.889706
77.286089
23.437500
111.167939
55.091989
45.023810
54.399351
33.125000
53.009615
10.625000
36.681818
39.244505
41.041667
34.970238
27.232143
32.380952
15.000000
47.234649
37.750000
24.166667
17.395833
20.416667
42.410871
22.291667
30.234375
55.346154
33.873512
41.596320
65.379464
21.145833
46.571970
20.250000
29.047619
24.375000
21.562500
65.765086
97.783186
32.227564
31.026786
16.666667
54.797619
57.994589
41.642857
32.913690
66.233766
19.166667
44.385614
16.666667
25.714286
21.250000
21.927083
18.093750
24.598214
21.979167
38.869048
38.768939
26.845238
51.871483
39.322917
23.750000
69.919118
74.234314
31.208333
57.292303
18.750000
64.635628
29.214286
26.979167
13.958333
27.023810
55.500000
66.749657
25.595238
25.568182
31.011905
53.067771
46.530449
35.979167
8.750000
30.558036
45.773810
52.760417
27.395833
59.904150
15.000000
24.843750
72.624886
18.375000
27.905844
38.895833
42.427945
27.083333
24.410714
22.500000
51.108631
37.581169
51.563998
26.517857
37.500000
41.370192
30.833333
25.000000
32.291667
23.583333
33.794643
56.390224
135.146377
59.531250
31.770833
23.750000
14.791667
21.666667
45.769231
25.178571
17.500000
34.434524
20.208333
32.317708
56.130952
39.880952
22.395833
27.350379
82.072650
65.237573
18.958333
55.942100
18.750000
19.375000
26.910714
35.312500
51.875000
18.000000
36.755952
30.937500
28.958333
56.160714
41.610577
26.738095
25.000000
44.881693
84.323697
17.395833
52.523634
10.000000
18.593750
27.911932
37.822115
45.055921
42.187500
43.589744
24.791667
33.177083
19.583333
19.940476
75.018116
31.250000
35.729167
59.252687
53.461134
28.645833
40.937500
70.680465
43.169023
51.176136
52.991071
54.595238
92.064768
42.703028
14.062500
26.406250
43.333333
55.410714
51.770833
24.866071
51.366029
20.000000
19.583333
37.312500
48.775183
74.041667
38.906250
81.558780
55.937500
33.958333
22.916667
40.833333
66.628788
38.839286
21.666667
26.666667
97.450472
56.063769
60.119048
32.395833
25.312500
26.770833
48.955357
47.142857
23.000000
56.642628
65.465390
58.694444
31.875000
47.767857
41.345238
50.875000
20.000000
63.281250
68.651395
48.242424
49.781250
24.000000
48.437500
28.288690
46.302083
30.000000
28.244048
14.375000
38.928571
20.416667
22.187500
26.250000
46.825397
51.678776
19.375000
21.500000
55.059524
45.209478
41.535714
54.107143
14.687500
30.312500
44.510417
43.541667
71.587683
65.781250
51.847588
28.571429
34.687500
67.446078
99.504817
42.500000
32.491087
39.914773
16.875000
27.708333
70.349702
42.083333
51.645833
23.437500
14.375000
18.958333
25.104167
24.136905
30.357143
38.732955
69.083333
18.333333
65.227273
22.500000
10.000000
14.583333
23.809524
34.868697
26.562500
44.970238
13.928571
24.375000
78.416982
21.101190
31.638049
38.342949
46.354480
43.473558
28.437500
39.017857
29.938187
14.583333
37.708333
11.250000
30.833333
28.125000
37.875000
32.500000
40.148810
22.541667
47.544643
54.691964
33.750000
25.595238
33.958333
35.000000
18.750000
28.819444
55.208333
73.756944
38.977273
19.270833
22.395833
27.395833
97.261972
32.083333
36.979167
46.852679
28.111111
49.360119
18.333333
30.535714
53.437500
79.122024
31.812500
20.937500
22.875000
15.208333
16.250000
20.208333
35.020833
65.218254
90.778388
30.859375
18.750000
22.187500
22.172619
66.805556
30.000000
17.083333
46.227564
17.500000
14.687500
10.000000
40.203803
55.000000
20.625000
32.500000
36.979167
15.625000
57.291667
60.594099
60.651129
26.339286
31.500000
22.663690
18.958333
30.788690
55.762821
27.221154
42.395833
37.149725
33.281250
41.062500
40.125000
16.708333
65.642274
48.511905
35.511364
13.750000
28.645833
74.146465
22.916667
29.423077
34.000000
99.241522
16.562500
13.750000
19.654762
49.079545
39.776515
45.000000
29.218750
47.251645
33.497024
61.912027
60.810417
35.979167
126.005029
39.627976
18.333333
77.959145
36.875000
53.935897
27.083333
37.540064
39.156250
37.416667
27.476326
31.510417
62.880682
28.958333
18.125000
43.541667
31.500000
50.741979
58.167067
17.500000
32.522321
76.288645
16.666667
43.244048
24.270833
29.595238
45.000000
87.779942
17.187500
23.420455
34.266725
52.709524
80.884199
28.392857
41.452206
29.166667
32.494048
41.979167
53.494048
19.583333
39.062500
16.666667
23.229167
22.500000
32.083333
39.224702
70.460009
37.854167
24.583333
80.367965
16.250000
18.437500
47.197802
41.666667
13.020833
52.500000
33.781250
69.864469
52.142857
57.812500
61.389881
43.236087
23.125000
18.333333
54.618687
33.750000
44.583333
36.026786
33.125000
80.099540
16.666667
28.994048
20.625000
24.833333
32.421875
26.406250
25.625000
54.010417
32.500000
33.333333
18.333333
23.541667
39.350379
27.560606
58.787202
30.553571
27.291667
17.500000
28.812500
34.571429
53.346154
36.919643
56.875000
37.702922
41.025641
60.414216
35.833333
22.916667
40.000000
59.370614
47.366071
15.000000
17.559524
27.812500
22.303571
17.812500
25.250000
22.656250
29.583333
15.937500
17.916667
33.036932
32.022665
83.695866
43.690476
44.297619
36.093750
54.726326
49.107143
28.923611
23.846154
12.187500
23.020833
63.095238
60.827381
42.211903
40.660714
59.874084
66.881944
54.243311
25.620265
27.500000
46.666667
65.903680
33.875000
24.791667
51.716912
26.250000
32.857143
27.663690
26.562500
67.980587
40.408550
42.250000
11.250000
10.000000
22.613636
30.625000
76.863831
48.210784
43.790064
40.625000
63.234848
36.218750
40.678571
59.249639
11.250000
23.750000
30.000000
55.500000
41.217949
11.250000
25.937500
33.291667
20.000000
30.625000
44.963370
35.714286
33.333333
54.946429
37.886905
36.878157
27.083333
46.200622
32.589286
50.451389
44.693452
32.355114
14.375000
73.000541
25.653409
32.857143
33.409091
44.352273
19.166667
21.204545
21.083333
40.972222
39.484848
12.395833
28.044872
48.544643
38.732143
36.845238
31.785714
52.031250
33.750000
35.000000
15.520833
27.000000
52.497024
31.458333
37.678346
51.834416
31.625000
23.437500
24.880952
18.750000
25.625000
26.041667
28.125000
18.437500
21.294643
31.220238
34.843750
43.175731
29.052288
17.500000
58.326163
32.500000
23.333333
7.500000
31.250000
51.979167
39.791667
38.125000
79.463083
24.166667
20.625000
66.940789
49.763386
30.625000
57.431548
32.812500
34.535714
36.250000
51.071429
34.345238
69.011310
17.500000
13.125000
17.916667
33.214286
11.250000
75.110883
37.395833
77.376488
40.600649
28.750000
53.125000
46.979167
41.357143
48.088581
32.118056
39.977273
63.779762
39.236111
34.491071
40.937500
82.676025
58.371212
51.750000
15.520833
36.666667
52.013889
52.932821
15.000000
39.578947
66.755092
56.691964
26.736111
47.000000
49.107143
28.422619
33.214286
34.920635
32.975051
42.755682
37.558036
19.791667
16.145833
35.822511
30.267857
19.062500
37.440476
25.000000
23.750000
51.321023
45.367041
25.145833
41.858586
36.084416
29.270833
33.500000
17.291667
56.159481
52.514205
37.416667
83.801129
24.053571
36.458333
42.458333
41.523810
27.083333
25.982143
33.593750
25.902778
33.035714
57.247700
22.500000
21.979167
38.906926
51.063312
30.416667
37.177083
45.325893
41.316964
31.562500
56.076389
39.642045
25.252976
73.116883
54.443277
27.916667
27.991071
28.787202
11.770833
23.333333
51.041667
48.234127
25.328704
20.250000
22.500000
34.264706
55.078373
37.589286
100.038618
23.541667
43.407738
40.625000
26.250000
47.017045
13.750000
13.333333
16.666667
59.579004
58.519345
27.767857
44.734649
35.625000
44.583333
32.459821
29.315476
18.303571
28.958333
38.257370
30.819129
31.250000
25.892857
30.098039
43.934783
74.160819
23.541667
31.666667
43.970238
44.345238
12.500000
46.815476
37.232143
42.376218
51.428571
50.609727
63.161058
17.395833
29.289773
39.017857
45.729167
40.083333
48.214286
41.875000
36.830357
24.375000
15.000000
33.214286
65.350379
60.299460
62.273810
75.265659
20.625000
20.000000
26.294372
19.669643
24.114583
43.739177
23.166667
27.291667
28.928571
20.000000
40.170455
64.250000
29.166667
73.759816
57.958333
23.750000
60.359432
39.827381
21.562500
51.821429
54.776786
25.024038
32.864583
32.606872
24.291667
27.125000
60.261591
43.779762
26.041667
36.324405
45.267857
36.766827
35.040179
88.816557
49.424107
25.904762
32.339286
19.940476
27.276786
40.776515
39.708333
35.763889
26.770833
60.367289
73.335442
15.000000
25.666667
15.000000
50.369458
86.100584
36.392857
29.479167
26.840278
80.340406
70.298701
46.210543
100.925595
78.049829
50.250000
50.558036
34.285714
37.491071
39.910714
21.500000
72.857143
50.520833
22.500000
53.497024
22.142857
13.125000
37.807195
35.293233
40.994048
20.833333
32.767857
19.791667
36.250000
64.977564
55.958333
43.215278
57.055206
16.625000
21.145833
53.065476
90.929487
111.458200
48.347538
32.142857
45.096726
44.178571
27.857143
39.042208
30.625000
30.500000
36.833333
80.343823
17.178571
29.428571
89.335324
27.812500
67.077471
22.812500
46.498397
66.010101
29.642857
39.109307
39.736111
10.833333
30.171717
45.401786
85.054113
75.633929
31.517857
12.812500
29.122024
40.267857
47.730015
52.187500
60.111763
19.687500
14.062500
17.589286
24.423077
34.434524
54.564653
41.041667
36.123188
18.750000
53.731581
36.541667
75.124104
69.285714
57.730082
17.187500
39.151786
29.081439
71.975446
46.875000
21.666667
38.269231
35.535714
21.339286
44.520833
57.098214
21.526316
37.597403
60.022321
13.020833
58.736645
56.568452
55.119048
30.750000
89.384629
75.354437
47.458490
45.328755
39.524468
47.482143
14.062500
21.567460
41.638528
29.583333
31.979167
70.412247
76.787050
20.000000
16.875000
68.340201
29.423077
15.625000
67.187500
85.000000
32.589286
48.020833
34.687500
12.395833
20.392857
72.964286
41.815476
71.221726
52.325588
30.390351
28.214286
50.022233
20.000000
36.875000
9.375000
26.339286
47.440476
23.958333
35.673077
39.648229
15.000000
24.375000
37.500000
56.071429
23.437500
53.625000
49.166667
73.988904
48.070055
46.339286
51.440972
131.658524
17.083333
80.470238
86.789216
46.127622
95.893211
39.891827
16.041667
21.041667
52.364510
30.892857
20.000000
30.833333
77.000000
22.500000
23.452381
24.599359
72.233974
42.398539
59.321429
60.646520
61.048535
29.375000
70.416667
61.122807
22.708333
42.562500
63.974996
27.596154
76.933081
15.625000
28.541667
23.511905
23.125000
53.766026
45.625000
20.000000
57.071886
63.458333
68.128019
16.666667
41.360119
29.583333
40.093750
24.880952
27.750000
30.625000
66.810897
31.041667
60.866987
37.395833
82.827381
66.100733
33.437500
61.979167
39.032738
48.307292
73.541667
53.347902
48.020833
24.166667
31.041667
47.395833
72.730655
59.553571
29.239583
98.277989
39.812500
33.670635
47.500000
69.469697
36.875000
62.671131
95.571150
51.079545
49.479167
46.833333
65.250000
27.767857
22.395833
23.437500
94.459325
68.964803
52.864583
26.562500
31.354167
45.229978
74.761905
74.618172
25.000000
31.500000
77.038690
18.839286
16.875000
28.452381
48.441964
27.928571
85.664506
37.468750
48.750000
50.937500
32.321429
46.044872
57.325487
35.000000
58.928571
30.666667
39.166667
35.729167
27.351190
10.833333
49.098485
35.386364
57.681159
92.788826
124.656250
69.296875
48.500000
54.460148
28.541667
80.811315
24.000000
66.554487
44.166667
49.394231
40.060606
63.690476
43.750000
32.035714
28.776042
13.333333
17.187500
19.937500
20.833333
47.901786
101.885823
33.285714
52.233974
19.142857
12.500000
15.833333
69.376894
19.364583
35.936147
67.239583
34.577206
46.898634
23.958333
56.342147
29.583333
20.000000
23.541667
92.190664
47.875000
60.887238
26.232143
33.583533
12.500000
42.812500
110.419803
31.666667
24.107143
34.208333
63.332189
43.607143
31.152634
18.125000
35.833333
15.000000
16.875000
21.041667
37.395833
74.449405
30.541667
43.023183
44.112745
37.916667
17.395833
22.011905
83.211225
56.979167
40.125000
56.401353
37.895833
47.300713
13.333333
13.541667
27.083333
43.563988
36.666667
57.142857
38.665179
62.562500
33.854167
82.781250
21.562500
69.389557
43.630952
21.818182
25.833333
29.575893
51.360819
54.375000
37.708333
16.666667
41.666667
79.138258
43.761905
17.916667
34.702381
59.545788
20.208333
81.368246
52.611289
12.395833
48.865591
63.863354
20.666667
57.142857
44.587121
43.666667
96.444332
38.750000
53.187500
21.026786
42.711568
43.913690
29.288690
33.854167
53.750000
60.627976
56.770833
20.000000
18.750000
23.437500
99.576003
39.594156
81.919643
32.083333
95.766459
34.523810
62.470238
76.406250
84.858307
36.547619
34.602273
26.822917
12.500000
19.208333
24.583333
18.750000
35.795455
45.312500
14.062500
19.687500
20.395833
44.252938
59.520032
35.625000
51.041667
52.760417
40.972222
39.791667
77.145833
44.954545
42.190476
64.523810
38.534278
58.091607
26.145833
32.500000
34.791667
30.473485
21.875000
64.437500
47.802083
11.250000
57.134740
35.074405
47.261905
34.791667
21.833333
19.537879
61.663524
65.934606
145.009754
95.761905
31.581439
12.500000
20.833333
60.117970
96.258013
93.348214
21.339286
23.125000
41.666667
62.098039
35.937500
59.244048
37.395833
51.302083
37.395833
57.958333
54.375000
30.312500
34.166667
39.353896
33.114788
45.450321
91.136485
40.208333
36.666667
19.895833
64.905303
68.750000
49.719220
33.630952
49.365079
29.166667
66.388889
46.625000
7.500000
12.083333
49.012363
24.761905
49.791667
86.126894
72.141204
29.375000
48.645833
91.213768
30.750000
41.666667
32.031250
12.500000
26.041667
77.092262
53.714286
34.625000
52.234375
49.535985
36.770833
28.177083
47.434028
34.935897
32.916667
41.055871
31.726190
27.447917
40.230655
24.880952
23.214286
13.750000
33.437500
48.961310
99.771327
78.786932
23.375000
34.391026
62.442029
71.875000
76.455882
42.291667
38.750000
40.833333
25.000000
37.187500
61.434659
20.416667
70.212862
36.089744
35.416667
30.156250
78.603543
34.722222
21.354167
27.916667
63.944627
42.805556
55.138889
46.214015
25.428571
111.473214
25.937500
18.125000
37.817016
18.750000
46.716912
16.875000
56.845238
20.625000
24.479167
34.375000
36.375000
35.937500
50.250000
56.465097
36.979167
27.208333
38.479532
39.489065
10.000000
43.140625
35.937500
71.875000
30.000000
38.125000
60.147321
42.000000
138.834714
57.291667
108.428571
33.191964
35.147321
44.609375
43.541667
63.281250
41.958333
36.375000
30.208333
18.125000
71.966991
48.342491
53.984848
59.439484
14.375000
24.166667
22.750000
18.750000
38.126374
36.302083
64.270833
58.170290
59.583333
60.285247
80.112434
41.107143
15.625000
101.473470
24.000000
41.774892
49.000000
89.054945
46.734848
25.260417
15.000000
30.312500
45.166667
26.041667
48.864583
16.875000
18.333333
14.625000
20.729167
56.684696
36.988636
62.435273
36.953869
79.135563
47.083333
33.685897
39.531250
83.153409
59.918155
53.802083
61.863839
34.791667
70.736444
54.829545
32.812500
35.625000
29.250000
57.057110
41.840659
41.572917
7.500000
67.433036
74.504464
27.567708
33.333333
57.287338
39.821429
72.338772
43.333333
63.683688
28.616071
28.187500
47.083333
35.312500
33.125000
30.833333
51.168155
52.500000
126.278409
41.517857
87.399798
37.678571
18.750000
58.125000
34.589286
32.135417
58.075893
40.104167
35.586310
43.359375
63.798701
28.833333
56.393456
28.541667
66.068841
35.208333
39.583333
68.303571
98.654135
48.420064
38.385417
40.520833
47.232143
71.569940
82.046875
78.959734
31.125000
38.595696
16.041667
63.326772
47.600446
73.953125
55.297619
59.940972
61.164683
39.406250
55.418718
22.558712
50.343407
36.160714
33.750000
20.714286
14.375000
39.333333
46.145833
60.031703
33.020833
23.750000
43.199405
39.408654
48.994048
42.125000
50.162338
10.833333
34.166667
72.734711
25.083333
31.309524
31.446886
49.792208
36.428571
26.250000
40.236607
103.842262
33.182540
36.691850
17.083333
22.708333
33.173077
16.607143
105.441408
33.958333
52.380952
44.761905
32.443277
22.589015
38.229167
29.937500
58.067708
45.312500
64.575359
46.666667
47.914916
40.921266
32.395833
37.276786
38.500000
27.244318
35.833333
39.498168
23.854167
77.070587
46.723958
28.705357
24.642857
58.394097
34.964286
50.280449
55.704937
22.500000
19.062500
13.645833
23.958333
36.396520
35.044643
13.125000
15.625000
27.604167
59.762865
52.583333
41.588542
52.222222
59.870078
36.857143
31.029412
46.041667
55.186547
20.787879
29.583333
36.114583
21.666667
30.000000
83.106368
54.166667
86.270833
47.380952
58.721591
10.625000
27.291667
27.976190
27.759740
35.315476
23.892857
41.750000
20.505952
12.500000
15.625000
28.214286
20.000000
136.611407
32.812500
18.750000
34.375000
106.784951
21.241071
38.569444
70.289748
41.324405
42.500000
40.604167
50.673274
9.375000
39.708333
54.295797
26.562500
33.178571
50.891447
35.937500
30.572917
19.791667
27.232143
50.000000
59.958333
13.333333
14.687500
18.125000
68.003472
46.732639
41.507102
21.250000
15.000000
20.000000
40.151099
12.500000
50.062229
40.386905
22.500000
125.134223
42.321429
17.916667
92.933915
64.302885
41.223214
53.256942
43.533835
21.250000
34.382353
49.526515
64.990530
25.541667
56.291667
61.547619
44.652174
20.833333
34.020833
39.583333
32.812500
21.250000
26.089286
65.208333
72.506944
25.000000
26.011905
47.998188
62.291667
55.431818
30.729167
40.248397
43.888889
20.000000
23.095238
38.633041
45.842803
33.291667
29.441964
29.791667
32.808442
24.791667
24.750000
41.979167
48.095238
50.638105
36.875000
27.797619
68.360517
26.339286
11.250000
56.403727
51.067708
28.125000
27.333333
41.079545
57.708333
22.500000
22.500000
30.011905
22.916667
19.375000
32.708333
22.211538
20.937500
44.866071
29.464286
46.758041
21.250000
28.731061
21.583333
24.734848
20.208333
24.107143
50.431627
86.167543
15.000000
32.976190
40.089286
20.000000
28.065476
93.412059
20.416667
13.928571
60.481602
13.750000
20.625000
19.375000
16.875000
55.211096
27.708333
36.555556
38.396916
105.745479
83.235931
55.951705
145.039476
63.125000
15.625000
26.250000
18.526786
32.660714
73.558905
47.161458
33.927083
15.937500
21.416667
31.250000
30.729167
29.250000
38.875000
112.579764
62.071114
51.599702
24.880952
70.833333
66.292735
15.250000
29.895833
64.712010
45.673701
77.133419
26.875000
37.524351
39.659722
67.177083
22.500000
56.280571
25.297619
50.113636
30.312500
31.979167
43.281926
19.375000
48.571429
15.000000
61.359727
43.449405
38.794319
31.636905
41.666667
26.674107
55.000000
36.857143
51.071429
15.000000
50.378788
74.170290
35.937500
33.489583
41.406250
66.826389
29.083333
21.250000
30.416667
24.791667
47.288961
49.326389
21.354167
34.947917
126.530885
93.540483
15.625000
22.916667
40.352937
33.932630
46.735197
23.750000
20.625000
25.714286
22.500000
24.000000
22.083333
29.062500
34.899267
12.500000
35.625000
40.241071
39.210784
30.312500
31.395833
40.799366
33.229167
42.149621
72.780352
33.541667
29.687500
20.937500
31.875000
70.907738
68.837121
79.723958
37.785714
47.849026
122.319024
37.500000
42.264919
48.292569
16.833333
20.833333
37.006899
43.281250
37.860577
52.854167
33.125000
49.698276
65.900568
50.012868
72.483677
55.090275
50.416667
36.904762
40.733173
54.238525
19.895833
18.125000
26.577381
28.318452
35.729167
47.750000
132.433036
64.052652
37.802579
23.437500
43.593750
47.092340
74.838965
48.350400
62.347375
36.043233
118.010519
38.333333
67.041012
15.000000
38.424107
36.562500
32.767857
36.171875
38.708333
86.676275
45.267857
32.500000
21.250000
20.625000
47.514881
95.464015
26.651786
46.458333
26.250000
65.959430
26.428571
24.598214
41.845238
42.651515
53.785810
57.894886
24.107143
46.309524
43.606618
43.196429
64.656593
10.000000
29.531250
79.385573
88.034700
70.885943
34.910714
43.584133
39.583333
33.953598
60.246528
101.092161
88.534091
68.111432
81.527778
71.704545
42.500000
26.625000
41.875000
38.687500
52.681586
81.189888
57.456670
62.427083
38.333333
35.458333
31.250000
56.045455
21.875000
41.820913
39.129464
52.591912
20.000000
35.208333
54.725379
44.379464
69.375000
20.875000
29.375000
35.047348
73.195294
45.000000
43.523601
26.875000
29.375000
42.901515
62.431319
37.967214
63.653737
51.875000
52.264423
68.589043
47.756410
45.000000
52.486792
41.833333
19.687500
30.000000
32.958333
47.023810
33.214286
22.500000
33.333333
44.646916
92.084792
48.083333
64.211310
36.458333
72.097869
44.062500
59.761905
27.333333
29.062500
48.078081
26.666667
62.440476
33.170635
46.387821
28.625000
65.566845
55.503472
48.616541
45.214286
35.514706
24.642857
18.750000
25.761905
27.812500
59.523237
53.386657
44.387453
71.847826
53.630952
47.031250
67.857143
54.791667
28.333333
68.204847
54.032738
115.066184
42.229437
56.810606
38.802083
34.156315
20.000000
62.380952
7.500000
25.416667
61.455918
36.781250
40.773810
22.187500
24.880952
38.375000
13.750000
98.683036
35.416667
32.068452
51.446898
58.348557
65.375000
96.618304
52.214286
32.500000
31.354167
21.250000
32.187500
39.345238
69.842575
33.863636
37.000000
43.355429
25.000000
22.125000
18.437500
33.333333
22.916667
14.166667
26.160714
28.229167
66.562500
32.536932
45.286932
49.187500
62.265512
90.859244
44.178571
26.562500
25.297619
40.479167
38.273810
107.431245
27.812500
54.466991
102.826653
61.708333
48.090278
48.519345
53.252165
32.291667
59.099702
53.008658
50.334325
31.416667
39.791667
30.833333
54.553571
11.250000
19.375000
20.312500
38.173611
74.073661
63.218750
61.073718
80.866174
45.001614
29.214286
39.575893
38.271617
67.580066
30.937500
43.229167
30.250000
48.280844
36.562500
30.044643
58.033550
23.735119
22.976190
40.269886
36.607143
36.098485
32.142857
34.330357
61.609300
44.642857
30.625000
37.562500
87.504121
37.333333
20.464286
17.333333
41.190476
18.750000
25.250000
38.690476
47.105655
107.062499
18.630952
25.416667
27.500000
64.294718
42.224702
38.437500
62.916667
57.050595
31.875000
21.041667
26.250000
32.187500
35.260417
14.375000
57.708333
27.892857
81.539855
82.535820
46.964286
24.142857
20.625000
62.664931
37.218750
50.145833
15.625000
31.500000
65.988433
21.102273
13.839286
22.750000
71.523477
37.656250
47.500000
53.100649
18.422619
19.270833
21.484127
11.250000
25.208333
53.613092
41.623264
14.333333
13.333333
44.154762
23.739177
30.334821
42.718750
121.362460
55.035714
43.579545
13.750000
28.333333
39.226190
54.346591
37.964286
50.489268
28.958333
13.750000
16.145833
12.395833
67.573052
46.027530
35.625000
30.089286
43.908730
21.500000
54.062500
52.971861
53.562500
42.729167
17.187500
10.833333
45.401515
53.854167
34.947917
55.090812
23.541667
44.531250
57.485119
32.820617
37.291667
11.250000
21.964286
43.544372
40.208333
27.380952
25.781250
53.593975
47.105509
10.000000
27.187500
50.937500
52.640693
10.000000
30.208333
75.144345
17.395833
27.760417
24.375000
25.833333
27.745536
41.822917
33.836310
31.681548
30.000000
80.269886
29.400794
69.119458
30.129870
19.416667
18.333333
39.322917
19.583333
30.824405
19.791667
43.668831
11.250000
37.477273
62.083333
43.232143
47.490780
17.500000
22.187500
28.125000
12.500000
16.875000
33.875000
36.562500
35.580357
39.851190
28.315476
41.479701
49.538690
47.750000
20.312500
19.479167
39.285714
36.964286
24.062500
50.393669
18.541667
57.672991
90.416667
51.250000
31.250000
48.125000
74.696868
18.526786
47.253788
30.595238
43.697917
38.072917
40.498512
27.187500
44.986111
30.562500
79.947917
55.870536
43.333333
47.813147
33.456439
53.809524
51.145833
11.250000
42.691964
26.250000
29.687500
30.859375
18.601190
31.619048
45.461648
49.663462
48.214286
24.559524
54.430804
30.000000
35.442708
26.875000
33.482143
18.333333
75.099206
56.190476
44.583333
69.371436
48.583153
66.684028
23.839286
43.651515
84.114583
25.520833
20.000000
24.166667
23.062500
40.744048
29.687500
27.812500
13.333333
32.083333
32.500000
36.912879
23.437500
22.500000
17.500000
38.461039
18.437500
16.145833
30.000000
77.910917
20.892857
38.199405
26.250000
23.843344
60.041521
50.754350
46.093750
26.000000
60.625000
39.464286
22.454545
23.333333
45.747283
12.500000
23.125000
42.714286
13.333333
51.495536
27.500000
14.166667
10.000000
21.875000
53.375000
25.928571
85.516884
35.041667
41.666667
66.524621
27.462121
30.000000
30.892857
12.708333
65.820767
39.697917
43.080357
56.354167
48.095238
51.309524
74.409722
49.183959
41.826923
103.255286
39.166667
22.500000
17.500000
17.500000
20.000000
56.778274
38.270833
8.750000
66.953125
46.197917
16.250000
16.250000
30.208333
35.416667
46.116071
23.958333
32.083333
30.000000
22.500000
29.375000
55.508242
26.183036
57.968750
58.830808
52.421875
30.992063
18.541667
32.083333
62.973058
36.625000
105.136619
27.596154
47.560897
59.973291
68.110119
38.736111
25.000000
18.750000
20.833333
50.300595
96.180124
73.554089
33.875000
34.895833
18.125000
17.187500
32.526786
14.166667
63.500000
34.192708
34.979167
19.696970
53.987193
30.162879
42.500000
54.225446
82.218141
41.915022
47.827381
50.208333
43.098214
23.125000
44.652778
20.000000
17.500000
31.562500
22.333333
28.392857
32.500000
47.162591
27.500000
30.312500
18.333333
48.750000
34.166667
83.869048
31.875000
66.660714
73.461538
33.750000
36.000000
93.228039
35.902778
42.288961
18.333333
50.826892
51.166667
19.166667
23.750000
32.916667
41.875000
68.015581
27.589286
13.125000
29.687500
60.952381
34.020833
45.798611
65.399510
28.750000
35.000000
13.541667
46.078755
28.273810
42.364316
23.437500
31.473214
39.333333
76.684696
73.431373
27.187500
92.327246
38.410714
37.031250
58.323413
30.892857
37.260417
77.944444
34.375000
73.199405
47.743056
35.952381
40.581731
31.250000
38.750000
30.833333
40.625000
50.810688
58.263889
27.083333
10.520833
14.895833
54.069193
33.913690
21.562500
26.512897
37.843750
18.645833
35.773810
54.761905
30.833333
40.937500
33.527778
46.008523
30.178571
34.375000
24.062500
38.229167
48.952206
27.232143
91.547619
39.696585
40.694444
25.625000
79.537267
43.333333
35.625000
68.490385
27.291667
52.589286
34.687500
70.616277
8.750000
20.729167
18.750000
20.000000
52.626488
51.979167
65.312500
37.410714
15.625000
21.562500
29.772321
20.625000
47.061012
35.747549
57.523990
70.882937
64.709249
81.705087
28.324405
92.326108
84.724026
32.708333
38.690476
60.386905
27.083333
42.326389
51.536458
20.625000
80.215201
112.556933
47.500000
63.569678
53.683036
25.625000
48.654514
23.425481
52.928639
36.413690
42.462225
44.992236
41.041667
67.942308
53.750000
103.141515
16.145833
19.833333
55.584303
54.220779
25.000000
28.625000
45.223214
29.125000
53.263889
86.742122
23.750000
29.313187
26.250000
20.000000
32.824284
28.750000
42.291667
30.833333
51.491071
70.822115
28.471154
41.883117
39.199405
86.790675
31.793831
67.712798
27.071429
40.018116
28.875000
61.877451
67.447917
23.303571
37.500000
68.655860
33.333333
35.208333
55.516827
10.833333
67.785389
30.364583
25.500000
18.750000
25.937500
21.562500
64.825397
73.040522
23.125000
16.875000
31.250000
20.833333
13.750000
29.791667
40.771916
28.437500
43.431373
35.892857
44.045139
39.055804
68.293337
37.687500
45.119048
72.400568
38.598710
89.626068
65.864662
14.583333
37.999657
13.437500
20.520833
47.220238
42.000000
57.400469
82.012521
74.277988
33.096154
13.333333
45.089286
23.125000
94.602743
29.887821
41.875000
41.215909
20.714286
36.291667
65.666667
79.496871
27.500000
58.750000
54.182292
46.562500
51.572802
54.375000
36.666667
42.916667
65.289104
55.385417
66.867898
40.588942
29.166667
40.227273
31.833333
31.875000
51.551339
32.961310
27.693452
36.863252
33.269231
63.631536
33.009470
50.431548
38.440476
20.000000
46.875000
81.250000
40.000000
33.750000
66.890377
65.377976
53.125000
55.468750
50.267857
39.531250
70.835227
63.749029
15.833333
15.625000
37.973901
24.308036
51.573661
32.156250
20.000000
43.556548
88.009067
49.462798
54.468750
56.268116
38.958333
23.958333
33.839286
39.501488
32.023810
15.833333
23.544372
66.339286
9.375000
13.214286
11.250000
45.024510
98.221764
24.226190
83.885234
30.104167
21.833333
65.076389
26.160714
32.767857
33.100649
41.071429
96.905907
56.130682
30.915179
12.500000
19.687500
32.434253
52.948661
49.300595
15.000000
34.136905
34.857955
45.354167
48.750000
86.739613
28.511905
43.333333
36.960784
47.468750
92.542449
36.699405
18.958333
43.281250
88.593750
64.627976
33.438147
18.708333
39.687500
20.714286
33.598485
43.986111
63.020833
73.891359
49.497768
51.448593
79.851190
26.770833
39.125000
42.187500
48.333333
35.781250
45.824405
28.690476
34.885782
64.040033
63.072917
18.750000
27.901786
31.510417
59.761905
55.389423
71.387311
55.109127
49.337121
39.866071
30.535714
64.140625
59.759120
17.500000
44.007645
39.160714
27.062500
62.590450
22.375000
27.901786
19.062500
26.339286
15.000000
57.608605
44.142157
49.968615
15.000000
53.660714
20.312500
14.583333
74.222222
75.720238
38.593750
42.879121
39.966856
33.089744
99.348568
39.732143
48.958333
33.928571
26.674107
21.250000
15.000000
20.625000
64.072454
62.587798
51.375000
39.584821
15.937500
33.750000
14.062500
39.062500
35.380952
29.270833
45.902507
48.359375
84.023810
42.165179
39.843750
15.312500
24.017857
20.312500
58.839286
56.535714
28.199405
55.625000
30.718750
66.660354
31.785714
57.988331
26.250000
22.812500
106.500095
34.301908
31.125000
59.152526
73.533654
22.187500
19.464286
28.750000
46.688596
39.797619
94.181548
38.214286
18.500000
29.375000
25.000000
43.782738
69.564394
55.000000
21.250000
15.729167
33.630952
29.333333
55.223214
74.166667
56.145833
16.666667
70.714286
33.633041
44.839744
78.940739
35.937500
43.500000
70.577031
64.223214
47.232143
49.107143
47.075893
52.514205
33.422619
37.395833
27.291667
55.341938
36.125000
43.671875
57.422969
60.941789
34.568182
29.479167
18.214286
13.333333
24.788690
33.083333
27.864583
42.857143
31.250000
46.187464
26.041667
71.603709
33.854167
88.713578
80.532662
49.306735
26.250000
41.093750
67.839209
48.922276
62.855159
46.231061
44.043831
37.351190
28.375000
61.343344
63.171730
73.855169
27.916667
39.410714
47.916667
58.570617
40.416667
36.562500
47.166667
42.500000
50.000000
40.902778
43.571886
39.702381
89.765625
67.068452
59.467147
81.569301
70.809456
36.857143
33.333333
46.116071
26.477273
62.053571
31.041667
26.642857
30.668831
31.443452
27.333333
36.812500
43.809524
36.354167
27.395833
79.558714
31.250000
17.500000
24.642857
66.934524
47.916667
35.104167
59.579995
44.548077
95.544192
22.604167
66.369048
106.523810
42.187500
45.937500
52.400362
41.994048
43.511905
80.610119
37.656250
35.119048
88.413253
35.520833
27.083333
51.741071
38.898810
56.354167
27.500000
44.305556
47.503397
25.401786
10.000000
52.196970
57.360527
44.943277
27.500000
61.837798
75.781250
49.293155
80.119767
51.354167
34.523810
57.958333
40.769231
42.532468
41.302083
18.791667
39.687500
38.340774
55.408470
30.803571
39.848485
53.750000
78.028329
38.958333
54.340460
39.791667
38.611111
8.125000
21.011905
41.577381
63.551565
60.791903
38.894231
29.099702
31.093750
42.383814
46.112013
74.837413
26.500000
18.854167
35.123106
40.389610
22.500000
48.616071
28.333333
43.197917
107.137209
48.898810
32.500000
27.125000
62.512255
39.479167
20.321970
36.562500
59.080882
28.104396
48.385093
62.872596
14.375000
49.791667
41.607143
48.541667
46.241113
77.828125
76.625000
30.540865
23.549107
15.583333
16.666667
22.291667
14.375000
31.111779
37.178571
70.625000
55.863095
17.500000
28.043155
31.312500
27.500000
20.937500
21.750000
30.000000
31.041667
42.023810
32.916667
54.020112
31.562500
32.016369
24.583333
40.691964
37.086039
39.375000
42.852564
29.250000
21.562500
42.157738
42.549242
45.798319
42.312500
40.151515
42.381629
31.060606
48.982843
33.750000
45.413961
112.384690
18.750000
31.458333
27.143939
75.905032
33.950321
53.803571
26.875000
37.500000
27.678571
42.395833
47.104167
91.739949
41.666667
46.408654
33.618311
48.607772
30.312500
52.678571
24.375000
20.625000
42.155303
43.584135
39.500000
77.558951
25.620265
19.062500
39.523284
58.844925
73.418229
31.752976
22.380952
51.041667
43.654627
27.468750
18.645833
64.732143
70.247209
37.750000
45.544643
32.261905
59.095328
52.589286
81.905303
53.072917
38.671016
67.913690
58.402778
34.416667
27.630952
35.802288
58.567308
52.934524
20.312500
24.464015
69.691653
18.107143
33.446970
26.875000
24.479167
20.562500
25.470779
32.244318
47.652741
33.995536
30.625000
52.619318
65.002976
35.000000
57.612615
28.618311
29.098214
18.750000
13.125000
18.750000
32.291667
40.798611
40.089286
22.812500
61.982955
58.041667
44.950397
93.611269
62.819264
26.204545
43.359649
20.000000
32.444196
25.625000
49.100461
44.829545
47.291667
20.660714
28.750000
21.250000
41.913876
40.134470
30.833333
52.954545
20.625000
64.106311
36.500000
18.750000
49.017677
34.464286
58.579545
54.750283
28.416667
38.543613
27.849702
32.824405
106.196789
24.940476
21.875000
48.670956
38.685606
64.960938
31.443452
44.347222
36.843750
19.895833
58.685065
18.392857
20.714286
39.228896
46.068452
51.134740
13.333333
35.937500
27.500000
89.784988
13.333333
49.947206
34.895833
33.894231
10.000000
42.656250
28.750000
61.385101
70.020202
72.136905
41.160714
83.316720
48.273002
45.381720
61.062340
75.349702
52.604167
19.166667
30.520833
42.500000
73.365614
59.493464
53.660714
25.208333
60.105947
14.375000
42.993590
18.093750
21.666667
47.725155
70.303030
29.062500
18.270833
40.541667
36.709020
17.395833
18.750000
10.833333
34.523810
20.000000
89.882448
31.666667
46.781250
30.000000
64.188725
22.916667
37.187500
43.750000
65.072917
94.553530
72.788290
70.159040
34.895833
40.432331
28.906250
45.851862
44.989177
31.750000
22.351190
62.318841
72.973485
28.854167
21.458333
24.333333
26.204545
31.729167
16.770833
26.458333
39.641026
16.232143
25.875000
90.382764
47.683413
24.642857
44.232955
60.736607
93.939602
54.961776
35.043831
66.851981
24.791667
45.785714
47.339286
14.625000
23.058036
66.528409
60.865010
16.250000
32.113095
56.149267
52.015152
50.625000
47.692308
66.803114
65.080510
68.571429
51.544643
68.062500
17.187500
30.267857
38.569444
35.428571
27.976190
69.285940
31.979167
27.291667
44.500000
44.895833
46.375000
64.791022
52.342262
49.063187
38.772321
29.017857
18.437500
29.375000
44.633929
28.125000
38.563988
58.551015
38.438492
50.524038
69.378205
44.511905
21.458333
53.859127
60.799565
26.875000
82.812500
68.839286
39.375000
59.450397
14.583333
35.512821
23.750000
25.166667
33.583333
51.679541
45.126374
20.833333
33.296131
34.479814
30.386905
36.120130
25.666667
67.569444
44.253968
11.250000
36.323099
12.500000
18.750000
52.812500
34.375000
122.621132
20.080357
46.332973
27.312500
31.562500
47.380952
33.214286
17.500000
17.613636
29.583333
45.208333
20.666667
22.395833
43.593750
57.500000
48.875000
34.270833
15.000000
12.500000
38.937500
25.428571
67.002841
26.875000
8.333333
85.863636
41.562500
34.375000
58.980795
23.437500
20.312500
31.949405
42.968750
24.933036
25.802083
48.127862
47.918831
41.428571
61.153846
53.161879
13.333333
20.000000
33.854167
34.335317
26.875000
20.937500
17.812500
39.526515
62.698413
43.958333
46.875000
71.210317
50.000000
52.095238
35.142857
24.928571
64.946429
29.545455
56.384669
59.167749
30.250000
22.500000
22.291667
75.644841
23.281250
32.172619
79.679602
18.107143
25.892857
18.333333
27.345708
36.417749
65.544902
25.593750
22.343750
13.750000
70.327381
90.618873
52.708333
67.728938
63.395833
44.708333
26.476190
50.978721
54.285714
56.832983
62.945617
51.000000
28.645833
24.062500
67.565126
29.687500
31.000000
44.672619
59.653003
91.086310
38.125000
40.104167
44.881589
49.796171
14.375000
19.851190
73.919578
34.136905
61.482553
52.625000
17.812500
19.791667
19.687500
73.844246
47.343750
79.218750
59.436384
48.978175
29.226190
43.333333
37.500000
37.857143
27.500000
28.720238
28.125000
52.625000
45.453297
70.530054
46.876313
21.770833
17.142857
53.065171
58.941571
44.428571
26.125000
11.250000
48.812500
31.964286
41.875000
24.375000
23.958333
36.875000
29.270833
20.937500
66.011905
57.006956
19.375000
36.822917
42.693452
55.776786
80.312500
61.553571
32.267857
40.750000
59.610390
14.062500
22.812500
32.455357
11.250000
15.416667
41.187500
40.484848
23.690476
73.255800
28.668831
28.125000
61.413399
48.055556
48.928571
24.791667
12.187500
16.145833
18.437500
58.601190
45.000000
31.089286
31.365950
67.215909
41.875000
57.145445
23.839286
29.687500
49.214286
54.668651
44.916667
50.282738
46.264881
37.585227
72.839015
40.681818
45.364583
57.409698
25.974702
49.365281
18.750000
72.261905
56.191288
51.062500
44.152462
110.143529
22.708333
35.027473
36.125000
25.000000
35.044643
64.053571
73.250000
46.500000
42.812500
26.250000
27.440476
86.786954
22.440476
22.062500
46.656615
45.369318
15.937500
26.312500
33.984375
10.000000
16.875000
17.291667
21.726190
30.416667
45.119048
42.333333
34.261905
37.414773
69.368912
43.922991
47.905844
41.994048
26.666667
24.166667
18.333333
24.866071
47.907624
30.379464
41.221154
46.785714
18.125000
24.166667
9.375000
13.333333
53.437500
22.444444
30.178571
59.032847
48.708333
66.297619
69.870766
20.000000
28.125000
17.958333
68.449675
43.125000
35.020833
23.791667
19.226190
32.104167
35.833333
58.420868
52.469807
19.166667
55.312500
66.681548
53.072917
55.245536
47.500000
55.104167
37.199405
26.250000
20.392857
18.645833
26.500000
37.142857
32.421875
37.261905
49.777778
48.035714
32.821970
21.861111
20.000000
30.937500
37.187500
53.270089
22.500000
25.437500
50.520833
59.875919
54.055556
57.306548
52.514881
27.395833
48.088620
20.833333
34.523810
38.005952
28.731061
19.583333
33.149510
52.921356
91.547281
33.697917
64.084821
39.791667
15.000000
23.184524
15.312500
20.312500
15.000000
38.303571
37.574405
27.500000
11.250000
30.892857
55.937500
62.531250
19.642857
48.181818
79.861111
102.588141
31.536526
20.833333
28.214286
32.187500
38.863636
26.666667
35.000000
21.562500
10.937500
27.221154
39.125000
20.708333
18.958333
57.113095
23.809524
29.537879
33.008658
27.353896
41.890625
25.233516
20.000000
79.136905
25.000000
48.177083
20.625000
9.375000
36.964286
35.000000
21.041667
78.004335
40.677083
38.910714
33.583333
36.520833
30.455357
15.000000
18.422619
54.281250
34.583333
40.639205
38.333333
36.681818
55.505952
16.562500
10.000000
39.087683
41.581439
23.848039
29.416667
34.146465
11.250000
15.625000
45.208333
66.001401
29.375000
44.561012
34.910714
31.897321
14.062500
13.437500
15.625000
66.517857
19.375000
32.916667
37.767285
41.473214
49.603175
25.833333
30.252976
36.412338
28.750000
50.279762
36.708333
42.224702
69.312094
25.000000
28.750000
38.125000
21.964286
12.500000
76.418067
39.375000
80.473475
32.083333
25.000000
26.339286
16.875000
40.024510
47.926511
64.031250
54.963768
74.797490
14.687500
16.875000
15.833333
13.333333
51.961310
22.053571
35.669643
20.895833
32.500000
53.369565
27.291667
21.666667
61.587392
59.856618
32.351190
32.125000
61.607143
52.395089
94.528011
44.923419
50.803571
40.260417
11.562500
23.750000
51.971952
15.583333
23.437500
55.533088
30.750000
47.730655
8.125000
41.421703
25.520833
67.187500
27.500000
13.750000
18.302083
83.555556
11.250000
21.875000
22.500000
25.833333
53.238636
46.774510
29.968750
51.988636
35.000000
84.362486
77.209821
64.255952
43.500000
29.750000
18.750000
98.793643
68.369391
55.985863
12.812500
9.375000
69.563470
40.375000
83.940775
57.204832
35.333333
39.107143
55.416667
39.791667
55.312500
40.848214
30.225564
23.093750
33.328598
36.916667
77.678571
52.678571
35.035714
25.000000
31.964286
26.564685
54.490801
44.248397
57.083333
52.749126
28.111111
20.625000
35.729167
68.531746
10.625000
18.125000
48.714286
23.375000
68.343885
64.238613
32.031250
36.875000
68.616453
54.243257
29.380952
39.629289
54.754464
14.583333
42.589286
29.375000
66.626934
57.840909
64.808265
49.321895
43.111111
31.041667
40.077381
30.339286
21.607143
36.596154
73.017113
30.535714
26.428571
27.750000
56.014493
37.500000
55.416667
39.125000
44.280303
15.625000
50.521574
43.156250
51.894914
33.541667
79.967466
15.250000
37.316468
28.750000
42.126623
50.857493
39.257519
7.500000
40.616883
13.333333
22.500000
46.837158
31.517857
34.500000
27.410714
39.620536
29.400298
45.208333
19.687500
22.187500
33.125000
37.358631
36.510417
39.017857
19.270833
46.559066
44.360795
39.010417
49.114583
16.875000
46.387987
65.282738
29.423077
42.256494
28.241758
85.948241
53.303571
56.978532
81.028206
37.767857
43.442029
76.822917
44.818182
18.333333
22.500000
61.886447
53.160714
15.562500
28.687500
38.396520
15.000000
29.017857
31.324405
56.666667
31.458333
38.425752
29.767857
34.914773
17.812500
30.043831
92.190934
74.500000
49.882164
33.843954
45.416667
39.761905
63.302010
19.687500
21.642857
31.796875
84.589286
66.879982
60.619048
57.020833
25.000000
30.312500
47.324561
25.000000
40.863636
75.216003
44.582510
39.441964
37.648810
24.833333
39.879079
38.160714
69.711180
36.227564
35.089286
23.541667
29.136905
37.142857
12.187500
17.500000
64.473684
23.705357
36.015625
16.250000
43.557692
49.196429
57.708333
29.779412
103.409357
37.916667
15.312500
37.734375
25.696429
63.130952
69.047619
87.453626
64.388393
43.648945
35.922619
23.062500
56.208333
69.482143
32.125000
32.708333
51.369048
19.933036
21.562500
32.187500
34.593750
24.801136
28.035714
81.250000
55.435606
53.541667
16.875000
32.791667
25.937500
31.979167
73.395239
44.571429
58.187500
29.308036
64.059028
53.632305
41.520833
22.083333
84.143426
86.586538
46.702899
45.699405
36.116071
36.250000
44.375000
44.062500
58.062500
52.437500
25.625000
20.833333
85.315341
34.085498
36.845238
17.500000
8.750000
15.937500
48.207071
56.432292
35.833333
29.526515
29.178571
21.562500
56.380208
46.868912
37.375000
48.397727
27.427083
57.640625
46.250000
45.254329
50.750000
37.623106
45.046016
22.500000
46.958333
49.464286
42.290179
20.625000
58.750000
44.276786
25.892857
19.270833
59.553571
49.270833
67.560484
41.518939
31.041667
10.625000
16.666667
23.437500
25.104167
43.193109
91.597608
49.011905
45.164651
28.333333
49.824134
40.208333
32.068452
15.833333
38.431818
50.000000
24.500000
34.583333
33.750000
43.482143
76.704545
35.083333
74.564935
35.721154
24.687500
37.767857
61.458333
34.523810
21.964286
22.812500
38.229167
25.494792
10.000000
30.839286
15.000000
18.958333
78.229167
89.530303
35.625000
43.416667
23.511905
24.761905
38.437500
29.583333
41.166667
48.833158
73.087945
14.968750
24.968750
60.693111
29.750000
54.910714
71.049112
14.583333
24.038690
21.562500
65.000000
31.875000
30.104167
23.809524
40.934524
44.201389
21.041667
65.824013
24.322917
41.672078
19.895833
59.473684
21.250000
43.785714
31.666667
37.502706
47.556818
32.291667
47.729167
99.800505
23.660714
26.875000
65.337191
49.687500
35.833333
62.423150
19.178571
22.000000
40.312500
53.174242
23.958333
33.928571
13.020833
38.697917
99.692911
28.586039
18.125000
46.116071
31.833333
27.500000
15.833333
78.395307
34.062500
23.735119
50.018939
33.044872
25.937500
28.169643
26.392045
13.125000
21.562500
48.921131
35.349359
14.583333
88.534068
52.666667
17.083333
17.333333
54.127976
43.537946
65.935483
68.839286
11.250000
59.573864
73.847403
58.075321
66.647727
48.000000
33.923611
16.250000
37.500000
64.709430
53.857790
101.693617
23.958333
36.208333
26.666667
30.833333
28.928571
31.776786
21.354167
42.916667
55.311380
74.895833
54.017045
23.214286
54.449405
56.715909
40.232601
44.107143
69.476683
37.573052
20.625000
54.791667
13.333333
22.500000
31.443452
32.767857
32.512175
50.571429
21.642857
28.541667
25.714286
33.541667
58.484769
23.958333
40.621280
22.708333
61.919643
46.708333
26.268939
24.431548
21.979167
42.646465
48.529221
40.953947
44.965659
19.375000
25.625000
22.250000
34.761905
17.500000
37.644517
52.459754
50.043290
40.312500
53.953598
71.541531
34.166667
41.128472
20.937500
17.500000
16.250000
21.208333
31.508658
41.125000
30.625000
28.333333
43.125000
27.690476
35.916667
32.172619
96.929967
40.089286
27.280844
10.625000
39.519231
84.149348
33.020833
28.526786
74.978355
58.125000
43.125000
69.577652
45.327791
84.030578
54.040090
22.500000
101.123598
29.687500
17.833333
34.166667
34.166667
18.333333
16.833333
32.358631
43.507440
26.464286
60.293561
23.422619
54.293155
63.199405
29.678030
31.208333
32.547619
51.591991
41.282468
15.000000
11.250000
33.541667
44.756410
24.583333
59.812500
45.673077
26.130952
20.000000
20.000000
15.833333
17.500000
46.034564
69.866099
35.000000
123.850616
83.565429
55.066964
53.418561
27.976190
24.976190
88.073052
32.958333
26.875000
51.708333
37.651515
18.166667
42.604167
41.689394
67.448864
49.080815
53.571429
41.250000
26.000000
63.766865
23.750000
45.520833
71.332702
62.028569
113.746499
104.367785
25.000000
28.875000
17.500000
33.723958
33.208333
74.857955
44.676677
27.500000
33.000000
7.500000
22.691964
37.928571
46.187229
31.950549
89.863425
41.770833
28.125000
45.443723
21.500000
37.791667
27.916667
51.590909
21.875000
32.852564
30.267857
95.619518
60.291667
100.506384
67.637311
37.767857
47.343750
16.666667
32.520833
53.875000
44.040855
48.537879
24.880952
40.750000
34.464286
65.120192
74.034091
43.098485
60.937500
52.331710
73.049919
48.083333
46.808712
24.583333
38.975155
50.556818
35.625000
47.447917
30.208333
58.201389
20.833333
47.528409
35.119048
40.183723
28.276515
38.333333
53.978697
51.250000
58.302126
29.062500
48.160714
37.656250
28.977273
28.189935
36.366071
15.000000
36.955357
73.607143
48.863978
39.642857
30.563187
12.500000
34.166667
17.812500
32.291667
50.920139
20.000000
47.342365
99.702596
45.473485
87.643557
23.062500
56.841991
50.625000
55.522727
13.333333
8.750000
62.014706
21.458333
33.437500
13.750000
36.166667
66.927083
35.625000
64.933712
65.738636
32.812500
57.405449
27.083333
61.200603
34.140625
25.625000
84.446895
28.303571
17.187500
54.515435
54.077381
41.666667
20.119048
68.901442
69.973776
88.145316
61.000494
49.465278
23.869048
36.639423
39.660714
34.854167
26.562500
49.861111
41.175325
65.885628
26.875000
43.998397
23.750000
21.875000
43.125000
20.476190
18.166667
43.625541
38.511905
35.968407
56.026786
21.979167
55.625000
32.693452
49.535714
49.756410
41.989135
44.152244
64.397233
58.547619
62.420635
95.166667
121.875000
54.513889
80.576916
17.083333
16.770833
40.000000
38.708333
88.343750
44.626462
43.890224
60.881410
24.313187
18.125000
44.744318
45.034091
24.767857
25.916667
12.395833
22.500000
42.031250
76.803703
57.006653
28.333333
71.362920
30.000000
15.000000
65.479685
50.781926
42.857143
31.250000
22.500000
27.437500
27.500000
15.312500
13.750000
68.750000
109.866071
80.691834
20.312500
27.019231
36.145833
53.437500
50.895722
18.750000
35.619318
22.083333
33.333333
57.413793
57.687771
87.957792
39.166667
21.458333
50.315989
31.687500
60.792269
60.216792
64.482566
43.475379
38.544643
43.392857
56.079545
58.271761
32.500000
54.946429
113.041667
50.644438
56.875000
60.580357
30.483631
33.666667
43.169643
38.787202
29.083333
19.984848
40.984432
66.886905
57.369792
38.263889
16.666667
46.820838
17.500000
76.980311
26.979167
43.470124
41.718750
40.729167
84.050842
53.032280
66.575935
29.062500
24.062500
38.824405
49.635417
51.243873
35.059524
56.485577
29.791667
34.270833
20.699405
64.605263
62.864481
49.541667
43.044872
17.187500
31.866071
32.954545
20.357143
15.937500
42.372995
18.750000
23.125000
45.214286
28.750000
34.821429
35.198413
11.250000
34.062500
23.750000
90.068182
67.979323
14.375000
19.375000
60.649038
49.687500
32.083333
28.132440
41.250000
60.546016
33.854167
70.419643
22.812500
29.791667
52.475537
46.111111
56.901786
36.785714
26.145833
29.880952
57.223456
28.571429
29.345238
33.030979
29.100379
33.630952
30.833333
51.458333
118.790064
117.936508
40.885417
41.666667
29.895833
28.125000
39.791667
99.756944
34.955357
23.083333
58.863515
24.375000
57.378788
82.435592
20.666667
25.018939
8.750000
20.500000
29.583333
30.357143
35.998804
42.291667
67.502359
35.000000
59.375000
55.779062
43.236607
21.949405
12.500000
13.750000
62.880300
20.539773
24.858631
57.708333
23.437500
41.711310
58.096361
46.660714
33.125000
44.256944
65.199405
49.375000
16.875000
32.663690
28.923611
24.583333
25.781250
46.276042
55.585784
62.931818
47.750000
43.043155
18.704545
7.083333
12.500000
28.875000
29.812500
19.895833
24.791667
19.107143
39.933036
68.323593
110.574423
31.428571
44.188645
25.625000
47.172460
48.452381
48.125000
49.392231
26.041667
32.098214
48.346320
67.198718
31.607143
33.458333
36.196429
74.401433
68.363782
61.994048
13.125000
29.364583
24.322917
32.291667
27.916667
32.395833
21.527778
24.799107
40.875000
33.273810
47.654762
15.937500
28.750000
38.541667
27.083333
45.152244
76.039855
41.955357
36.506029
40.683712
119.579715
53.271780
30.535714
31.562500
46.583333
31.354167
27.239583
20.625000
27.125000
25.000000
44.952381
18.750000
36.875000
32.812500
61.333333
69.694444
58.333333
46.444444
87.009301
30.144231
21.500000
83.948864
17.250000
23.125000
33.125000
32.581169
38.906250
23.536932
9.375000
17.500000
15.000000
24.182692
56.875000
56.250000
60.732143
20.714286
55.012626
65.512688
24.687500
20.000000
59.306548
86.601041
109.454591
40.026786
28.169643
17.083333
18.750000
22.678571
41.493056
50.750000
41.726190
22.916667
61.704861
54.458333
24.375000
53.920752
69.669998
21.041667
26.562500
45.230655
34.791667
30.302288
11.250000
22.500000
22.500000
17.083333
54.040179
34.652778
43.340278
43.691964
53.735119
56.666667
31.319444
24.010417
37.142857
49.088542
47.812500
19.375000
29.970238
10.000000
29.041667
44.619048
17.333333
13.750000
18.958333
20.625000
21.458333
52.677083
99.178415
56.618421
50.589744
22.333333
13.125000
40.294118
28.303571
27.708333
24.583333
41.388889
28.750000
14.791667
33.065476
93.946493
23.750000
20.625000
52.655645
42.197917
34.281250
27.236111
36.035714
20.000000
27.142857
24.062500
53.011364
38.333333
48.280927
34.598214
21.666667
41.770833
21.964286
41.114583
37.447917
33.125000
50.089286
25.000000
34.583333
35.839744
27.083333
33.750000
61.131536
17.690476
40.857843
31.458333
34.125000
42.545956
24.739583
48.717758
23.333333
37.000000
30.946970
41.791667
65.648065
35.041667
48.639205
25.553571
22.261905
35.970238
30.833333
20.208333
26.458333
31.547619
39.130952
31.770833
38.351190
56.802083
56.786859
20.937500
38.750000
16.666667
46.666667
44.653533
42.754464
36.041667
38.640152
53.660714
44.970238
80.557692
70.502810
22.083333
28.333333
38.468750
29.843750
39.791667
40.714286
36.458333
36.785714
52.291667
30.232143
31.130952
64.110119
83.741071
32.395833
56.566220
56.633929
39.777778
82.084950
16.250000
49.417163
75.884470
61.647478
22.812500
12.500000
27.595238
38.541667
30.625000
16.666667
53.483890
60.109127
49.500000
63.500000
65.538462
37.291667
19.178571
42.031250
43.608631
38.166667
34.562500
29.625000
33.258929
16.547619
55.559524
22.916667
16.666667
39.843750
47.209551
46.537267
33.660714
40.705357
69.770658
33.958333
17.976190
46.242560
57.774101
16.458333
11.833333
22.976190
57.861305
11.250000
60.656115
53.639706
29.166667
66.797431
55.316935
42.666667
95.971491
33.281250
64.768357
41.220238
27.395833
20.000000
24.104167
60.535714
32.500000
37.559524
54.921875
27.708333
26.949405
50.449405
64.333333
48.354167
39.799107
34.583333
50.764998
79.708333
42.489788
39.958333
23.250000
67.727598
34.449405
34.916667
22.916667
14.791667
27.916667
26.250000
21.250000
40.952381
36.527778
41.562500
39.618056
99.062188
100.341450
28.645833
51.609375
43.656250
35.583333
26.041667
31.834821
15.416667
18.000000
28.392857
50.413961
44.895833
62.518116
39.464286
40.446429
10.000000
25.000000
37.209821
17.458333
42.612920
34.583333
32.464286
43.416667
17.267857
58.002976
38.904762
58.750000
44.937500
50.312500
36.771978
29.583333
47.034632
27.135417
30.766827
19.375000
71.670725
22.437500
41.110577
46.562500
40.473485
42.481852
29.531250
16.250000
24.464286
63.793311
26.250000
49.885621
37.239583
31.770833
42.489788
25.937500
30.625000
20.714286
29.714286
86.639254
56.176378
40.690476
10.833333
34.947917
69.166667
64.591908
61.500000
18.375000
35.250000
23.437500
26.666667
56.941964
42.708333
47.362637
42.390443
63.359375
18.437500
18.000000
54.916214
28.940476
48.595705
21.250000
69.935286
37.857143
22.187500
19.625000
91.463323
68.016849
43.232323
27.187500
37.987484
33.630952
31.120130
15.208333
83.456439
95.436626
46.417749
59.600753
41.062500
13.750000
58.674242
31.416667
21.767857
40.833333
46.136364
33.562500
44.531250
68.526786
44.965278
18.645833
21.250000
59.958490
69.642857
28.645833
30.208333
53.644006
23.437500
25.312500
24.000000
11.250000
102.160087
20.833333
35.833333
56.274351
41.406250
46.190476
27.812500
30.875000
28.687500
27.604167
9.375000
5.000000
19.642857
42.904647
15.312500
9.583333
17.083333
49.062500
81.056371
30.142045
37.812500
51.326754
35.416667
29.890351
36.303571
39.357143
30.657468
56.688034
45.330087
46.936038
53.663420
49.965278
36.318182
49.375000
84.178652
61.447368
34.375000
49.026786
24.166667
49.295101
15.416667
73.977002
80.645833
75.569483
37.976190
51.309524
51.294643
42.336310
40.974359
21.875000
17.500000
19.226190
21.666667
82.387399
46.264205
33.187500
41.348684
41.011905
24.166667
38.757440
36.964286
17.366071
33.065476
28.125000
15.625000
21.625000
46.964286
61.004870
28.958333
37.818452
44.810606
63.148990
63.482822
35.583333
25.208333
39.423077
20.714286
31.406250
25.178571
31.666667
44.567708
30.776515
93.516635
30.142045
16.250000
22.500000
20.892857
33.908730
23.750000
10.000000
20.714286
90.491453
46.302288
69.271512
32.500000
49.613878
33.298611
86.324405
91.057331
30.312500
45.386905
46.833333
73.452381
29.099702
34.761905
32.658654
42.938312
26.562500
14.500000
25.520833
44.468344
47.500000
56.943277
51.611111
28.392857
20.000000
38.518773
56.296992
43.125000
17.812500
23.943452
43.440476
37.406656
78.127185
101.204230
55.954861
29.630952
39.125000
114.851683
29.188312
59.697603
27.386905
57.495536
71.799242
37.154762
44.055060
20.297619
46.981254
32.827381
53.501420
34.918831
32.812500
46.502976
75.776581
57.797619
21.369048
31.651786
46.261905
94.279514
73.802099
51.877706
16.875000
27.083333
20.705882
55.032687
39.727564
32.104167
47.083333
29.416667
33.854167
43.885870
31.218750
33.322917
50.595238
56.369048
29.385417
22.455357
41.084559
40.709707
47.878788
29.835165
71.457386
41.062500
61.845875
47.023810
62.561802
33.750000
40.238095
38.750000
29.270833
41.145833
22.375000
37.142857
30.473214
45.600899
23.866071
17.500000
26.151786
33.020833
19.026316
29.375000
52.732143
75.058036
70.986047
21.041667
29.861111
20.714286
32.549784
44.535291
31.812500
23.958333
83.528317
45.178571
25.000000
44.138528
37.500000
22.187500
49.087302
55.288826
34.295860
23.281250
60.593954
33.500000
18.750000
25.014881
31.026786
26.875000
43.771244
72.220238
77.206960
108.780936
72.427982
23.750000
15.178571
29.420996
49.250000
35.769231
77.502801
31.000000
36.229167
16.041667
50.850694
35.825487
61.091991
30.937500
51.406926
109.114583
60.931818
33.943452
20.833333
29.906250
62.145833
61.712010
30.531250
30.000000
52.794118
57.055556
20.714286
15.833333
93.612702
60.260417
43.332312
83.362948
37.226732
40.511591
49.531250
27.604167
62.192842
32.750000
34.188988
44.454545
30.520833
75.060606
50.777077
15.833333
8.750000
32.708333
24.732143
30.312500
28.125000
50.277778
28.125000
26.041667
49.166667
19.583333
41.779991
44.833333
80.378838
30.208333
48.601190
53.265693
45.503788
40.671828
44.114583
24.107143
29.687500
29.339827
46.625000
45.018939
33.372671
23.750000
59.438582
127.365420
56.197917
104.862019
35.333807
63.968750
16.041667
34.944444
25.416667
20.000000
31.666667
10.000000
155.563072
34.791667
28.541667
71.291667
54.632867
39.853896
54.214744
38.541667
22.767857
42.211851
10.000000
22.797619
43.762175
41.160714
22.468750
15.937500
36.270833
57.564508
31.000000
27.968750
18.526786
14.166667
39.062500
28.333333
87.385652
51.175272
47.175481
49.224359
55.425633
15.625000
18.750000
56.054825
37.750000
115.946147
35.892857
67.240331
71.904814
34.231618
18.333333
38.375000
77.303676
45.089286
24.255952
38.869048
25.260417
46.041667
23.125000
19.166667
12.500000
33.333333
77.642045
82.333333
48.866071
34.056818
79.427632
71.820808
24.000000
35.885417
36.927083
38.125000
53.196429
65.812500
62.000000
44.598214
43.489583
58.854167
52.899306
44.958333
32.599432
45.143887
68.712454
74.295343
22.916667
33.325359
23.333333
24.732143
27.083333
18.229167
23.296131
81.499216
27.500000
15.833333
79.986472
44.981061
63.616191
44.974432
18.750000
23.125000
26.726190
50.156250
55.876068
44.940476
44.185606
47.827381
37.187500
68.031250
86.824924
41.220238
30.000000
54.631696
80.735795
29.375000
42.604167
35.951389
12.916667
24.880952
47.829861
20.000000
47.145563
97.005208
58.446886
31.500000
46.500000
35.781250
45.000000
37.500000
29.375000
70.687500
72.259339
31.458333
13.333333
56.250000
46.444129
54.517992
53.666667
21.562500
14.791667
59.583333
46.641746
28.750000
16.625000
33.302557
29.166667
33.035714
12.500000
29.422348
32.291667
34.315476
22.500000
54.672619
68.071895
24.916667
27.812500
80.040271
97.139946
63.571897
27.276786
63.241979
37.901786
20.833333
70.163420
60.859830
43.697917
22.958333
36.666667
12.500000
28.732143
14.880952
20.312500
22.500000
57.638889
59.104853
26.577381
81.207651
30.089286
16.145833
25.767045
54.175189
38.608631
36.608456
27.656250
17.708333
25.395833
33.426136
13.333333
46.343954
34.196429
57.541667
28.645833
39.825487
36.625000
21.333333
40.539773
37.916667
28.854167
26.208333
17.690476
29.776786
34.125000
36.086310
10.000000
40.000000
53.125000
41.635417
67.099781
19.062500
86.537990
59.625000
18.125000
46.034981
32.812500
55.580357
37.187500
38.312500
55.550189
29.010417
63.994859
26.250000
63.934295
57.395833
32.145833
52.499395
48.744589
34.449405
18.616071
15.562500
58.839286
54.270833
70.393669
59.666667
32.250000
28.873016
30.625000
27.454545
21.250000
35.691964
27.812500
22.500000
23.854167
28.437500
64.583333
51.717262
51.881868
28.520833
38.110119
33.604167
18.437500
42.685688
33.211039
52.101449
46.730249
58.515625
37.215909
50.875000
65.872183
46.205357
64.958333
42.557998
57.029762
31.500000
29.572829
21.808036
38.049242
51.185897
26.041667
33.125000
39.435673
37.833333
20.052083
90.779836
26.585498
53.342330
64.344915
47.329545
31.406250
34.791667
40.260417
53.379289
43.041667
72.812500
35.000000
22.172619
73.294118
43.438645
21.875000
39.375000
29.375000
29.161932
42.500000
70.276515
38.383929
40.386905
85.360983
23.705357
18.125000
37.306548
22.797619
39.833333
85.886494
28.750000
55.607143
65.191964
48.975244
55.030303
13.125000
13.020833
20.416667
17.916667
29.375000
61.810307
52.500000
53.583333
37.760417
20.000000
31.000000
37.708333
37.500000
19.333333
46.000000
72.895833
65.562500
75.416667
71.407738
53.184524
38.601190
33.928571
76.207997
64.931810
35.625000
32.958333
39.129464
41.394231
60.427579
97.753759
74.309133
68.946564
72.227328
34.040179
72.553904
27.916667
26.164216
49.419643
52.187500
11.250000
46.392857
29.053571
30.476190
29.909091
55.812970
37.380952
52.181373
18.541667
15.937500
61.811869
33.333333
36.041667
19.375000
25.000000
21.803571
92.211870
52.020202
33.406250
24.672619
9.375000
94.348291
31.250000
26.458333
30.916667
36.937500
33.041667
56.875470
23.250000
29.933036
58.577381
59.250000
34.375000
20.000000
39.375000
80.791667
68.527778
47.751944
35.357143
30.333333
14.375000
24.166667
46.636905
20.208333
34.017857
57.506944
27.229167
21.026786
28.511905
48.130952
34.017857
98.768797
32.663690
64.074379
53.925660
32.303571
53.563550
52.736742
58.059680
40.285714
45.099588
35.454545
33.473214
29.416667
56.994048
58.333333
30.409903
55.756494
35.666667
66.782213
41.454545
13.750000
32.083333
97.724567
18.750000
55.089286
30.267857
45.034188
24.410714
27.454545
59.723725
73.589922
99.843750
28.333333
36.750000
55.260417
64.547619
40.475618
13.750000
51.642316
29.062500
47.750000
66.252706
22.924107
21.083333
25.437500
20.937500
29.315476
10.000000
74.509101
52.646617
35.004464
28.768939
28.928571
48.875153
12.500000
43.875992
41.370942
60.166667
51.235119
43.777473
82.304744
50.922619
54.979167
44.520833
49.834821
21.250000
15.937500
35.890351
37.416667
17.500000
41.640038
7.500000
13.718750
26.666667
50.261364
64.208333
22.500000
23.125000
20.625000
30.547619
63.757440
42.343750
26.666667
10.000000
20.416667
43.727273
66.965255
21.250000
62.702206
28.407738
52.866071
55.392857
56.160714
48.107830
14.375000
20.312500
69.099026
57.522321
62.834978
29.166667
60.919486
67.395833
46.875000
22.857143
8.750000
17.288690
14.375000
37.494318
25.000000
24.918831
32.708333
81.184163
18.750000
19.375000
20.000000
28.280844
25.809524
51.392196
56.583791
40.625000
76.727263
77.031250
13.750000
27.187500
39.466912
20.666667
54.656250
83.179945
44.747024
37.048481
44.590774
37.500000
54.645990
60.166667
28.333333
61.458333
25.539773
18.750000
26.153274
43.681818
56.145833
15.312500
16.875000
50.301834
55.848039
42.907268
31.562229
113.223473
48.055556
31.041667
70.357143
49.446581
31.428571
15.625000
30.357143
17.476190
53.541667
55.836195
58.865385
29.583333
14.375000
56.041667
30.000000
30.178571
25.803571
20.677083
48.975618
24.767857
30.000000
41.041667
31.666667
42.574405
64.714744
25.250000
36.079545
42.399267
28.750000
27.291667
10.000000
13.333333
70.245212
16.250000
17.187500
20.000000
26.642857
44.175325
35.843750
65.156250
47.916667
48.492325
8.750000
42.656250
62.254464
27.083333
57.804487
67.661859
80.639241
25.729167
58.422619
26.250000
29.017857
49.375000
77.535714
37.160256
45.781250
53.325893
66.469988
15.750000
28.392857
12.187500
23.705357
37.666353
46.714286
73.999924
49.946078
21.041667
10.000000
29.068452
32.663690
32.916667
10.000000
64.289606
48.958333
68.164683
50.026786
54.285714
46.747940
88.739316
54.055060
128.456575
104.012766
32.741228
29.375000
32.447917
46.005682
30.000000
36.428571
49.047619
17.500000
33.794372
49.600564
37.440476
65.357143
69.487665
28.750000
47.559524
32.892857
16.875000
25.312500
22.812500
22.812500
40.736264
64.066964
44.583333
60.547748
46.517857
42.254464
31.989011
39.375000
43.734375
79.322917
81.395677
28.500000
34.083333
17.500000
13.125000
20.833333
29.665179
31.250470
37.187500
49.020833
60.569819
18.333333
59.552790
37.604167
49.758929
25.625000
16.830357
45.593750
55.458333
39.889706
56.682540
45.000000
71.978022
57.131029
30.625000
26.250000
39.434066
15.000000
27.708333
62.500000
57.497844
30.312500
26.190476
26.458333
22.500000
50.550595
41.733696
71.719619
39.753788
52.763952
55.654762
32.767857
26.562500
15.000000
32.968750
26.093750
38.955236
42.852564
36.177083
20.833333
45.740312
15.625000
11.250000
16.875000
85.162393
45.096154
46.308036
45.892857
23.333333
56.666667
81.026786
63.750000
47.137363
34.687500
52.708333
55.602679
37.358631
37.797619
24.657738
27.395833
28.541667
43.928571
28.251488
36.306818
34.270833
49.562500
31.770833
37.125000
33.437500
43.385628
53.121849
70.000000
15.625000
28.125000
48.625000
45.789474
42.250000
61.437729
18.750000
44.444444
103.111111
32.068452
47.894918
90.837623
28.281250
44.546131
43.348684
29.843750
24.329545
13.958333
50.041667
70.093750
49.120273
43.229167
21.666667
29.666667
29.166667
24.675481
43.526786
42.702206
24.375000
26.562500
10.208333
44.696970
43.791667
38.625000
28.854167
28.437500
56.250000
52.687500
63.682692
45.250000
39.062500
30.312500
63.066123
33.500000
23.541667
15.000000
114.220085
64.609375
47.812500
35.607143
59.294799
54.081439
25.562500
25.178571
76.104924
73.723958
54.964286
25.416667
34.166667
55.428571
17.500000
25.833333
81.895862
60.854167
34.178571
55.546131
32.328869
84.532841
79.921649
40.909091
25.818452
32.169643
119.593847
39.531250
104.809722
27.916667
55.691964
27.083333
69.597282
31.130952
15.000000
37.464286
89.368876
26.041667
53.472744
23.125000
51.666667
60.312030
58.551531
57.682018
26.666667
52.916667
58.441692
36.324405
43.125000
88.756684
36.099480
30.855655
28.333333
15.000000
53.177045
66.328125
68.482143
26.875000
18.125000
35.776515
127.615947
37.604167
31.401786
54.821509
37.991071
37.857143
15.416667
23.750000
30.000000
30.833333
66.068841
54.032738
46.770833
42.230998
48.998918
20.312500
26.241071
27.812500
61.908263
48.958333
44.645833
28.318182
37.827381
28.428571
15.000000
60.674652
47.751832
65.022321
87.972538
28.125000
19.375000
49.385972
46.250000
51.428571
23.750000
68.968890
30.000000
44.262821
34.791667
61.594968
43.510766
72.395833
75.000000
39.488636
25.000000
10.625000
45.833333
50.859375
47.880682
34.642857
39.868421
88.292659
61.267857
59.899566
30.630904
53.782557
24.791667
68.335530
44.812500
42.232143
59.028159
40.104167
44.002976
38.858225
53.333333
63.020833
89.791667
71.263393
55.012175
54.396930
29.545455
14.375000
20.000000
45.026042
58.898508
43.950501
81.362108
24.598214
45.437500
36.979167
91.179029
26.666667
39.943182
21.857143
49.783550
53.229167
80.765152
51.765351
20.000000
15.625000
44.308442
58.183847
88.145833
76.019022
43.666667
83.610248
39.970238
34.104167
28.541667
102.604167
33.750000
71.033208
28.750000
27.552083
49.375000
43.458333
37.343750
55.293040
25.625000
28.375000
36.762821
64.493421
17.500000
88.295268
21.979167
60.291667
68.609640
33.052083
64.773810
71.235119
79.791667
58.761528
27.083333
31.770833
44.496528
24.843750
39.253472
17.291667
19.226190
35.982143
26.875000
25.166667
65.965909
30.625000
55.920550
27.613636
33.333333
62.800019
54.676001
67.345409
34.712010
65.378840
65.710956
56.250000
29.464286
59.776786
45.208333
20.000000
22.500000
33.333333
41.554487
42.209821
27.916667
46.015625
51.666667
62.968750
48.000000
27.187500
52.663690
56.427323
29.761905
73.270833
47.279647
34.065934
24.583333
44.405907
36.220238
44.801347
30.833333
88.031250
55.781250
91.477273
18.958333
11.875000
31.458333
43.210956
65.549242
56.727431
29.595238
19.479167
48.068182
64.500000
25.062500
23.187500
36.375000
37.700549
71.163420
45.491614
15.000000
21.250000
17.708333
24.791667
107.647727
62.012061
74.784638
49.860819
23.750000
61.023520
36.629464
82.227746
82.639499
25.732143
15.312500
39.375000
123.850152
83.986722
41.125000
21.666667
36.011905
51.410486
51.875000
31.060606
49.050481
23.125000
28.645833
26.650298
37.752976
30.000000
62.142857
47.127706
23.541667
25.000000
26.339286
21.875000
16.547619
61.185266
69.645833
69.894345
43.303571
34.687500
38.199405
16.666667
35.081169
52.121774
48.229167
64.611607
86.285963
50.833333
35.291667
14.375000
42.986111
64.911096
55.761218
26.416667
25.610119
20.892857
38.333333
36.510870
48.660714
62.215909
71.781250
43.812500
72.259907
59.419643
52.500000
46.893142
33.072917
46.715103
38.541667
20.937500
29.285714
55.238636
37.261905
36.738095
43.444555
50.806728
87.114583
32.465278
71.336996
41.441288
23.750000
51.822917
39.045031
36.886905
32.645833
20.312500
46.200487
40.104167
27.291667
55.373106
27.440476
29.843750
57.410747
34.821429
27.708333
58.775688
52.678571
54.561012
61.354167
56.245942
44.255952
39.084416
143.298386
77.083333
32.916667
60.119048
36.420455
13.333333
44.195319
37.395833
27.678571
50.147321
52.320076
58.333333
41.895833
57.222222
59.657488
37.604167
18.750000
52.395833
69.877165
50.312500
56.711310
27.750000
61.703169
25.428571
20.833333
66.068452
62.103896
29.880952
52.261461
35.000000
57.507102
42.250000
69.598214
60.850694
20.625000
52.058723
54.312500
26.666667
16.666667
56.770833
32.395833
47.224702
41.291667
39.140152
41.186975
27.232143
13.333333
51.278846
39.619048
57.500000
68.709945
90.712302
58.875000
31.416667
61.165224
55.767045
44.583333
86.712662
30.833333
25.000000
51.380952
50.000000
46.753623
48.737825
31.822917
45.972222
42.343750
21.354167
23.062500
43.437500
58.831845
50.693182
32.571429
22.500000
36.800325
20.833333
18.214286
72.423077
69.620536
42.125000
81.716270
24.642857
47.802288
20.833333
51.461039
62.663043
42.375000
58.867695
23.276515
44.218750
42.098214
20.208333
20.208333
54.642857
57.083333
30.312500
26.145833
18.000000
29.343750
35.645833
31.976912
90.600103
58.508929
55.699405
52.500000
72.708333
30.416667
59.677619
23.437500
53.392857
30.000000
38.964286
45.000000
42.656250
24.583333
39.666667
32.662338
22.500000
23.333333
32.500000
33.888889
35.937500
57.087340
15.625000
27.625000
51.776786
34.125000
21.562500
39.843750
67.275076
49.166667
37.125000
30.312500
43.618421
38.750000
62.959596
25.982143
15.803571
10.000000
29.250000
68.583333
108.611111
30.416667
22.500000
90.000000
126.538462
40.982143
53.095238
46.685606
32.812500
54.607143
38.045455
40.916667
36.666667
32.380952
15.000000
12.500000
5.000000
7.500000
10.000000
10.000000
17.812500
15.000000
17.187500
25.937500
10.000000
8.750000
15.000000
10.000000
35.000000
35.937500
57.446299
19.687500
33.958333
12.500000
13.750000
24.111111
11.250000
17.500000
47.000000
55.286458
36.666667
56.527778
55.500000
35.208333
39.754464
26.295956
28.333333
18.333333
18.125000
