Results of phase equilibria of Black Oil system

   Bubble-Point Pressure(psia)     Zo      Kg       Ko 
31
      12                         0.99993   15626.7         0  
     312                         0.82928  5.857877         0  
     612                         0.70615  3.403194         0  
     912                         0.61136  2.573079         0  
    1212                         0.55216  2.232973         0  
    1512                         0.50932  2.038016         0  
    1812                         0.47265  1.896294         0  
    2112                         0.44043  1.787118         0  
    2412                         0.41147  1.699174         0  
    2712                         0.38429  1.624159         0  
    3012                         0.35966  1.561686         0  
    3312                         0.33606  1.506166         0  
    3612                         0.31535  1.460601         0  
    3912                         0.29704  1.422562         0  
    4212                         0.28074  1.390326         0  
    4512                         0.26614  1.362661         0  
    4812                         0.25298  1.338657         0  
    5112                         0.24106  1.317634         0  
    5412                         0.23021  1.299068         0  
    5712                          0.2203  1.282553         0  
    6012                         0.21121  1.267766         0  
    6312                         0.20283   1.25445         0  
    6612                          0.1951  1.242396         0  
    6912                         0.18793  1.231432         0  
    7212                         0.18127  1.221417         0  
    7512                         0.17507  1.212233         0  
    7812                         0.16928   1.20378         0  
    8112                         0.16386  1.195975         0  
    8412                         0.15877  1.188746         0  
    8712                         0.15399  1.182031         0  
    9012                         0.14949  1.175778         0  
