# --- Field Data -----------------------------------
Field_Name: LIVE_OIL_WELLBORE_SIMULATION

####################################################
# -------------- Reservoirs Data ------------------#
####################################################
NumOfReservoirs		1

####################################################
RESERVOIR_NAME   RES1
####################################################

GRID_DATA  #########################################
GRIDSIZE 50  50  2
DX
  20
DY
  20
DZ
  50
PERMX
  500
PERMY
  500
PERMZ
  50
PORO
  0.3
TOPS     
  6000
TEMP 
  500
END

FLUID_DATA  ######################################### 
FLUID_TYPE BLACK_OIL
NPHASES      2
NCOMPONENTS  2

# Phase data -------------

PHASE_NAME   GAS 
STANDARD_DENS   0.06055 # 1.2232*0.792987 kg/m^3
NUM_OF_TABLE_ENTRIES   10
#        P        BG        VISC	ROG
#       PSI    RB/SCF       CP		STB/SCF
14.7    0.166666    0.0080		0
264.7    0.012093    0.0096		0
514.7    0.006274    0.0112		0
1014.7    0.003197    0.0140		0
2014.7    0.001614    0.0189		0
2514.7    0.001294    0.0208		0
3014.7    0.001080    0.0228		0
4014.7    0.000811    0.0268		0
5014.7    0.000649    0.0309		0
9014.7    0.000386    0.047		0


PHASE_NAME OIL      
STANDARD_DENS 49.15		#0.787288*62.4
NUM_OF_TABLE_ENTRIES 10
#      P        BO        VISC    	 RGO        
#     PSI      RB/STB      CP     	SCF/STB    
#  PRESSURE      FVF        VISC        RS (Cf/stb)
    14.7	1.062 		1.04      	1  
   264.7	1.15  		0.975     	90.5 
   514.7	1.207 		0.91      	180   
  1014.7	1.295 		0.83      	371  
  2014.7	1.435 		0.695     	536  
  2514.7	1.5   		0.641     	675  
  3014.7	1.565 		0.594  		730   
  4014.7	1.695 		0.51      	800  
  5014.7	1.701 		0.489     	1150  
  9014.7        1.587    	0.74            1150      

# --- component data -------------
END

PHASE_COMP_RELATION_DATA ############################
# --- component phase relation, nPhases X nComps ---
#comp:		gas	oil
		1	0	#gas
		1	1	#oil
END

ROCKFLUID_DATA ######################################

#OILGASPERM   
GO  
NUM_OF_TABLE_ENTRIES   	2 
#TABLE        SG       KRG      KROG     PCGO
           0.00000  0.00000  1.00000  0.00000E+00
           1.00000  1.00000  0.00000  0.00000E+00
END

ROCK_DATA ###########################################
#		COMP.    REF. PRES
		3.E-6     14.7
END

EQUILIBRIUM_DATA ####################################
#   	Swi		Sor		Sgr
	0.0		1.		0.00

#	pres	@depth		WOC		GOC
	6400	6000		6500	      237
END
END_RESERVOIR

END_RESERVOIRS


####################################################
# ----------------- Wells Data --------------------#
####################################################
#NumOfMSWells          1
NumOfWellGroup        1

####################################################
# Facility Object No. 1
####################################################

# --- definition (WELSPECS) -------------
#  GROUP_NAME     No. of wells in group
PROD              2

#Pipeline between wellheads and junction
#length, dh, diameter, rough
400  0   0.15  0.05
800  0   0.15  0.05

#---------------------------------------------------
# subwell No. 1
#---------------------------------------------------

# --- definition (WELSPECS) -------------
#  WELL_NAME     GROUP   RES_NAME	TYPE	STATUS	  
   MSWell_1   	 PROD    RES1		P	OPEN
END

# (WELSEGS)
#  Dep   Tlen    Vol   Len&Dep   PresDrop    FlowModel          
   10     1       1    INC       HFA         DF    
END

number_of_segments 53
# No.of  Branch  Outlet  Length  Depth   Diam    Rough              
# Seg    Num     Seg     Change  Change
1	0	0	5000	5000	0.15	0.001	# vertical zone
2	0	1	1414.2	1000	0.15	0.001	# tilted zone
3	0	2	20	0	0.15	0.001
4	0	3	20	0	0.15	0.001
5	0	4	20	0	0.15	0.001
6	0	5	20	0	0.15	0.001
7	0	6	20	0	0.15	0.001
8	0	7	20	0	0.15	0.001
9	0	8	20	0	0.15	0.001
10	0	9	20	0	0.15	0.001
11	0	10	20	0	0.15	0.001
12	0	11	20	0	0.15	0.001
13	0	12	20	0	0.15	0.001
14	0	13	20	0	0.15	0.001
15	0	14	20	0	0.15	0.001
16	0	15	20	0	0.15	0.001
17	0	16	20	0	0.15	0.001
18	0	17	20	0	0.15	0.001
19	0	18	20	0	0.15	0.001
20	0	19	20	0	0.15	0.001
21	0	20	20	0	0.15	0.001
22	0	21	20	0	0.15	0.001
23	0	22	20	0	0.15	0.001
24	0	23	20	0	0.15	0.001
25	0	24	20	0	0.15	0.001
26	0	25	20	0	0.15	0.001
27	0	26	20	0	0.15	0.001
28	0	27	20	0	0.15	0.001
29	0	28	20	0	0.15	0.001
30	0	29	20	0	0.15	0.001
31	0	30	20	0	0.15	0.001
32	0	31	20	0	0.15	0.001
33	0	32	20	0	0.15	0.001
34	0	33	20	0	0.15	0.001
35	0	34	20	0	0.15	0.001
36	0	35	20	0	0.15	0.001
37	0	36	20	0	0.15	0.001
38	0	37	20	0	0.15	0.001
39	0	38	20	0	0.15	0.001
40	0	39	20	0	0.15	0.001
41	0	40	20	0	0.15	0.001
42	0	41	20	0	0.15	0.001
43	0	42	20	0	0.15	0.001
44	0	43	20	0	0.15	0.001
45	0	44	20	0	0.15	0.001
46	0	45	20	0	0.15	0.001
47	0	46	20	0	0.15	0.001
48	0	47	20	0	0.15	0.001
49	0	48	20	0	0.15	0.001
50	0	49	20	0	0.15	0.001
51	0	50	20	0	0.15	0.001
52	0	51	20	0	0.15	0.001   
END
   
# -completion (COMPDAT)---------------
number_of_connections 50
#LOC(i,j,k)     WI       Seg No.
# branch 1
0	97050	3
1	97050	4
2	97050	5
3	97050	6
4	97050	7
5	97050	8
6	97050	9
7	97050	10
8	97050	11
9	97050	12
10	97050	13
11	97050	14
12	97050	15
13	97050	16
14	97050	17
15	97050	18
16	97050	19
17	97050	20
18	97050	21
19	97050	22
20	97050	23
21	97050	24
22	97050	25
23	97050	26
24	97050	27
25	97050	28
26	97050	29
27	97050	30
28	97050	31
29	97050	32
30	97050	33
31	97050	34
32	97050	35
33	97050	36
34	97050	37
35	97050	38
36	97050	39
37	97050	40
38	97050	41
39	97050	42
40	97050	43
41	97050	44
42	97050	45
43	97050	46
44	97050	47
45	97050	48
46	97050	49
47	97050	50
48	97050	51
49	97050	52


END

NOCTRL

END_WELL

#---------------------------------------------------
# subwell No. 2
#---------------------------------------------------

# --- definition (WELSPECS) -------------
#  WELL_NAME     GROUP   RES_NAME	TYPE	STATUS	  
   MSWell_2   	 PROD    RES1		P	OPEN
END

# (WELSEGS)
#  Dep   Tlen    Vol   Len&Dep   PresDrop    FlowModel          
   10     1       1    INC       HFA         DF    
END

number_of_segments 53
# No.of  Branch  Outlet  Length  Depth   Diam    Rough              
# Seg    Num     Seg     Change  Change
1	0	0	5000	5000	0.15	0.001	# vertical zone
2	0	1	1414.2	1000	0.15	0.001	# tilted zone
3	0	2	20	0	0.15	0.001
4	0	3	20	0	0.15	0.001
5	0	4	20	0	0.15	0.001
6	0	5	20	0	0.15	0.001
7	0	6	20	0	0.15	0.001
8	0	7	20	0	0.15	0.001
9	0	8	20	0	0.15	0.001
10	0	9	20	0	0.15	0.001
11	0	10	20	0	0.15	0.001
12	0	11	20	0	0.15	0.001
13	0	12	20	0	0.15	0.001
14	0	13	20	0	0.15	0.001
15	0	14	20	0	0.15	0.001
16	0	15	20	0	0.15	0.001
17	0	16	20	0	0.15	0.001
18	0	17	20	0	0.15	0.001
19	0	18	20	0	0.15	0.001
20	0	19	20	0	0.15	0.001
21	0	20	20	0	0.15	0.001
22	0	21	20	0	0.15	0.001
23	0	22	20	0	0.15	0.001
24	0	23	20	0	0.15	0.001
25	0	24	20	0	0.15	0.001
26	0	25	20	0	0.15	0.001
27	0	26	20	0	0.15	0.001
28	0	27	20	0	0.15	0.001
29	0	28	20	0	0.15	0.001
30	0	29	20	0	0.15	0.001
31	0	30	20	0	0.15	0.001
32	0	31	20	0	0.15	0.001
33	0	32	20	0	0.15	0.001
34	0	33	20	0	0.15	0.001
35	0	34	20	0	0.15	0.001
36	0	35	20	0	0.15	0.001
37	0	36	20	0	0.15	0.001
38	0	37	20	0	0.15	0.001
39	0	38	20	0	0.15	0.001
40	0	39	20	0	0.15	0.001
41	0	40	20	0	0.15	0.001
42	0	41	20	0	0.15	0.001
43	0	42	20	0	0.15	0.001
44	0	43	20	0	0.15	0.001
45	0	44	20	0	0.15	0.001
46	0	45	20	0	0.15	0.001
47	0	46	20	0	0.15	0.001
48	0	47	20	0	0.15	0.001
49	0	48	20	0	0.15	0.001
50	0	49	20	0	0.15	0.001
51	0	50	20	0	0.15	0.001
52	0	51	20	0	0.15	0.001

END
   
# -completion (COMPDAT)---------------
number_of_connections 50
#LOC(i,j,k)     WI       Seg No.
# branch 1
2450	97050	3
2451	97050	4
2452	97050	5
2453	97050	6
2454	97050	7
2455	97050	8
2456	97050	9
2457	97050	10
2458	97050	11
2459	97050	12
2460	97050	13
2461	97050	14
2462	97050	15
2463	97050	16
2464	97050	17
2465	97050	18
2466	97050	19
2467	97050	20
2468	97050	21
2469	97050	22
2470	97050	23
2471	97050	24
2472	97050	25
2473	97050	26
2474	97050	27
2475	97050	28
2476	97050	29
2477	97050	30
2478	97050	31
2479	97050	32
2480	97050	33
2481	97050	34
2482	97050	35
2483	97050	36
2484	97050	37
2485	97050	38
2486	97050	39
2487	97050	40
2488	97050	41
2489	97050	42
2490	97050	43
2491	97050	44
2492	97050	45
2493	97050	46
2494	97050	47
2495	97050	48
2496	97050	49
2497	97050	50
2498	97050	51
2499	97050	52

END

NOCTRL

END_WELL

# --- control (WCONPROD/WCONINJE)--------
#  CTRL     BHPmin
   GRPORATE   500  14.7  49.15
END

END_WELLGROUP

END_WELLS


####################################################
# ---------------- Control Data -------------------#
####################################################
# Timestep boundaries 
# TSINIT TSMAX TSMIN
#     7.e-4    7.e-4     7.e-4
#     3.5e-4    3.5e-4     3.5e-4
#      1.e-5    1.e-5     1.e-5
#7.e-5    7.e-5     7.e-5
1.e-2    -1     0.01
#1 1 1 
# Total Simulation Time (Days)
200

#No of points: different maximum & minimum timesteps
2
#TIME TSMAXZ TSMIN
0   1       1e-2      
180  1       1e-2

# Newton iterations control
# minNewtonIter	maxNewtonIter	fixedNewtonIter
              1	           200	             100
# Timestep increase control
# dpress    dsat    dx    w(tuning)
     200    0.2    0.02    0.99

# Newton iteration convergence control
# MB_Error PE_Error P_Change S_Change MF_Change
       0.1	   0.02   0.0001	  0.005     0.001 0.001

# Formulation (variables and implicit levels) control
# varType(AorB)	nbImpLevel    %AIM (if nbImpLevel>1)
        1	         2   0.9
# for each Implicit Level (1 to nbImpLevel):
# nImpVars  transOption  CFL
# 2      4      1.0      
 1    	1	1.0
 2    	4   	1.0       


# Linear solver control
# LinearSolverChoice  Preconditioner  tol  maxLinearIter
            5		  12         1E-4      600   	600
# --- debug information ---
#Flag   NumOfTimeSteps
0	10

# --- Re-start file setting information ---
#Flag   NumOfTimeSteps output-control
0	  1		1

BREAKTIME 1 #25
149
#189.9
#189.99
#189.999
#189.999
#189.9992
#189.9993
#189.9994
#189.9995
#189.9996
#189.9997
#189.9998
#189.9999
##190.0001
##190.0002
##190.0003
##190.0004
##190.0005
#190.001
#190.002
#190.003
#190.004
#190.006
#190.007
#190.008
#190.009
#190.01
#190.02
#190.1

END_CONTROL