838
3   0 -1870.67  1 13363.9  7 -11493.2  
4   0 -3741.35  7 26727.8  1 -11493.2  13 -11493.2  
4   0 -3741.35  13 26727.8  7 -11493.2  19 -11493.2  
4   0 -3741.35  19 26727.8  13 -11493.2  25 -11493.2  
4   0 -3741.35  25 26727.8  19 -11493.2  31 -11493.2  
3   0 -1870.67  31 13363.9  25 -11493.2  
3   1 -28598.4  2 1870.67  7 26727.8  
4   1 -78312.8  7 76442.2  0 4.09306e-11  2 1870.67  
3   2 -17105.2  3 3117.78  8 13987.4  
4   2 -9117.12  7 27351.3  1 -24857.1  8 6622.89  
4   2 -44962  8 43091.4  3 2494.23  7 -623.558  
3   3 -14105.6  4 4364.89  9 9740.66  
4   3 -7617.29  8 15234.6  2 -11493.2  9 3875.95  
4   3 -32845.3  9 30974.6  4 3117.78  8 -1247.11  
3   4 -14352.1  5 4186.74  10 10165.3  
4   4 -6966.79  9 11611.4  3 -6622.89  10 1978.35  
4   4 -31057.4  10 29899.4  5 3028.7  9 -1870.67  
3   5 -13605.2  6 4863.73  11 8741.44  
4   5 -7027.63  10 11946.9  4 -7136.66  11 2217.32  
4   5 -28847.9  11 27262.3  6 3367.19  10 -1781.59  
4   6 -6838.74  11 10861.5  5 -5374.21  12 1351.44  
4   6 -29957  12 13375.4  11 -2120.09  300 18701.6  
3   6 -37691.7  300 35538.2  12 2153.3  
4   7 -31716.3  8 12234.9  2 -7246.43  13 26727.8  
4   7 -78312.8  13 76442.2  0 -2.74234e-10  8 1870.67  
4   8 -21470.1  9 12605.7  3 -5123.06  14 13987.4  
4   8 -9117.12  13 27351.3  7 -24857.1  14 6622.89  
4   8 -44962  14 43091.4  9 2494.23  13 -623.558  
4   9 -11224  10 18922.1  4 -3849.02  16 -3849.02  
4   9 -7617.29  14 15234.6  8 -11493.2  15 3875.95  
4   9 -29727.5  15 34092.5  14 -1247.11  16 -3117.78  
4   9 -11611.4  16 6966.79  10 -1978.35  15 6622.89  
4   10 -10867.7  11 18865.5  5 -3998.91  17 -3998.91  
4   10 -29899.4  16 31057.4  9 1870.67  17 -3028.7  
4   10 -11946.9  17 7027.63  11 -2217.32  16 7136.66  
4   11 -12221.7  12 19164.8  6 -3471.54  18 -3471.54  
4   11 -27262.3  17 28847.9  10 1781.59  18 -3367.19  
4   11 -10861.5  18 6838.74  12 -1351.44  17 5374.21  
4   12 -16567.5  18 16505.7  11 2120.09  277 -2058.29  
4   12 -12696.4  277 12497.2  18 -1425.67  288 1624.87  
4   12 -17178.2  288 15696.6  277 732.173  300 749.456  
4   12 -8001.12  300 22922.6  6 -16548.3  288 1626.82  
4   13 -31716.3  14 12234.9  8 -7246.43  19 26727.8  
4   13 -78312.8  19 76442.2  0 0  14 1870.67  
4   14 -21470.1  15 12605.7  9 -5123.06  20 13987.4  
4   14 -9117.12  19 27351.3  13 -24857.1  20 6622.89  
4   14 -44962  20 43091.4  15 2494.23  19 -623.558  
4   15 -19717.6  16 13825.9  9 9740.66  22 -3849.02  
4   15 -7617.29  20 15234.6  14 -11493.2  21 3875.95  
4   15 -29727.5  21 34092.5  20 -1247.11  22 -3117.78  
4   15 -11611.4  22 6966.79  16 -1978.35  21 6622.89  
4   16 -28704.2  17 8373.47  10 10165.3  22 10165.3  
4   16 -32928.1  22 28028.8  15 1870.67  17 3028.7  
4   17 -19716  18 14446.1  11 8741.44  24 -3471.54  
4   17 -7027.63  22 11946.9  16 -7136.66  23 2217.32  
4   17 -25480.7  23 30629.5  22 -1781.59  24 -3367.19  
4   17 -10861.5  24 6838.74  18 -1351.44  23 5374.21  
4   18 -18204.8  24 16735.8  17 2120.09  264 -651.143  
4   18 -13718  264 10704  24 391.165  277 2622.87  
4   18 -19010.4  277 18158.3  12 632.616  264 219.483  
4   19 -6235.58  20 20728.5  14 -7246.43  26 -7246.43  
4   19 -76442.2  25 78312.8  0 2.76281e-10  26 -1870.67  
4   19 -27351.3  26 9117.12  20 -6622.89  25 24857.1  
4   20 -8729.81  21 18975.9  15 -5123.06  27 -5123.06  
4   20 -43091.4  26 44962  19 623.558  27 -2494.23  
4   20 -15234.6  27 7617.29  21 -3875.95  26 11493.2  
4   21 -28211.1  22 8729.81  15 9740.66  27 9740.66  
4   21 -34092.5  27 29727.5  20 1247.11  22 3117.78  
4   22 -19785.9  23 13619.5  17 -3998.91  28 10165.3  
4   22 -6966.79  27 11611.4  21 -6622.89  28 1978.35  
4   22 -31057.4  28 29899.4  23 3028.7  27 -1870.67  
4   23 -27210.4  24 9727.5  17 8741.44  29 8741.44  
4   23 -7027.63  28 11946.9  22 -7136.66  29 2217.32  
4   23 -28847.9  29 27262.3  24 3367.19  28 -1781.59  
4   24 -6838.74  29 10861.5  23 -5374.21  30 1351.44  
4   24 -14527.6  30 11284.4  29 -2120.09  265 5363.28  
4   24 -21080.6  264 9774.84  18 1042.31  265 10263.4  
4   24 -40031  265 45172.1  30 -7027.03  264 1886.21  
4   25 -31716.3  26 12234.9  19 26727.8  32 -7246.43  
4   25 -76442.2  31 78312.8  0 -4.2977e-11  32 -1870.67  
4   25 -27351.3  32 9117.12  26 -6622.89  31 24857.1  
4   26 -21470.1  27 12605.7  20 13987.4  33 -5123.06  
4   26 -43091.4  32 44962  25 623.558  33 -2494.23  
4   26 -15234.6  33 7617.29  27 -3875.95  32 11493.2  
4   27 -11224  28 18922.1  22 -3849.02  34 -3849.02  
4   27 -30974.6  33 32845.3  26 1247.11  34 -3117.78  
4   27 -11611.4  34 6966.79  28 -1978.35  33 6622.89  
4   28 -10867.7  29 18865.5  23 -3998.91  35 -3998.91  
4   28 -29899.4  34 31057.4  27 1870.67  35 -3028.7  
4   28 -11946.9  35 7027.63  29 -2217.32  34 7136.66  
4   29 -12221.7  30 19164.8  24 -3471.54  36 -3471.54  
4   29 -27262.3  35 28847.9  28 1781.59  36 -3367.19  
4   29 -10861.5  36 6838.74  30 -1351.44  35 5374.21  
4   30 -17601.7  36 21986.1  29 2120.09  252 -6504.48  
4   30 -19617.9  251 17025.2  252 -1919.43  265 4512.12  
4   30 -7974.36  252 8539.62  36 -2235.2  251 1669.95  
4   30 -19756  265 29559.9  24 -12390.3  251 2586.47  
3   31 -28598.4  32 1870.67  25 26727.8  
3   32 -17105.2  33 3117.78  26 13987.4  
3   33 -14105.6  34 4364.89  27 9740.66  
3   34 -14352.1  35 4186.74  28 10165.3  
3   35 -13605.2  36 4863.73  29 8741.44  
3   36 -15407.6  252 11138.3  30 4269.28  
3   37 -1870.67  38 13363.9  44 -11493.2  
4   37 -3741.35  44 26727.8  38 -11493.2  50 -11493.2  
4   37 -3741.35  50 26727.8  44 -11493.2  56 -11493.2  
4   37 -3741.35  56 26727.8  50 -11493.2  62 -11493.2  
4   37 -3741.35  62 26727.8  56 -11493.2  68 -11493.2  
3   37 -1870.67  68 13363.9  62 -11493.2  
3   38 -28598.4  39 1870.67  44 26727.8  
4   38 -78312.8  44 76442.2  37 -2.04653e-12  39 1870.67  
3   39 -17105.2  40 3117.78  45 13987.4  
4   39 -9117.12  44 27351.3  38 -24857.1  45 6622.89  
4   39 -44962  45 43091.4  40 2494.23  44 -623.558  
3   40 -14105.6  41 4364.89  46 9740.66  
4   40 -7617.29  45 15234.6  39 -11493.2  46 3875.95  
4   40 -32845.3  46 30974.6  41 3117.78  45 -1247.11  
3   41 -5433.85  42 9432.77  48 -3998.91  
4   41 -6966.79  46 11611.4  40 -6622.89  47 1978.35  
4   41 -28028.8  47 32928.1  46 -1870.67  48 -3028.7  
4   41 -11946.9  48 7027.63  42 -2217.32  47 7136.66  
3   42 -6110.85  43 9582.39  49 -3471.54  
4   42 -27262.3  48 28847.9  41 1781.59  49 -3367.19  
4   42 -10861.5  49 6838.74  43 -1351.44  48 5374.21  
4   43 -32084.1  49 11257.3  42 2120.09  74 18706.7  
3   43 -37700  74 35542.9  49 2157.14  
4   44 -6235.58  45 20728.5  39 -7246.43  51 -7246.43  
4   44 -76442.2  50 78312.8  37 2.04653e-12  51 -1870.67  
4   44 -27351.3  51 9117.12  45 -6622.89  50 24857.1  
4   45 -8729.81  46 18975.9  40 -5123.06  52 -5123.06  
4   45 -43091.4  51 44962  44 623.558  52 -2494.23  
4   45 -15234.6  52 7617.29  46 -3875.95  51 11493.2  
4   46 -19717.6  47 13825.9  41 -3849.02  52 9740.66  
4   46 -34092.5  52 29727.5  45 1247.11  47 3117.78  
4   47 -28704.2  48 8373.47  41 10165.3  53 10165.3  
4   47 -6966.79  52 11611.4  46 -6622.89  53 1978.35  
4   47 -31057.4  53 29899.4  48 3028.7  52 -1870.67  
4   48 -19716  49 14446.1  42 8741.44  55 -3471.54  
4   48 -7027.63  53 11946.9  47 -7136.66  54 2217.32  
4   48 -25480.7  54 30629.5  53 -1781.59  55 -3367.19  
4   48 -10861.5  55 6838.74  49 -1351.44  54 5374.21  
4   49 -16567.1  55 16504.5  48 2120.09  97 -2057.47  
4   49 -7998.36  74 22921.2  43 -16549.6  86 1626.72  
4   49 -17178.2  86 15696.6  74 748.528  97 733.1  
4   49 -12698  97 12498.9  55 -1425.86  86 1624.98  
4   50 -31716.3  51 12234.9  44 26727.8  57 -7246.43  
4   50 -76442.2  56 78312.8  37 0  57 -1870.67  
4   50 -27351.3  57 9117.12  51 -6622.89  56 24857.1  
4   51 -21470.1  52 12605.7  45 13987.4  58 -5123.06  
4   51 -43091.4  57 44962  50 623.558  58 -2494.23  
4   51 -15234.6  58 7617.29  52 -3875.95  57 11493.2  
4   52 -11224  53 18922.1  47 -3849.02  59 -3849.02  
4   52 -30974.6  58 32845.3  51 1247.11  59 -3117.78  
4   52 -11611.4  59 6966.79  53 -1978.35  58 6622.89  
4   53 -19785.9  54 13619.5  48 -3998.91  59 10165.3  
4   53 -32928.1  59 28028.8  52 1870.67  54 3028.7  
4   54 -27210.4  55 9727.5  48 8741.44  60 8741.44  
4   54 -7027.63  59 11946.9  53 -7136.66  60 2217.32  
4   54 -28847.9  60 27262.3  55 3367.19  59 -1781.59  
4   55 -6838.74  60 10861.5  54 -5374.21  61 1351.44  
4   55 -16084.2  61 18854.9  60 -2120.09  110 -650.571  
4   55 -19009.6  97 18157.5  49 631.606  110 220.53  
4   55 -13719.5  110 10705.4  61 390.863  97 2623.14  
4   56 -57196.8  57 3741.35  50 26727.8  62 26727.8  
4   56 -78312.8  62 76442.2  37 0  57 1870.67  
4   57 -34210.5  58 6235.58  51 13987.4  63 13987.4  
4   57 -9117.12  62 27351.3  56 -24857.1  63 6622.89  
4   57 -44962  63 43091.4  58 2494.23  62 -623.558  
4   58 -19717.6  59 13825.9  52 9740.66  65 -3849.02  
4   58 -7617.29  63 15234.6  57 -11493.2  64 3875.95  
4   58 -29727.5  64 34092.5  63 -1247.11  65 -3117.78  
4   58 -11611.4  65 6966.79  59 -1978.35  64 6622.89  
4   59 -10867.7  60 18865.5  54 -3998.91  66 -3998.91  
4   59 -29899.4  65 31057.4  58 1870.67  66 -3028.7  
4   59 -11946.9  66 7027.63  60 -2217.32  65 7136.66  
4   60 -19716  61 14446.1  55 -3471.54  66 8741.44  
4   60 -30629.5  66 25480.7  59 1781.59  61 3367.19  
4   61 -6838.74  66 10861.5  60 -5374.21  67 1351.44  
4   61 -14529.5  67 11282.9  66 -2120.09  109 5366.67  
4   61 -40044.7  109 45186.7  67 -7029.32  110 1887.47  
4   61 -21083.7  110 9775.24  55 1041.43  109 10267.1  
4   62 -6235.58  63 20728.5  57 -7246.43  69 -7246.43  
4   62 -76442.2  68 78312.8  37 4.09306e-12  69 -1870.67  
4   62 -27351.3  69 9117.12  63 -6622.89  68 24857.1  
4   63 -8729.81  64 18975.9  58 -5123.06  70 -5123.06  
4   63 -43091.4  69 44962  62 623.558  70 -2494.23  
4   63 -15234.6  70 7617.29  64 -3875.95  69 11493.2  
4   64 -19717.6  65 13825.9  58 9740.66  71 -3849.02  
4   64 -30974.6  70 32845.3  63 1247.11  71 -3117.78  
4   64 -11611.4  71 6966.79  65 -1978.35  70 6622.89  
4   65 -28704.2  66 8373.47  59 10165.3  71 10165.3  
4   65 -32928.1  71 28028.8  64 1870.67  66 3028.7  
4   66 -19716  67 14446.1  61 -3471.54  72 8741.44  
4   66 -7027.63  71 11946.9  65 -7136.66  72 2217.32  
4   66 -28847.9  72 27262.3  67 3367.19  71 -1781.59  
4   67 -6838.74  72 10861.5  66 -5374.21  73 1351.44  
4   67 -15480.8  73 24106.1  72 -2120.09  122 -6505.21  
4   67 -19757.3  109 29565.4  61 -12396  123 2587.85  
4   67 -7974.59  122 8540.06  73 -2236.36  123 1670.89  
4   67 -19620.5  123 17027  109 4512.45  122 -1918.92  
3   68 -28598.4  69 1870.67  62 26727.8  
3   69 -17105.2  70 3117.78  63 13987.4  
3   70 -14105.6  71 4364.89  64 9740.66  
3   71 -5433.85  72 9432.77  66 -3998.91  
3   72 -6110.85  73 9582.39  67 -3471.54  
3   73 -15408.6  122 11139.8  67 4268.85  
3   74 -6819.06  75 6819.06  86 0  
4   74 -12155.7  86 13033.9  49 -878.193  75 -2.16294e-12  
3   75 -6819.06  76 6819.06  87 5.40732e-13  
4   75 -13638.1  86 13638.1  74 -7.57029e-12  87 -1.6222e-12  
4   75 -13638.1  87 13638.1  76 5.40732e-13  86 -8.65175e-12  
3   76 -6819.06  77 6819.06  88 1.08147e-12  
4   76 -13638.1  87 13638.1  75 1.78442e-11  88 4.32586e-12  
4   76 -13638.1  88 13638.1  77 -1.08147e-12  87 4.32586e-12  
3   77 -6819.06  78 6819.06  89 5.40732e-13  
4   77 -13638.1  88 13638.1  76 -1.08147e-12  89 -3.78513e-12  
4   77 -13638.1  89 13638.1  78 -1.6222e-12  88 -5.40732e-13  
3   78 -6819.06  79 6819.06  90 0  
4   78 -13638.1  89 13638.1  77 -1.6222e-12  90 8.11102e-12  
4   78 -13638.1  90 13638.1  79 -3.78513e-12  89 -1.6222e-12  
3   79 -6819.06  80 6819.06  91 5.40732e-13  
4   79 -13638.1  90 13638.1  78 5.40732e-12  91 -3.78513e-12  
4   79 -13638.1  91 13638.1  80 4.32586e-12  90 8.11102e-12  
3   80 -6819.06  81 6819.06  92 5.40732e-13  
4   80 -13638.1  91 13638.1  79 4.32586e-12  92 -1.45998e-11  
4   80 -13638.1  92 13638.1  81 -3.2444e-12  91 -1.45998e-11  
3   81 -6819.06  82 6819.06  93 1.08147e-12  
4   81 -13638.1  92 13638.1  80 -1.18961e-11  93 1.24369e-11  
4   81 -13638.1  93 13638.1  82 -6.48879e-12  92 1.24369e-11  
3   82 -6819.06  83 6819.06  94 -5.40732e-13  
4   82 -13638.1  93 13638.1  81 4.32586e-12  94 8.11102e-12  
4   82 -13638.1  94 13638.1  83 2.70367e-12  93 -4.32586e-12  
3   83 -6819.06  84 6819.06  95 5.40732e-13  
4   83 -13638.1  94 13638.1  82 -8.65175e-12  95 -5.40732e-12  
4   83 -13638.1  95 13638.1  84 1.35183e-11  94 -5.40732e-12  
3   84 -6819.06  85 6819.06  96 0  
4   84 -13638.1  95 13638.1  83 1.35183e-11  96 -1.6222e-12  
4   84 -13638.1  96 13638.1  85 -1.13554e-11  95 9.19248e-12  
4   85 -18184.1  96 27276.2  84 -1.13554e-11  108 -9092.06  
3   85 -2273.02  108 2273.02  96 -1.56096e-13  
4   86 -13638.1  87 13638.1  75 -2.16294e-11  98 0  
4   86 -13049.2  97 12157.3  49 891.876  98 1.6222e-12  
4   86 -13638.1  98 13638.1  87 5.94806e-12  97 7.57029e-12  
4   87 -13638.1  88 13638.1  76 5.40732e-13  99 5.40732e-13  
4   87 -13638.1  98 13638.1  86 -1.08147e-11  99 -7.57029e-12  
4   87 -13638.1  99 13638.1  88 -4.32586e-12  98 -2.16294e-12  
4   88 -13638.1  89 13638.1  77 2.27108e-11  100 -1.08147e-12  
4   88 -13638.1  99 13638.1  87 -4.32586e-12  100 1.6222e-12  
4   88 -13638.1  100 13638.1  89 -3.2444e-12  99 1.6222e-12  
4   89 -13638.1  90 13638.1  78 -2.10886e-11  101 5.40732e-13  
4   89 -13638.1  100 13638.1  88 1.35183e-11  101 5.40732e-13  
4   89 -13638.1  101 13638.1  90 -1.6222e-12  100 2.70367e-12  
4   90 -13638.1  91 13638.1  79 0  102 5.40732e-13  
4   90 -13638.1  101 13638.1  89 -1.18961e-11  102 6.48879e-12  
4   90 -13638.1  102 13638.1  91 -2.16294e-12  101 -3.2444e-12  
4   91 -13638.1  92 13638.1  80 -5.40732e-13  103 5.40732e-13  
4   91 -13638.1  102 13638.1  90 -1.13554e-11  103 -6.48879e-12  
4   91 -13638.1  103 13638.1  92 9.19248e-12  102 -6.48879e-12  
4   92 -13638.1  93 13638.1  81 0  104 5.40732e-13  
4   92 -13638.1  103 13638.1  91 9.19248e-12  104 -1.08147e-12  
4   92 -13638.1  104 13638.1  93 -1.40591e-11  103 1.02739e-11  
4   93 -13638.1  94 13638.1  82 -5.40732e-13  105 -5.40732e-13  
4   93 -13638.1  104 13638.1  92 -1.40591e-11  105 1.02739e-11  
4   93 -13638.1  105 13638.1  94 -2.16294e-12  104 -1.6222e-12  
4   94 -13638.1  95 13638.1  83 0  106 1.08147e-12  
4   94 -13638.1  105 13638.1  93 8.11102e-12  106 -3.78513e-12  
4   94 -13638.1  106 13638.1  95 3.2444e-12  105 5.94806e-12  
4   95 -13638.1  96 13638.1  84 1.08147e-12  107 0  
4   95 -13638.1  106 13638.1  94 3.2444e-12  107 -1.45998e-11  
4   95 -13638.1  107 13638.1  96 -2.70367e-12  106 -1.45998e-11  
4   96 -13638.1  107 13638.1  95 -1.35183e-11  108 1.40591e-11  
4   96 -27276.2  108 18184.1  85 9092.06  107 1.40591e-11  
4   97 -13638.1  98 13638.1  86 5.40732e-13  111 0  
4   97 -13868.4  110 11465.7  55 2402.61  111 -2.16294e-12  
4   97 -13638.1  111 13638.1  98 -7.02952e-12  110 -2.16294e-12  
4   98 -13638.1  99 13638.1  87 2.21701e-11  112 -1.08147e-12  
4   98 -13638.1  111 13638.1  97 -1.35183e-11  112 1.6222e-12  
4   98 -13638.1  112 13638.1  99 2.16294e-12  111 -3.78513e-12  
4   99 -13638.1  100 13638.1  88 5.40732e-13  113 -5.40732e-13  
4   99 -13638.1  112 13638.1  98 2.00071e-11  113 4.32586e-12  
4   99 -13638.1  113 13638.1  100 -1.6222e-12  112 4.32586e-12  
4   100 -13638.1  101 13638.1  89 0  114 -5.40732e-13  
4   100 -13638.1  113 13638.1  99 -1.6222e-12  114 4.32586e-12  
4   100 -13638.1  114 13638.1  101 -7.57029e-12  113 -1.24369e-11  
4   101 -13638.1  102 13638.1  90 1.08147e-12  115 5.40732e-13  
4   101 -13638.1  114 13638.1  100 -7.02952e-12  115 9.73322e-12  
4   101 -13638.1  115 13638.1  102 -7.02952e-12  114 -2.16294e-12  
4   102 -13638.1  103 13638.1  91 0  116 5.40732e-13  
4   102 -13638.1  115 13638.1  101 4.32586e-12  116 -3.2444e-12  
4   102 -13638.1  116 13638.1  103 2.16294e-12  115 5.94806e-12  
4   103 -13638.1  104 13638.1  92 1.08147e-12  117 1.08147e-12  
4   103 -13638.1  116 13638.1  102 2.16294e-12  117 -1.35183e-11  
4   103 -13638.1  117 13638.1  104 -7.02952e-12  116 -1.35183e-11  
4   104 -13638.1  105 13638.1  93 0  118 0  
4   104 -13638.1  117 13638.1  103 -1.89257e-11  118 8.65175e-12  
4   104 -13638.1  118 13638.1  105 -9.19248e-12  117 8.65175e-12  
4   105 -13638.1  106 13638.1  94 -5.40732e-13  119 0  
4   105 -13638.1  118 13638.1  104 1.6222e-12  119 5.94806e-12  
4   105 -13638.1  119 13638.1  106 4.32586e-12  118 -3.2444e-12  
4   106 -13638.1  107 13638.1  95 5.40732e-13  120 0  
4   106 -13638.1  119 13638.1  105 -7.02952e-12  120 -2.16294e-12  
4   106 -13638.1  120 13638.1  107 1.40591e-11  119 -2.16294e-12  
4   107 -13638.1  108 13638.1  96 5.40732e-13  121 1.08147e-12  
4   107 -13638.1  120 13638.1  106 1.40591e-11  121 -2.70367e-12  
4   107 -13638.1  121 13638.1  108 -1.83849e-11  120 9.19248e-12  
4   108 -18184.1  121 27276.2  107 -1.83849e-11  136 -9092.06  
3   108 -2273.02  136 2273.02  121 -1.56096e-13  
4   109 -16597.6  110 8218  61 8379.59  124 0  
4   109 -12097.7  123 10173.1  67 1924.6  124 5.40732e-12  
4   109 -13638.1  124 13638.1  110 -2.16294e-12  123 6.48879e-12  
4   110 -13638.1  111 13638.1  97 0  125 0  
4   110 -13638.1  124 13638.1  109 -9.19248e-12  125 4.32586e-12  
4   110 -13638.1  125 13638.1  111 1.6222e-12  124 2.16294e-12  
4   111 -13638.1  112 13638.1  98 -2.21701e-11  126 0  
4   111 -13638.1  125 13638.1  110 1.6222e-12  126 -1.6222e-12  
4   111 -13638.1  126 13638.1  112 1.08147e-11  125 3.78513e-12  
4   112 -13638.1  113 13638.1  99 0  127 -1.08147e-12  
4   112 -13638.1  126 13638.1  111 -7.02952e-12  127 -2.16294e-12  
4   112 -13638.1  127 13638.1  113 -4.32586e-12  126 2.16294e-12  
4   113 -13638.1  114 13638.1  100 5.40732e-13  128 5.40732e-13  
4   113 -13638.1  127 13638.1  112 -4.32586e-12  128 1.6222e-12  
4   113 -13638.1  128 13638.1  114 -3.78513e-12  127 1.6222e-12  
4   114 -13638.1  115 13638.1  101 -2.21701e-11  129 0  
4   114 -13638.1  128 13638.1  113 1.29776e-11  129 7.57029e-12  
4   114 -13638.1  129 13638.1  115 2.16294e-12  128 6.48879e-12  
4   115 -13638.1  116 13638.1  102 -5.40732e-13  130 -5.40732e-13  
4   115 -13638.1  129 13638.1  114 -8.65175e-12  130 8.11102e-12  
4   115 -13638.1  130 13638.1  116 4.32586e-12  129 -4.32586e-12  
4   116 -13638.1  117 13638.1  103 5.40732e-13  131 5.40732e-13  
4   116 -13638.1  130 13638.1  115 -5.94806e-12  131 -3.2444e-12  
4   116 -13638.1  131 13638.1  117 1.40591e-11  130 -3.2444e-12  
4   117 -13638.1  118 13638.1  104 0  132 1.08147e-12  
4   117 -13638.1  131 13638.1  116 1.40591e-11  132 -2.70367e-12  
4   117 -13638.1  132 13638.1  118 -8.11102e-12  131 8.65175e-12  
4   118 -13638.1  119 13638.1  105 1.6222e-12  133 5.40732e-13  
4   118 -13638.1  132 13638.1  117 -8.11102e-12  133 8.65175e-12  
4   118 -13638.1  133 13638.1  119 1.6222e-12  132 -1.6222e-12  
4   119 -13638.1  120 13638.1  106 1.08147e-12  134 0  
4   119 -13638.1  133 13638.1  118 1.35183e-11  134 1.83849e-11  
4   119 -13638.1  134 13638.1  120 1.6222e-12  133 -1.40591e-11  
4   120 -13638.1  121 13638.1  107 5.40732e-13  135 0  
4   120 -13638.1  134 13638.1  119 1.6222e-12  135 -6.48879e-12  
4   120 -13638.1  135 13638.1  121 1.6222e-12  134 -6.48879e-12  
4   121 -13638.1  135 13638.1  120 -7.57029e-12  136 1.78442e-11  
4   121 -27276.2  136 18184.1  108 9092.06  135 1.78442e-11  
4   122 -12643.5  123 16233.3  67 -3589.79  137 -2.70367e-12  
4   122 -18184.1  137 27276.2  123 1.08147e-12  151 -9092.06  
3   122 -2273.02  151 2273.02  137 -3.12193e-13  
4   123 -13638.1  124 13638.1  109 5.40732e-13  138 0  
4   123 -13638.1  137 13638.1  122 4.32586e-12  138 -2.70367e-12  
4   123 -13638.1  138 13638.1  124 1.6222e-12  137 -2.16294e-12  
4   124 -13638.1  125 13638.1  110 -1.08147e-11  139 1.08147e-12  
4   124 -13638.1  138 13638.1  123 0  139 0  
4   124 -13638.1  139 13638.1  125 -8.11102e-12  138 -2.70367e-12  
4   125 -13638.1  126 13638.1  111 0  140 -5.40732e-13  
4   125 -13638.1  139 13638.1  124 -1.67627e-11  140 5.40732e-13  
4   125 -13638.1  140 13638.1  126 0  139 5.40732e-13  
4   126 -13638.1  127 13638.1  112 2.10886e-11  141 -5.40732e-13  
4   126 -13638.1  140 13638.1  125 -5.40732e-12  141 -8.65175e-12  
4   126 -13638.1  141 13638.1  127 5.40732e-13  140 -1.18961e-11  
4   127 -13638.1  128 13638.1  113 -5.40732e-13  142 5.40732e-13  
4   127 -13638.1  141 13638.1  126 1.67627e-11  142 5.94806e-12  
4   127 -13638.1  142 13638.1  128 -1.24369e-11  141 5.94806e-12  
4   128 -13638.1  129 13638.1  114 -5.40732e-13  143 -5.40732e-13  
4   128 -13638.1  142 13638.1  127 -1.24369e-11  143 5.40732e-12  
4   128 -13638.1  143 13638.1  129 5.40732e-13  142 -1.24369e-11  
4   129 -13638.1  130 13638.1  115 5.40732e-13  144 0  
4   129 -13638.1  143 13638.1  128 -5.40732e-13  144 1.13554e-11  
4   129 -13638.1  144 13638.1  130 5.40732e-13  143 -5.40732e-13  
4   130 -13638.1  131 13638.1  116 5.40732e-13  145 1.08147e-12  
4   130 -13638.1  144 13638.1  129 1.24369e-11  145 2.91996e-11  
4   130 -13638.1  145 13638.1  131 -1.08147e-12  144 -3.78513e-12  
4   131 -13638.1  132 13638.1  117 1.08147e-12  146 1.08147e-12  
4   131 -13638.1  145 13638.1  130 -1.08147e-12  146 -4.86659e-12  
4   131 -13638.1  146 13638.1  132 0  145 -4.86659e-12  
4   132 -13638.1  133 13638.1  118 0  147 5.40732e-13  
4   132 -13638.1  146 13638.1  131 -1.13554e-11  147 1.08147e-11  
4   132 -13638.1  147 13638.1  133 -1.13554e-11  146 1.08147e-11  
4   133 -13638.1  134 13638.1  119 -4.32586e-11  148 5.40732e-13  
4   133 -13638.1  147 13638.1  132 0  148 1.94664e-11  
4   133 -13638.1  148 13638.1  134 -7.02952e-12  147 7.02952e-12  
4   134 -13638.1  135 13638.1  120 0  149 0  
4   134 -13638.1  148 13638.1  133 -1.89257e-11  149 0  
4   134 -13638.1  149 13638.1  135 4.86659e-12  148 0  
4   135 -13638.1  136 13638.1  121 -5.40732e-13  150 5.40732e-13  
4   135 -13638.1  149 13638.1  134 4.86659e-12  150 -1.08147e-12  
4   135 -13638.1  150 13638.1  136 -1.02739e-11  149 1.08147e-11  
4   136 -18184.1  150 27276.2  135 -1.02739e-11  165 -9092.06  
3   136 -2273.02  165 2273.02  150 0  
4   137 -13638.1  138 13638.1  123 5.94806e-12  152 0  
4   137 -27276.2  151 18184.1  122 9092.06  152 -3.78513e-12  
4   137 -13638.1  152 13638.1  138 4.86659e-12  151 -5.40732e-12  
4   138 -13638.1  139 13638.1  124 -1.02739e-11  153 -5.40732e-13  
4   138 -13638.1  152 13638.1  137 6.48879e-12  153 -4.86659e-12  
4   138 -13638.1  153 13638.1  139 9.73322e-12  152 -3.78513e-12  
4   139 -13638.1  140 13638.1  125 5.40732e-13  154 0  
4   139 -13638.1  153 13638.1  138 2.16294e-12  154 -5.94806e-12  
4   139 -13638.1  154 13638.1  140 4.86659e-12  153 -9.73322e-12  
4   140 -13638.1  141 13638.1  126 -2.16294e-11  155 -5.40732e-13  
4   140 -13638.1  154 13638.1  139 4.86659e-12  155 -3.78513e-12  
4   140 -13638.1  155 13638.1  141 1.89257e-11  154 2.70367e-12  
4   141 -13638.1  142 13638.1  127 5.40732e-13  156 -5.40732e-13  
4   141 -13638.1  155 13638.1  140 3.78513e-12  156 -1.40591e-11  
4   141 -13638.1  156 13638.1  142 -1.08147e-12  155 -9.73322e-12  
4   142 -13638.1  143 13638.1  128 -5.40732e-13  157 -5.40732e-13  
4   142 -13638.1  156 13638.1  141 -1.08147e-12  157 9.73322e-12  
4   142 -13638.1  157 13638.1  143 -5.40732e-13  156 9.73322e-12  
4   143 -13638.1  144 13638.1  129 -2.05479e-11  158 5.40732e-13  
4   143 -13638.1  157 13638.1  142 1.56813e-11  158 -3.2444e-12  
4   143 -13638.1  158 13638.1  144 4.32586e-12  157 -4.86659e-12  
4   144 -13638.1  145 13638.1  130 -4.32586e-11  159 0  
4   144 -13638.1  158 13638.1  143 -8.11102e-12  159 1.6222e-11  
4   144 -13638.1  159 13638.1  145 1.51405e-11  158 2.70367e-12  
4   145 -13638.1  146 13638.1  131 0  160 1.08147e-12  
4   145 -13638.1  159 13638.1  144 4.32586e-12  160 -3.2444e-12  
4   145 -13638.1  160 13638.1  146 2.59552e-11  159 -3.2444e-12  
4   146 -13638.1  147 13638.1  132 5.40732e-13  161 5.40732e-13  
4   146 -13638.1  160 13638.1  145 2.59552e-11  161 -3.78513e-12  
4   146 -13638.1  161 13638.1  147 -6.48879e-12  160 7.02952e-12  
4   147 -13638.1  148 13638.1  133 5.40732e-13  162 0  
4   147 -13638.1  161 13638.1  146 -6.48879e-12  162 7.02952e-12  
4   147 -13638.1  162 13638.1  148 4.32586e-12  161 -3.78513e-12  
4   148 -13638.1  149 13638.1  134 1.08147e-12  163 0  
4   148 -13638.1  162 13638.1  147 1.51405e-11  163 2.6496e-11  
4   148 -13638.1  163 13638.1  149 4.32586e-12  162 -7.57029e-12  
4   149 -13638.1  150 13638.1  135 1.08147e-12  164 5.40732e-13  
4   149 -13638.1  163 13638.1  148 4.32586e-12  164 -8.65175e-12  
4   149 -13638.1  164 13638.1  150 4.32586e-12  163 -8.65175e-12  
4   150 -13638.1  164 13638.1  149 -6.48879e-12  165 6.48879e-12  
4   150 -27276.2  165 18184.1  136 9092.06  164 6.48879e-12  
4   151 -13638.1  152 13638.1  137 0  166 -2.70367e-12  
4   151 -18184.1  166 27276.2  152 4.86659e-12  180 -9092.06  
3   151 -2273.02  180 2273.02  166 1.56096e-13  
4   152 -13638.1  153 13638.1  138 5.40732e-13  167 -5.40732e-13  
4   152 -13638.1  166 13638.1  151 7.57029e-12  167 -6.48879e-12  
4   152 -13638.1  167 13638.1  153 4.86659e-12  166 -4.32586e-12  
4   153 -13638.1  154 13638.1  139 -1.13554e-11  168 5.40732e-13  
4   153 -13638.1  167 13638.1  152 4.32586e-12  168 -3.2444e-12  
4   153 -13638.1  168 13638.1  154 -7.02952e-12  167 -5.94806e-12  
4   154 -13638.1  155 13638.1  140 5.40732e-13  169 0  
4   154 -13638.1  168 13638.1  153 -1.45998e-11  169 -2.70367e-12  
4   154 -13638.1  169 13638.1  155 3.78513e-12  168 -2.70367e-12  
4   155 -13638.1  156 13638.1  141 2.16294e-11  170 1.08147e-12  
4   155 -13638.1  169 13638.1  154 -1.08147e-12  170 -1.02739e-11  
4   155 -13638.1  170 13638.1  156 4.86659e-12  169 -1.6222e-11  
4   156 -13638.1  157 13638.1  142 0  171 5.40732e-13  
4   156 -13638.1  170 13638.1  155 2.05479e-11  171 1.08147e-12  
4   156 -13638.1  171 13638.1  157 -9.73322e-12  170 1.08147e-12  
4   157 -13638.1  158 13638.1  143 0  172 -5.40732e-13  
4   157 -13638.1  171 13638.1  156 -9.73322e-12  172 1.6222e-12  
4   157 -13638.1  172 13638.1  158 4.32586e-12  171 -1.51405e-11  
4   158 -13638.1  159 13638.1  144 5.40732e-13  173 5.40732e-13  
4   158 -13638.1  172 13638.1  157 4.86659e-12  173 6.48879e-12  
4   158 -13638.1  173 13638.1  159 4.32586e-12  172 -3.78513e-12  
4   159 -13638.1  160 13638.1  145 5.40732e-13  174 5.40732e-13  
4   159 -13638.1  173 13638.1  158 1.51405e-11  174 -1.45998e-11  
4   159 -13638.1  174 13638.1  160 3.2444e-12  173 -4.32586e-12  
4   160 -13638.1  161 13638.1  146 -1.08147e-12  175 0  
4   160 -13638.1  174 13638.1  159 3.2444e-12  175 -2.4333e-11  
4   160 -13638.1  175 13638.1  161 2.70367e-12  174 -2.4333e-11  
4   161 -13638.1  162 13638.1  147 0  176 5.40732e-13  
4   161 -13638.1  175 13638.1  160 -6.48879e-12  176 7.57029e-12  
4   161 -13638.1  176 13638.1  162 -5.94806e-12  175 7.57029e-12  
4   162 -13638.1  163 13638.1  148 -4.32586e-11  177 5.40732e-13  
4   162 -13638.1  176 13638.1  161 3.78513e-12  177 -3.78513e-12  
4   162 -13638.1  177 13638.1  163 -3.78513e-12  176 -1.51405e-11  
4   163 -13638.1  164 13638.1  149 0  178 0  
4   163 -13638.1  177 13638.1  162 -1.51405e-11  178 -4.86659e-12  
4   163 -13638.1  178 13638.1  164 7.57029e-12  177 -4.86659e-12  
4   164 -13638.1  165 13638.1  150 0  179 0  
4   164 -13638.1  178 13638.1  163 7.57029e-12  179 -3.78513e-12  
4   164 -13638.1  179 13638.1  165 -5.94806e-12  178 6.48879e-12  
4   165 -18184.1  179 27276.2  164 -5.94806e-12  194 -9092.06  
3   165 -2273.02  194 2273.02  179 1.56096e-13  
4   166 -13638.1  167 13638.1  152 5.40732e-12  181 -5.94806e-12  
4   166 -27276.2  180 18184.1  151 9092.06  181 -1.6222e-12  
4   166 -13638.1  181 13638.1  167 -5.40732e-13  180 -2.70367e-12  
4   167 -13638.1  168 13638.1  153 -1.08147e-11  182 -5.40732e-13  
4   167 -13638.1  181 13638.1  166 8.11102e-12  182 -1.08147e-12  
4   167 -13638.1  182 13638.1  168 -1.13554e-11  181 -1.08147e-12  
4   168 -13638.1  169 13638.1  154 0  183 0  
4   168 -13638.1  182 13638.1  167 -2.00071e-11  183 -3.2444e-12  
4   168 -13638.1  183 13638.1  169 5.40732e-13  182 -4.86659e-12  
4   169 -13638.1  170 13638.1  155 -2.21701e-11  184 -1.08147e-12  
4   169 -13638.1  183 13638.1  168 5.40732e-13  184 1.08147e-12  
4   169 -13638.1  184 13638.1  170 -5.40732e-13  183 5.40732e-12  
4   170 -13638.1  171 13638.1  156 -5.40732e-13  185 0  
4   170 -13638.1  184 13638.1  169 -1.6222e-11  185 -1.13554e-11  
4   170 -13638.1  185 13638.1  171 -4.86659e-12  184 -7.57029e-12  
4   171 -13638.1  172 13638.1  157 5.40732e-13  186 -5.40732e-13  
4   171 -13638.1  185 13638.1  170 -4.86659e-12  186 1.45998e-11  
4   171 -13638.1  186 13638.1  172 -3.78513e-12  185 1.45998e-11  
4   172 -13638.1  173 13638.1  158 -2.21701e-11  187 2.16294e-12  
4   172 -13638.1  186 13638.1  171 1.24369e-11  187 5.40732e-13  
4   172 -13638.1  187 13638.1  173 0  186 -5.40732e-13  
4   173 -13638.1  174 13638.1  159 5.40732e-13  188 5.40732e-13  
4   173 -13638.1  187 13638.1  172 -1.02739e-11  188 1.94664e-11  
4   173 -13638.1  188 13638.1  174 -7.02952e-12  187 7.02952e-12  
4   174 -13638.1  175 13638.1  160 1.08147e-12  189 0  
4   174 -13638.1  188 13638.1  173 -1.89257e-11  189 0  
4   174 -13638.1  189 13638.1  175 4.86659e-12  188 0  
4   175 -13638.1  176 13638.1  161 1.08147e-12  190 5.40732e-13  
4   175 -13638.1  189 13638.1  174 4.86659e-12  190 -1.08147e-12  
4   175 -13638.1  190 13638.1  176 -1.02739e-11  189 1.08147e-11  
4   176 -13638.1  177 13638.1  162 5.40732e-13  191 0  
4   176 -13638.1  190 13638.1  175 -1.02739e-11  191 1.08147e-11  
4   176 -13638.1  191 13638.1  177 5.40732e-13  190 -1.08147e-12  
4   177 -13638.1  178 13638.1  163 0  192 1.08147e-12  
4   177 -13638.1  191 13638.1  176 1.24369e-11  192 2.91996e-11  
4   177 -13638.1  192 13638.1  178 -1.08147e-12  191 -3.78513e-12  
4   178 -13638.1  179 13638.1  164 1.08147e-12  193 1.08147e-12  
4   178 -13638.1  192 13638.1  177 -1.08147e-12  193 -4.86659e-12  
4   178 -13638.1  193 13638.1  179 0  192 -4.86659e-12  
4   179 -13638.1  193 13638.1  178 -1.13554e-11  194 1.08147e-11  
4   179 -27276.2  194 18184.1  165 9092.06  193 1.08147e-11  
4   180 -13638.1  181 13638.1  166 -5.40732e-13  195 -1.08147e-12  
4   180 -18184.1  195 27276.2  181 1.6222e-12  209 -9092.06  
3   180 -2273.02  209 2273.02  195 1.56096e-13  
4   181 -13638.1  182 13638.1  167 0  196 -5.40732e-13  
4   181 -13638.1  195 13638.1  180 3.2444e-12  196 -4.86659e-12  
4   181 -13638.1  196 13638.1  182 2.16294e-12  195 -1.6222e-12  
4   182 -13638.1  183 13638.1  168 -9.73322e-12  197 0  
4   182 -13638.1  196 13638.1  181 5.40732e-13  197 -5.40732e-13  
4   182 -13638.1  197 13638.1  183 1.02739e-11  196 -2.16294e-12  
4   183 -13638.1  184 13638.1  169 0  198 0  
4   183 -13638.1  197 13638.1  182 2.16294e-12  198 -5.40732e-13  
4   183 -13638.1  198 13638.1  184 1.08147e-12  197 -5.40732e-13  
4   184 -13638.1  185 13638.1  170 2.05479e-11  199 -5.40732e-13  
4   184 -13638.1  198 13638.1  183 -3.78513e-12  199 -5.94806e-12  
4   184 -13638.1  199 13638.1  185 1.6222e-12  198 -1.13554e-11  
4   185 -13638.1  186 13638.1  171 0  200 5.40732e-13  
4   185 -13638.1  199 13638.1  184 1.56813e-11  200 4.32586e-12  
4   185 -13638.1  200 13638.1  186 7.02952e-12  199 4.32586e-12  
4   186 -13638.1  187 13638.1  172 0  201 -5.40732e-13  
4   186 -13638.1  200 13638.1  185 7.02952e-12  201 4.32586e-12  
4   186 -13638.1  201 13638.1  187 1.08147e-12  200 -1.24369e-11  
4   187 -13638.1  188 13638.1  173 5.40732e-13  202 -5.40732e-13  
4   187 -13638.1  201 13638.1  186 1.6222e-12  202 1.02739e-11  
4   187 -13638.1  202 13638.1  188 1.08147e-12  201 -5.40732e-13  
4   188 -13638.1  189 13638.1  174 1.08147e-12  203 0  
4   188 -13638.1  202 13638.1  187 1.08147e-11  203 1.08147e-11  
4   188 -13638.1  203 13638.1  189 1.08147e-12  202 -2.21701e-11  
4   189 -13638.1  190 13638.1  175 1.08147e-12  204 5.40732e-13  
4   189 -13638.1  203 13638.1  188 1.08147e-12  204 1.45998e-11  
4   189 -13638.1  204 13638.1  190 1.6222e-12  203 1.45998e-11  
4   190 -13638.1  191 13638.1  176 5.40732e-13  205 -1.08147e-12  
4   190 -13638.1  204 13638.1  189 -9.19248e-12  205 1.02739e-11  
4   190 -13638.1  205 13638.1  191 -9.19248e-12  204 1.02739e-11  
4   191 -13638.1  192 13638.1  177 -4.32586e-11  206 5.40732e-13  
4   191 -13638.1  205 13638.1  190 1.6222e-12  206 0  
4   191 -13638.1  206 13638.1  192 1.08147e-11  205 -1.08147e-11  
4   192 -13638.1  193 13638.1  178 0  207 0  
4   192 -13638.1  206 13638.1  191 1.08147e-12  207 -1.08147e-12  
4   192 -13638.1  207 13638.1  193 2.21701e-11  206 -1.08147e-12  
4   193 -13638.1  194 13638.1  179 5.40732e-13  208 5.40732e-13  
4   193 -13638.1  207 13638.1  192 2.21701e-11  208 -2.16294e-12  
4   193 -13638.1  208 13638.1  194 -9.19248e-12  207 1.08147e-11  
4   194 -18184.1  208 27276.2  193 -9.19248e-12  223 -9092.06  
3   194 -2273.02  223 2273.02  208 0  
4   195 -13638.1  196 13638.1  181 5.94806e-12  210 -4.86659e-12  
4   195 -27276.2  209 18184.1  180 9092.06  210 -3.2444e-12  
4   195 -13638.1  210 13638.1  196 -5.40732e-13  209 -1.6222e-12  
4   196 -13638.1  197 13638.1  182 -9.73322e-12  211 0  
4   196 -13638.1  210 13638.1  195 8.65175e-12  211 -2.16294e-12  
4   196 -13638.1  211 13638.1  197 5.94806e-12  210 -1.08147e-12  
4   197 -13638.1  198 13638.1  183 5.40732e-13  212 5.40732e-13  
4   197 -13638.1  211 13638.1  196 -1.6222e-12  212 -9.73322e-12  
4   197 -13638.1  212 13638.1  198 0  211 -1.6222e-12  
4   198 -13638.1  199 13638.1  184 -2.16294e-11  213 1.6222e-12  
4   198 -13638.1  212 13638.1  197 0  213 -1.6222e-12  
4   198 -13638.1  213 13638.1  199 1.78442e-11  212 4.32586e-12  
4   199 -13638.1  200 13638.1  185 5.40732e-13  214 1.08147e-12  
4   199 -13638.1  213 13638.1  198 1.6222e-12  214 -1.18961e-11  
4   199 -13638.1  214 13638.1  200 -3.2444e-12  213 -8.11102e-12  
4   200 -13638.1  201 13638.1  186 5.40732e-13  215 5.40732e-13  
4   200 -13638.1  214 13638.1  199 -3.2444e-12  215 -7.02952e-12  
4   200 -13638.1  215 13638.1  201 -3.78513e-12  214 -7.02952e-12  
4   201 -13638.1  202 13638.1  187 -2.21701e-11  216 1.08147e-12  
4   201 -13638.1  215 13638.1  200 1.18961e-11  216 -2.16294e-12  
4   201 -13638.1  216 13638.1  202 1.08147e-12  215 -1.6222e-12  
4   202 -13638.1  203 13638.1  188 -4.32586e-11  217 5.40732e-13  
4   202 -13638.1  216 13638.1  201 -1.02739e-11  217 0  
4   202 -13638.1  217 13638.1  203 -2.48738e-11  216 -1.24369e-11  
4   203 -13638.1  204 13638.1  189 5.40732e-13  218 0  
4   203 -13638.1  217 13638.1  202 -3.6229e-11  218 -1.6222e-12  
4   203 -13638.1  218 13638.1  204 -1.56813e-11  217 -1.6222e-12  
4   204 -13638.1  205 13638.1  190 5.40732e-13  219 0  
4   204 -13638.1  218 13638.1  203 -1.56813e-11  219 -1.6222e-12  
4   204 -13638.1  219 13638.1  205 -9.19248e-12  218 9.19248e-12  
4   205 -13638.1  206 13638.1  191 5.40732e-13  220 1.08147e-12  
4   205 -13638.1  219 13638.1  204 -9.19248e-12  220 9.73322e-12  
4   205 -13638.1  220 13638.1  206 5.40732e-13  219 -1.08147e-12  
4   206 -13638.1  207 13638.1  192 0  221 0  
4   206 -13638.1  220 13638.1  205 1.24369e-11  221 -1.24369e-11  
4   206 -13638.1  221 13638.1  207 1.08147e-12  220 -5.40732e-13  
4   207 -13638.1  208 13638.1  193 0  222 0  
4   207 -13638.1  221 13638.1  206 1.08147e-12  222 -2.27108e-11  
4   207 -13638.1  222 13638.1  208 1.08147e-12  221 -2.27108e-11  
4   208 -13638.1  222 13638.1  207 -1.02739e-11  223 9.73322e-12  
4   208 -27276.2  223 18184.1  194 9092.06  222 9.73322e-12  
4   209 -13638.1  210 13638.1  195 2.70367e-12  224 -5.40732e-13  
4   209 -18184.1  224 27276.2  210 8.65175e-12  238 -9092.06  
3   209 -2273.02  238 2273.02  224 -3.12193e-13  
4   210 -13638.1  211 13638.1  196 0  225 5.40732e-13  
4   210 -13638.1  224 13638.1  209 9.73322e-12  225 -9.73322e-12  
4   210 -13638.1  225 13638.1  211 8.11102e-12  224 -7.57029e-12  
4   211 -13638.1  212 13638.1  197 0  226 -5.40732e-13  
4   211 -13638.1  225 13638.1  210 8.11102e-12  226 -7.02952e-12  
4   211 -13638.1  226 13638.1  212 1.56813e-11  225 -8.65175e-12  
4   212 -13638.1  213 13638.1  198 0  227 5.40732e-13  
4   212 -13638.1  226 13638.1  211 7.57029e-12  227 -7.57029e-12  
4   212 -13638.1  227 13638.1  213 8.11102e-12  226 -7.57029e-12  
4   213 -13638.1  214 13638.1  199 2.10886e-11  228 5.40732e-13  
4   213 -13638.1  227 13638.1  212 2.16294e-12  228 -1.35183e-11  
4   213 -13638.1  228 13638.1  214 7.57029e-12  227 -1.78442e-11  
4   214 -13638.1  215 13638.1  200 5.40732e-13  229 1.08147e-12  
4   214 -13638.1  228 13638.1  213 2.27108e-11  229 -2.16294e-12  
4   214 -13638.1  229 13638.1  215 1.35183e-11  228 -2.16294e-12  
4   215 -13638.1  216 13638.1  201 0  230 0  
4   215 -13638.1  229 13638.1  214 1.35183e-11  230 -2.16294e-12  
4   215 -13638.1  230 13638.1  216 7.57029e-12  229 -1.78442e-11  
4   216 -13638.1  217 13638.1  202 0  231 5.40732e-13  
4   216 -13638.1  230 13638.1  215 8.11102e-12  231 3.2444e-12  
4   216 -13638.1  231 13638.1  217 8.11102e-12  230 -7.02952e-12  
4   217 -13638.1  218 13638.1  203 0  232 0  
4   217 -13638.1  231 13638.1  216 1.83849e-11  232 -1.73035e-11  
4   217 -13638.1  232 13638.1  218 6.48879e-12  231 -7.02952e-12  
4   218 -13638.1  219 13638.1  204 5.40732e-13  233 0  
4   218 -13638.1  232 13638.1  217 6.48879e-12  233 -2.91996e-11  
4   218 -13638.1  233 13638.1  219 7.02952e-12  232 -2.91996e-11  
4   219 -13638.1  220 13638.1  205 -1.08147e-12  234 -5.40732e-13  
4   219 -13638.1  233 13638.1  218 -3.2444e-12  234 3.2444e-12  
4   219 -13638.1  234 13638.1  220 -3.2444e-12  233 3.2444e-12  
4   220 -13638.1  221 13638.1  206 5.40732e-13  235 5.40732e-13  
4   220 -13638.1  234 13638.1  219 7.02952e-12  235 -7.57029e-12  
4   220 -13638.1  235 13638.1  221 1.83849e-11  234 -1.83849e-11  
4   221 -13638.1  222 13638.1  207 0  236 0  
4   221 -13638.1  235 13638.1  220 8.11102e-12  236 -7.57029e-12  
4   221 -13638.1  236 13638.1  222 2.86589e-11  235 -7.57029e-12  
4   222 -13638.1  223 13638.1  208 5.40732e-13  237 0  
4   222 -13638.1  236 13638.1  221 2.86589e-11  237 -7.57029e-12  
4   222 -13638.1  237 13638.1  223 -3.78513e-12  236 3.78513e-12  
4   223 -18184.1  237 27276.2  222 -3.78513e-12  252 -9092.06  
3   223 -2273.02  252 2273.02  237 -1.56096e-13  
4   224 -13638.1  225 13638.1  210 6.48879e-12  239 0  
4   224 -27276.2  238 18184.1  209 9092.06  239 -5.40732e-13  
4   224 -13638.1  239 13638.1  225 1.08147e-12  238 -2.70367e-12  
4   225 -13638.1  226 13638.1  211 -1.02739e-11  240 -5.40732e-13  
4   225 -13638.1  239 13638.1  224 3.78513e-12  240 -2.70367e-12  
4   225 -13638.1  240 13638.1  226 7.57029e-12  239 -1.6222e-12  
4   226 -13638.1  227 13638.1  212 -5.40732e-13  241 -5.40732e-13  
4   226 -13638.1  240 13638.1  225 -1.08147e-12  241 -9.19248e-12  
4   226 -13638.1  241 13638.1  227 5.40732e-13  240 -5.40732e-13  
4   227 -13638.1  228 13638.1  213 -2.16294e-11  242 -1.08147e-12  
4   227 -13638.1  241 13638.1  226 5.40732e-13  242 -5.40732e-13  
4   227 -13638.1  242 13638.1  228 1.56813e-11  241 4.32586e-12  
4   228 -13638.1  229 13638.1  214 0  243 -5.40732e-13  
4   228 -13638.1  242 13638.1  227 1.6222e-12  243 -1.13554e-11  
4   228 -13638.1  243 13638.1  229 -4.32586e-12  242 -5.94806e-12  
4   229 -13638.1  230 13638.1  215 5.40732e-13  244 0  
4   229 -13638.1  243 13638.1  228 -4.32586e-12  244 -5.40732e-12  
4   229 -13638.1  244 13638.1  230 -4.32586e-12  243 -5.40732e-12  
4   230 -13638.1  231 13638.1  216 -2.16294e-11  245 5.40732e-13  
4   230 -13638.1  244 13638.1  229 1.18961e-11  245 -5.40732e-13  
4   230 -13638.1  245 13638.1  231 1.6222e-12  244 -1.6222e-12  
4   231 -13638.1  232 13638.1  217 1.6222e-12  246 5.40732e-13  
4   231 -13638.1  245 13638.1  230 -1.08147e-11  246 0  
4   231 -13638.1  246 13638.1  232 1.08147e-11  245 -1.08147e-11  
4   232 -13638.1  233 13638.1  218 0  247 0  
4   232 -13638.1  246 13638.1  231 1.08147e-12  247 -1.08147e-12  
4   232 -13638.1  247 13638.1  233 2.21701e-11  246 -1.08147e-12  
4   233 -13638.1  234 13638.1  219 0  248 5.40732e-13  
4   233 -13638.1  247 13638.1  232 2.21701e-11  248 -2.16294e-12  
4   233 -13638.1  248 13638.1  234 -9.19248e-12  247 1.08147e-11  
4   234 -13638.1  235 13638.1  220 0  249 -5.40732e-13  
4   234 -13638.1  248 13638.1  233 -9.19248e-12  249 1.08147e-11  
4   234 -13638.1  249 13638.1  235 1.08147e-12  248 -1.6222e-12  
4   235 -13638.1  236 13638.1  221 0  250 0  
4   235 -13638.1  249 13638.1  234 1.08147e-11  250 1.08147e-11  
4   235 -13638.1  250 13638.1  236 1.08147e-12  249 -2.21701e-11  
4   236 -13638.1  237 13638.1  222 5.40732e-13  251 5.40732e-13  
4   236 -13638.1  250 13638.1  235 1.08147e-12  251 1.45998e-11  
4   236 -13638.1  251 13638.1  237 1.6222e-12  250 1.45998e-11  
4   237 -13638.1  251 13638.1  236 -9.19248e-12  252 1.02739e-11  
4   237 -27276.2  252 18184.1  223 9092.06  251 1.02739e-11  
4   238 -13638.1  239 13638.1  224 5.40732e-13  253 1.08147e-12  
4   238 -18184.1  253 27276.2  239 1.6222e-12  266 -9092.06  
3   238 -2273.02  266 2273.02  253 -1.56096e-13  
4   239 -13638.1  240 13638.1  225 0  254 0  
4   239 -13638.1  253 13638.1  238 1.6222e-12  254 -3.78513e-12  
4   239 -13638.1  254 13638.1  240 3.2444e-12  253 -1.6222e-12  
4   240 -13638.1  241 13638.1  226 0  255 0  
4   240 -13638.1  254 13638.1  239 1.6222e-12  255 -5.40732e-13  
4   240 -13638.1  255 13638.1  241 9.19248e-12  254 -2.16294e-12  
4   241 -13638.1  242 13638.1  227 0  256 5.40732e-13  
4   241 -13638.1  255 13638.1  240 1.6222e-12  256 -1.6222e-12  
4   241 -13638.1  256 13638.1  242 1.08147e-12  255 -1.6222e-12  
4   242 -13638.1  243 13638.1  228 2.21701e-11  257 1.08147e-12  
4   242 -13638.1  256 13638.1  241 -4.32586e-12  257 -7.02952e-12  
4   242 -13638.1  257 13638.1  243 1.6222e-12  256 -1.13554e-11  
4   243 -13638.1  244 13638.1  229 0  258 5.40732e-13  
4   243 -13638.1  257 13638.1  242 1.78442e-11  258 3.78513e-12  
4   243 -13638.1  258 13638.1  244 5.94806e-12  257 3.78513e-12  
4   244 -13638.1  245 13638.1  230 5.40732e-13  259 1.08147e-12  
4   244 -13638.1  258 13638.1  243 5.94806e-12  259 4.32586e-12  
4   244 -13638.1  259 13638.1  245 2.16294e-12  258 -1.18961e-11  
4   245 -13638.1  246 13638.1  231 5.40732e-13  260 1.08147e-12  
4   245 -13638.1  259 13638.1  244 1.6222e-12  260 9.73322e-12  
4   245 -13638.1  260 13638.1  246 5.40732e-13  259 -1.08147e-12  
4   246 -13638.1  247 13638.1  232 0  261 0  
4   246 -13638.1  260 13638.1  245 1.24369e-11  261 -1.24369e-11  
4   246 -13638.1  261 13638.1  247 1.08147e-12  260 -5.40732e-13  
4   247 -13638.1  248 13638.1  233 0  262 0  
4   247 -13638.1  261 13638.1  246 1.08147e-12  262 -2.27108e-11  
4   247 -13638.1  262 13638.1  248 1.08147e-12  261 -2.27108e-11  
4   248 -13638.1  249 13638.1  234 -5.40732e-13  263 -1.08147e-12  
4   248 -13638.1  262 13638.1  247 -1.02739e-11  263 9.73322e-12  
4   248 -13638.1  263 13638.1  249 -1.02739e-11  262 9.73322e-12  
4   249 -13638.1  250 13638.1  235 -4.32586e-11  264 5.40732e-13  
4   249 -13638.1  263 13638.1  248 1.08147e-12  264 0  
4   249 -13638.1  264 13638.1  250 -2.48738e-11  263 -1.24369e-11  
4   250 -13638.1  251 13638.1  236 5.40732e-13  265 0  
4   250 -13638.1  264 13638.1  249 -3.6229e-11  265 -1.6222e-12  
4   250 -13638.1  265 13638.1  251 -1.56813e-11  264 -1.6222e-12  
4   251 -16233.7  252 12644.3  30 3589.39  237 5.40732e-13  
4   251 -10173.2  265 12098.8  30 -1925.66  250 -1.56813e-11  
4   253 -13638.1  254 13638.1  239 5.40732e-12  267 5.40732e-13  
4   253 -27276.2  266 18184.1  238 9092.06  267 -9.19248e-12  
4   253 -13638.1  267 13638.1  254 7.57029e-12  266 -8.65175e-12  
4   254 -13638.1  255 13638.1  240 -1.02739e-11  268 0  
4   254 -13638.1  267 13638.1  253 9.73322e-12  268 -8.65175e-12  
4   254 -13638.1  268 13638.1  255 1.18961e-11  267 -7.02952e-12  
4   255 -13638.1  256 13638.1  241 -5.40732e-13  269 -5.40732e-13  
4   255 -13638.1  268 13638.1  254 4.86659e-12  269 -1.45998e-11  
4   255 -13638.1  269 13638.1  256 7.02952e-12  268 -7.57029e-12  
4   256 -13638.1  257 13638.1  242 -2.21701e-11  270 0  
4   256 -13638.1  269 13638.1  255 7.02952e-12  270 -8.11102e-12  
4   256 -13638.1  270 13638.1  257 2.27108e-11  269 -1.6222e-12  
4   257 -13638.1  258 13638.1  243 -5.40732e-13  271 0  
4   257 -13638.1  270 13638.1  256 7.57029e-12  271 -1.78442e-11  
4   257 -13638.1  271 13638.1  258 2.70367e-12  270 -1.35183e-11  
4   258 -13638.1  259 13638.1  244 0  272 5.40732e-13  
4   258 -13638.1  271 13638.1  257 2.70367e-12  272 -1.24369e-11  
4   258 -13638.1  272 13638.1  259 2.16294e-12  271 -1.24369e-11  
4   259 -13638.1  260 13638.1  245 -2.27108e-11  273 1.6222e-12  
4   259 -13638.1  272 13638.1  258 1.89257e-11  273 -7.02952e-12  
4   259 -13638.1  273 13638.1  260 8.11102e-12  272 -8.11102e-12  
4   260 -13638.1  261 13638.1  246 5.40732e-13  274 5.40732e-13  
4   260 -13638.1  273 13638.1  259 -4.86659e-12  274 -7.57029e-12  
4   260 -13638.1  274 13638.1  261 1.83849e-11  273 -1.83849e-11  
4   261 -13638.1  262 13638.1  247 0  275 0  
4   261 -13638.1  274 13638.1  260 8.11102e-12  275 -7.57029e-12  
4   261 -13638.1  275 13638.1  262 2.86589e-11  274 -7.57029e-12  
4   262 -13638.1  263 13638.1  248 5.40732e-13  276 0  
4   262 -13638.1  275 13638.1  261 2.86589e-11  276 -7.57029e-12  
4   262 -13638.1  276 13638.1  263 -3.78513e-12  275 3.78513e-12  
4   263 -13638.1  264 13638.1  249 0  277 5.40732e-13  
4   263 -13638.1  276 13638.1  262 -3.78513e-12  277 3.78513e-12  
4   263 -13638.1  277 13638.1  264 8.11102e-12  276 -7.57029e-12  
4   264 -8219.09  265 16596.3  24 -8377.23  250 0  
4   264 -11466.1  277 13869.5  18 -2403.39  263 1.83849e-11  
4   266 -13638.1  267 13638.1  253 2.16294e-12  278 -1.08147e-12  
4   266 -18184.1  278 27276.2  267 1.6222e-12  289 -9092.06  
3   266 -2273.02  289 2273.02  278 1.56096e-13  
4   267 -13638.1  268 13638.1  254 5.40732e-13  279 -5.40732e-13  
4   267 -13638.1  278 13638.1  266 3.2444e-12  279 -4.86659e-12  
4   267 -13638.1  279 13638.1  268 2.16294e-12  278 -1.6222e-12  
4   268 -13638.1  269 13638.1  255 5.40732e-13  280 0  
4   268 -13638.1  279 13638.1  267 5.40732e-13  280 -5.40732e-13  
4   268 -13638.1  280 13638.1  269 1.02739e-11  279 -2.16294e-12  
4   269 -13638.1  270 13638.1  256 0  281 0  
4   269 -13638.1  280 13638.1  268 2.16294e-12  281 -5.40732e-13  
4   269 -13638.1  281 13638.1  270 1.08147e-12  280 -5.40732e-13  
4   270 -13638.1  271 13638.1  257 2.16294e-11  282 -5.40732e-13  
4   270 -13638.1  281 13638.1  269 -3.78513e-12  282 -5.94806e-12  
4   270 -13638.1  282 13638.1  271 1.6222e-12  281 -1.13554e-11  
4   271 -13638.1  272 13638.1  258 1.08147e-12  283 5.40732e-13  
4   271 -13638.1  282 13638.1  270 1.56813e-11  283 4.32586e-12  
4   271 -13638.1  283 13638.1  272 7.02952e-12  282 4.32586e-12  
4   272 -13638.1  273 13638.1  259 0  284 -5.40732e-13  
4   272 -13638.1  283 13638.1  271 7.02952e-12  284 4.32586e-12  
4   272 -13638.1  284 13638.1  273 1.08147e-12  283 -1.24369e-11  
4   273 -13638.1  274 13638.1  260 0  285 -5.40732e-13  
4   273 -13638.1  284 13638.1  272 1.6222e-12  285 1.02739e-11  
4   273 -13638.1  285 13638.1  274 1.08147e-12  284 -5.40732e-13  
4   274 -13638.1  275 13638.1  261 0  286 0  
4   274 -13638.1  285 13638.1  273 1.08147e-11  286 1.08147e-11  
4   274 -13638.1  286 13638.1  275 1.08147e-12  285 -2.21701e-11  
4   275 -13638.1  276 13638.1  262 5.40732e-13  287 5.40732e-13  
4   275 -13638.1  286 13638.1  274 1.08147e-12  287 1.45998e-11  
4   275 -13638.1  287 13638.1  276 1.6222e-12  286 1.45998e-11  
4   276 -13638.1  277 13638.1  263 -5.40732e-13  288 -1.08147e-12  
4   276 -13638.1  287 13638.1  275 -9.19248e-12  288 1.02739e-11  
4   276 -13638.1  288 13638.1  277 -9.19248e-12  287 1.02739e-11  
4   277 -12157.4  288 13050.1  12 -892.697  276 1.6222e-12  
4   278 -13638.1  279 13638.1  267 5.94806e-12  290 -4.86659e-12  
4   278 -27276.2  289 18184.1  266 9092.06  290 -3.2444e-12  
4   278 -13638.1  290 13638.1  279 -5.40732e-13  289 -1.6222e-12  
4   279 -13638.1  280 13638.1  268 -9.73322e-12  291 0  
4   279 -13638.1  290 13638.1  278 8.65175e-12  291 -2.16294e-12  
4   279 -13638.1  291 13638.1  280 5.94806e-12  290 -1.08147e-12  
4   280 -13638.1  281 13638.1  269 5.40732e-13  292 5.40732e-13  
4   280 -13638.1  291 13638.1  279 -1.6222e-12  292 -9.73322e-12  
4   280 -13638.1  292 13638.1  281 0  291 -1.6222e-12  
4   281 -13638.1  282 13638.1  270 -2.16294e-11  293 1.6222e-12  
4   281 -13638.1  292 13638.1  280 0  293 -1.6222e-12  
4   281 -13638.1  293 13638.1  282 1.78442e-11  292 4.32586e-12  
4   282 -13638.1  283 13638.1  271 5.40732e-13  294 1.08147e-12  
4   282 -13638.1  293 13638.1  281 1.6222e-12  294 -1.18961e-11  
4   282 -13638.1  294 13638.1  283 -3.2444e-12  293 -8.11102e-12  
4   283 -13638.1  284 13638.1  272 5.40732e-13  295 5.40732e-13  
4   283 -13638.1  294 13638.1  282 -3.2444e-12  295 -7.02952e-12  
4   283 -13638.1  295 13638.1  284 -3.78513e-12  294 -7.02952e-12  
4   284 -13638.1  285 13638.1  273 -2.21701e-11  296 1.08147e-12  
4   284 -13638.1  295 13638.1  283 1.18961e-11  296 -2.16294e-12  
4   284 -13638.1  296 13638.1  285 1.08147e-12  295 -1.6222e-12  
4   285 -13638.1  286 13638.1  274 -4.32586e-11  297 5.40732e-13  
4   285 -13638.1  296 13638.1  284 -1.02739e-11  297 0  
4   285 -13638.1  297 13638.1  286 -2.48738e-11  296 -1.24369e-11  
4   286 -13638.1  287 13638.1  275 5.40732e-13  298 0  
4   286 -13638.1  297 13638.1  285 -3.6229e-11  298 -1.6222e-12  
4   286 -13638.1  298 13638.1  287 -1.56813e-11  297 -1.6222e-12  
4   287 -13638.1  288 13638.1  276 5.40732e-13  299 0  
4   287 -13638.1  298 13638.1  286 -1.56813e-11  299 -1.6222e-12  
4   287 -13638.1  299 13638.1  288 -9.19248e-12  298 9.19248e-12  
4   288 -13638.1  299 13638.1  287 -9.19248e-12  300 9.73322e-12  
4   288 -13033  300 12155.6  12 877.369  299 -1.08147e-12  
3   289 -6819.06  290 6819.06  278 2.70367e-12  
3   290 -6819.06  291 6819.06  279 0  
3   291 -6819.06  292 6819.06  280 0  
3   292 -6819.06  293 6819.06  281 0  
3   293 -6819.06  294 6819.06  282 2.10886e-11  
3   294 -6819.06  295 6819.06  283 5.40732e-13  
3   295 -6819.06  296 6819.06  284 0  
3   296 -6819.06  297 6819.06  285 0  
3   297 -6819.06  298 6819.06  286 0  
3   298 -6819.06  299 6819.06  287 5.40732e-13  
3   299 -6819.06  300 6819.06  288 -1.08147e-12