39918.91174
23951.34634
135724.2971
407172.8878
1069826.801
2866177.776
3928621.863
95805.38536
399189.1069
1381194.303
3656572.206
8925868.397
9670215.594
95805.38536
399189.1069
1061843.02
1948042.835
7887976.723
10527739.66
143708.078
526929.6195
670637.6975
3089723.674
5173490.806
10077111.33
95805.38536
399189.1069
1381194.303
3656572.206
8925868.397
9344482.516
23951.34634
135724.2971
407172.8878
1069826.801
2866177.776
4893483.222
39918.91174
23951.34634
135724.2971
407172.8878
2019896.874
4462934.197
2571348.108
143708.078
526929.6195
989988.9809
1948042.835
7887976.723
11027338.39
95805.38536
399189.1069
1381194.303
2706502.133
5173490.806
11884641.69
47902.69268
271448.5907
1133697.059
3848182.976
6770247.226
8719329.054
143708.078
526929.6195
989988.9809
1948042.835
7887976.723
10701018.57
23951.34634
135724.2971
407172.8878
2019896.874
4462934.197
3536045.83
4236764.069
6241509.899
6241509.899
6241509.899
6241509.899
6241509.899
6241509.899
6241509.899
6241509.899
6241509.899
6241509.899
4161006.598
11804949.46
12483019.8
12483019.8
12483019.8
12483019.8
12483019.8
12483019.8
12483019.8
12483019.8
12483019.8
10402516.5
11076361.27
12483019.8
12483019.8
12483019.8
12483019.8
12483019.8
12483019.8
12483019.8
12483019.8
12483019.8
12483019.8
8322013.199
6688055.408
12520310.36
12483019.8
12483019.8
12483019.8
12483019.8
12483019.8
12483019.8
12483019.8
12483019.8
12483019.8
12483019.8
10402516.5
7466064.666
11489316.15
12483019.8
12483019.8
12483019.8
12483019.8
12483019.8
12483019.8
12483019.8
12483019.8
12483019.8
12483019.8
12483019.8
12483019.8
8322013.199
10402516.5
12483019.8
12483019.8
12483019.8
12483019.8
12483019.8
12483019.8
12483019.8
12483019.8
12483019.8
12483019.8
12483019.8
12483019.8
10402516.5
8322013.199
12483019.8
12483019.8
12483019.8
12483019.8
12483019.8
12483019.8
12483019.8
12483019.8
12483019.8
12483019.8
12483019.8
12483019.8
12483019.8
8322013.199
10402516.5
12483019.8
12483019.8
12483019.8
12483019.8
12483019.8
12483019.8
12483019.8
12483019.8
12483019.8
12483019.8
12483019.8
12483019.8
10402516.5
8322013.199
12483019.8
12483019.8
12483019.8
12483019.8
12483019.8
12483019.8
12483019.8
12483019.8
12483019.8
12483019.8
12483019.8
12483019.8
12483019.8
8322013.199
10402516.5
12483019.8
12483019.8
12483019.8
12483019.8
12483019.8
12483019.8
12483019.8
12483019.8
12483019.8
12483019.8
12483019.8
12483019.8
10402516.5
8322013.199
12483019.8
12483019.8
12483019.8
12483019.8
12483019.8
12483019.8
12483019.8
12483019.8
12483019.8
12483019.8
12483019.8
12483019.8
12483019.8
8322013.199
10402516.5
12483019.8
12483019.8
12483019.8
12483019.8
12483019.8
12483019.8
12483019.8
12483019.8
12483019.8
12483019.8
12483019.8
12483019.8
10402516.5
8322013.199
12483019.8
12483019.8
12483019.8
12483019.8
12483019.8
12483019.8
12483019.8
12483019.8
12483019.8
12483019.8
12483019.8
12483019.8
11489653.23
7466483.816
10402516.5
12483019.8
12483019.8
12483019.8
12483019.8
12483019.8
12483019.8
12483019.8
12483019.8
12483019.8
12483019.8
12520786.63
6688567.884
8322013.199
12483019.8
12483019.8
12483019.8
12483019.8
12483019.8
12483019.8
12483019.8
12483019.8
12483019.8
12483019.8
11076675.36
10402516.5
12483019.8
12483019.8
12483019.8
12483019.8
12483019.8
12483019.8
12483019.8
12483019.8
12483019.8
11804949.46
4161006.598
6241509.899
6241509.899
6241509.899
6241509.899
6241509.899
6241509.899
6241509.899
6241509.899
6241509.899
6241509.899
4236682.51