2106
   0	    8	 37304.359893
   0	   32	 3472.620010
   1	    2	 17115.429106
   1	   20	 28659.876185
   1	   21	 13869.823303
   1	   28	 3187.225649
   2	    3	 6074.982952
   2	   21	 29573.330392
   2	   36	 3509.657370
   3	   16	 40470.334465
   3	   36	 10746.546639
   4	    5	 3709.526458
   4	   22	 36368.295101
   4	   27	 15625.319163
   5	   12	 16360.627288
   5	   22	 22372.646411
   5	   30	 5982.522640
   5	   44	 1078.495503
   6	   13	 4433.921836
   6	   14	 8346.267117
   6	   31	 17493.258497
   6	   39	 11618.237530
   7	   15	 39802.133328
   8	   24	 19267.590109
   8	   32	 28433.563738
   9	   20	 7382.842050
   9	   24	 13251.643285
   9	   33	 32041.874086
   9	   34	 16271.039350
  10	   18	 8938.559238
  10	   25	 17536.080420
  10	   37	 16406.980311
  10	   53	 4432.951350
  11	   25	 24543.612404
  11	   26	 31982.369310
  11	   27	 553.733532
  12	   23	 9981.766050
  12	   30	 28643.490210
  13	   23	 27554.654180
  13	   31	 14606.258037
  13	   45	 1341.531209
  14	   19	 109577.862778
  14	   39	 1863.092082
  14	   42	 2133.874678
  15	   19	 7565.906790
  15	   40	 14371.729900
  15	   49	 21429.288937
  15	   65	 3392.233276
  16	   17	 27892.038918
  16	   36	 1730.162435
  16	   41	 23118.763752
  16	   48	 1983.976953
  17	   18	 34856.051236
  17	   48	 14968.314476
  18	   37	 29501.418445
  18	   48	 2779.383186
  19	   40	 33170.851566
  19	   42	 6606.895824
  19	   46	 5890.572039
  19	   47	 13583.148893
  20	   28	 14820.282961
  20	   34	 20645.589816
  20	   35	 50031.059145
  21	   28	 26014.108385
  21	   29	 17899.014362
  21	   36	 19492.187549
  22	   27	 6342.677485
  22	   44	 39473.997216
  22	   50	 5880.513086
  23	   30	 13680.929652
  23	   45	 542.913830
  23	   51	 11284.671887
  23	   62	 10321.962650
  23	   63	 596.074585
  24	   32	 27662.428922
  24	   33	 14566.282270
  24	   54	 29719.667923
  24	   58	 200.528734
  24	   59	 761.893130
  25	   26	 8777.086324
  25	   43	 6593.098540
  25	   53	 9483.524773
  25	   57	 17204.707711
  26	   27	 37311.105554
  26	   43	 29952.636736
  27	   43	 3273.862335
  27	   50	 28346.100515
  28	   29	 76473.456677
  28	   35	 4924.046886
  28	   38	 22598.237227
  29	   36	 17181.552931
  29	   38	 26989.397722
  29	   61	 3191.611653
  30	   44	 16790.891340
  30	   51	 30714.627973
  31	   39	 24166.791043
  31	   45	 25770.000222
  32	   58	 38733.097361
  33	   34	 62616.010441
  33	   54	 4412.789875
  33	   60	 30749.660878
  34	   35	 13938.022386
  34	   55	 21247.147201
  34	   60	 3245.849020
  34	   72	 3081.813961
  35	   38	 51843.483444
  35	   55	 22707.504284
  36	   41	 36254.683780
  36	   61	 7579.151244
  36	   77	 4525.240855
  37	   48	 20923.032383
  37	   53	 4086.678956
  37	   56	 15549.505301
  37	   85	 3725.077426
  38	   55	 2286.825259
  38	   61	 23436.726984
  39	   42	 24643.133044
  39	   45	 10065.178635
  39	   52	 12138.830504
  40	   47	 27731.619973
  40	   49	 63882.989327
  40	   75	 8387.492700
  41	   48	 4792.423051
  41	   68	 15859.301349
  41	   77	 22497.846411
  42	   46	 33421.211359
  42	   52	 40753.004208
  42	   64	 2225.521918
  43	   50	 18924.738945
  43	   57	 8258.960346
  43	   69	 13862.840876
  43	   91	 5152.034701
  43	   92	 2632.345110
  44	   50	 4714.781729
  44	   51	 2033.680467
  44	   79	 32402.058210
  44	   86	 9023.361270
  45	   52	 3778.911271
  45	   63	 26068.564289
  45	   74	 7709.742621
  46	   47	 188989.351856
  46	   64	 18353.467143
  47	   64	 3152.801617
  47	   75	 18660.756189
  48	   68	 25383.482429
  48	   73	 9349.330870
  48	   85	 9532.345565
  49	   65	 80168.440682
  49	   75	 5644.311856
  49	  100	 8192.040056
  50	   78	 28228.896110
  50	   86	 7067.515785
  50	   92	 5263.954839
  51	   62	 20240.367667
  51	   79	 1203.537161
  51	   87	 4053.919763
  51	   90	 22111.105778
  52	   64	 26291.843341
  52	   74	 5416.722371
  52	   80	 7475.920121
  53	   56	 159416.169189
  53	   57	 34376.476998
  53	  104	 1290.076795
  54	   59	 56545.070764
  54	   60	 1557.252762
  54	   66	 38231.620086
  54	   70	 5084.254467
  55	   61	 29911.172588
  55	   72	 28043.154440
  55	   89	 14677.628315
  56	   85	 23947.005143
  56	  104	 7805.447378
  57	   69	 40286.266751
  57	  104	 3027.333440
  58	   59	 39052.141018
  58	   76	 22117.228838
  58	   83	 42552.023395
  59	   70	 14203.221527
  59	   76	 29612.198705
  60	   66	 8528.493574
  60	   67	 189152.165272
  60	   72	 13230.556195
  60	   88	 13295.992400
  61	   77	 7637.424085
  61	   89	 9064.906954
  61	   94	 2588.236805
  61	   99	 31751.349034
  62	   63	 22488.335894
  62	   87	 42918.935721
  63	   74	 14426.580639
  63	   87	 2122.752001
  63	  107	 12233.903457
  64	   75	 17284.743417
  64	   80	 1157.949365
  64	   81	 41141.599570
  65	   82	 71533.095448
  65	  100	 5020.259970
  66	   67	 20325.014377
  66	   70	 31502.321730
  66	   71	 35091.009713
  67	   71	 37950.349831
  67	   88	 16202.497131
  68	   73	 96504.223651
  68	   77	 10828.000391
  69	   91	 12384.624239
  69	   95	 27955.815913
  69	  104	 3211.566310
  70	   71	 27983.456523
  70	   76	 16853.237033
  70	   93	 2634.682837
  70	   98	 27663.416970
  70	  102	 155.403732
  71	   88	 11950.480625
  71	   98	 29113.789665
  72	   84	 74296.112982
  72	   88	 18253.115045
  72	   89	 16752.416414
  73	   77	 2057.516636
  73	   85	 4807.566807
  73	  103	 50886.429353
  73	  112	 2241.671297
  74	   80	 29562.833172
  74	   96	 23181.062318
  74	  107	 601.008728
  75	   81	 20808.064530
  75	  100	 59554.257817
  75	  129	 2131.620675
  76	   83	 12772.744114
  76	   93	 69634.513879
  77	   99	 35366.824310
  77	  103	 6839.681912
  77	  120	 16863.354767
  78	   86	 39203.295970
  78	   92	 36742.627403
  78	  101	 1414.650946
  78	  114	 7808.787350
  79	   86	 13038.349127
  79	   90	 14157.325777
  79	  101	 4596.281050
  79	  106	 25074.082423
  79	  116	 11957.249496
  80	   81	 41140.739218
  80	   96	 13858.829443
  80	  108	 7193.271108
  81	  108	 18199.347363
  81	  129	 1439.891247
  82	   97	 49538.888429
  82	  100	 11302.703113
  83	   93	 16729.945194
  83	  115	 26635.555112
  84	   88	 36011.625796
  84	   89	 32718.261481
  84	   94	 19579.249426
  85	  104	 25158.240549
  85	  112	 24764.023419
  86	  101	 51948.790986
  87	   90	 20564.429944
  87	  107	 2175.309084
  87	  117	 23901.781334
  87	  121	 6499.972691
  88	   94	 2328.014803
  88	   98	 7330.204861
  88	  110	 7279.978036
  88	  122	 22692.500804
  89	   94	 48035.517814
  90	  106	 24027.338650
  90	  121	 18188.114590
  91	   92	 26244.619119
  91	   95	 32991.144746
  91	  111	 3619.583942
  91	  113	 14376.056461
  92	  113	 13559.462739
  92	  114	 18380.382094
  93	  102	 33179.488277
  93	  109	 34618.162001
  93	  115	 7561.539374
  94	   99	 4042.512557
  94	  110	 72684.583513
  95	  104	 2035.671603
  95	  111	 31785.623556
  95	  124	 5041.897732
  96	  107	 22963.908645
  96	  108	 31779.903916
  97	  100	 3447.119349
  97	  130	 25396.633966
  98	  102	 42118.935068
  98	  105	 20335.255613
  98	  122	 10352.441027
  98	  131	 12110.827459
  99	  110	 2397.187905
  99	  120	 15146.310544
  99	  123	 34565.859059
  99	  132	 3526.859622
 100	  118	 74867.539922
 100	  129	 2101.841151
 100	  130	 1847.344419
 101	  114	 38862.739027
 101	  116	 34038.433191
 102	  105	 170065.936107
 102	  109	 8483.199819
 103	  112	 16883.736350
 103	  120	 7944.775088
 103	  126	 40383.766251
 104	  112	 13014.397428
 104	  124	 38906.719185
 104	  144	 3657.436625
 105	  109	 44243.314559
 105	  131	 25230.169739
 106	  116	 26027.345965
 106	  121	 19593.830740
 106	  135	 13977.485782
 107	  108	 7562.809337
 107	  117	 17558.431273
 107	  134	 15950.552168
 107	  149	 4441.470356
 108	  129	 6378.621519
 108	  136	 29344.862640
 108	  149	 982.210024
 109	  115	 77085.099399
 109	  131	 5781.206358
 109	  137	 1838.986293
 109	  140	 969.829963
 110	  119	 81261.303887
 110	  122	 503.305413
 110	  125	 6991.482021
 110	  132	 11727.044314
 111	  113	 45172.516091
 111	  124	 13679.064993
 111	  138	 11237.293137
 112	  126	 10666.277689
 112	  144	 12034.453549
 112	  146	 11309.612594
 113	  114	 330.916758
 113	  127	 1228.227305
 113	  133	 29103.658856
 113	  138	 3731.131487
 114	  116	 4490.718960
 114	  127	 58451.895784
 114	  148	 2249.785070
 115	  140	 51045.692064
 116	  135	 34648.393005
 116	  148	 5950.214353
 117	  121	 167.330561
 117	  128	 26874.946216
 117	  134	 25194.897059
 118	  129	 49018.001922
 118	  130	 12229.331990
 118	  139	 18341.435046
 119	  125	 68934.813981
 119	  132	 14280.810530
 119	  141	 18056.488878
 119	  153	 620.377509
 120	  123	 42804.603513
 120	  126	 3401.619427
 120	  142	 32523.823397
 120	  170	 4247.858858
 121	  128	 39344.577958
 121	  135	 3046.709653
 121	  151	 18527.093400
 122	  125	 76753.912095
 122	  131	 41652.451060
 122	  145	 20539.845810
 123	  132	 94287.039657
 123	  170	 4473.194823
 124	  138	 11065.868250
 124	  144	 4614.653306
 124	  147	 29804.912512
 125	  141	 28795.222817
 125	  145	 6234.679948
 126	  142	 13346.948026
 126	  143	 44144.249864
 126	  146	 4615.709905
 126	  155	 2883.780119
 127	  133	 48452.936366
 127	  148	 38251.237145
 127	  165	 718.381063
 128	  134	 11730.237352
 128	  151	 10383.428713
 128	  162	 10733.594836
 129	  136	 15773.937131
 129	  139	 21489.128738
 129	  159	 16401.475721
 130	  139	 13412.749506
 130	  152	 35549.289389
 131	  137	 91886.554201
 131	  145	 6339.842574
 132	  153	 50087.919776
 132	  170	 2769.908241
 133	  138	 27295.963733
 133	  165	 11546.685339
 134	  149	 21351.509557
 134	  162	 15825.779689
 135	  148	 5001.581984
 135	  151	 10229.119229
 135	  157	 7714.198716
 135	  158	 49206.325504
 136	  149	 18373.726957
 136	  156	 18707.798731
 136	  159	 3401.975853
 136	  167	 15477.964160
 137	  140	 12270.805989
 137	  145	 20498.725426
 137	  154	 66742.921981
 138	  147	 4345.267333
 138	  164	 8138.827334
 138	  165	 4236.374725
 138	  174	 19074.850542
 139	  152	 14619.721810
 139	  159	 25097.239755
 139	  160	 12478.953319
 140	  154	 3695.564625
 140	  163	 55958.338133
 140	  168	 6846.114630
 141	  145	 39993.243197
 141	  153	 29396.714340
 141	  169	 21384.572671
 142	  143	 17209.997463
 142	  150	 28968.716691
 142	  170	 28859.379528
 143	  150	 57352.451629
 143	  155	 15725.524229
 144	  146	 75576.784961
 144	  147	 26303.076146
 144	  173	 10131.671228
 145	  154	 15483.965026
 145	  169	 30861.598275
 146	  155	 32189.402318
 146	  173	 8943.688173
 146	  189	 2659.853802
 147	  164	 48273.274386
 147	  173	 6536.065856
 148	  157	 55711.541831
 148	  165	 19870.538741
 148	  172	 2412.756256
 149	  156	 59036.846194
 149	  162	 1435.385488
 149	  185	 9121.324554
 149	  186	 1592.819537
 150	  155	 27410.672545
 150	  170	 2586.593047
 150	  191	 15480.603483
 151	  158	 6424.610676
 151	  161	 43168.492319
 151	  162	 1231.332561
 151	  171	 14289.694148
 152	  160	 103554.926090
 153	  169	 19.818187
 153	  170	 1477.997175
 153	  177	 40039.909034
 153	  181	 10814.606931
 153	  188	 6208.945130
 154	  168	 48504.331908
 154	  169	 6950.641157
 154	  187	 17702.742096
 155	  189	 18437.500223
 155	  191	 10966.907047
 156	  167	 12467.708314
 156	  182	 18353.914397
 156	  186	 16233.485744
 157	  158	 3014.214318
 157	  166	 9960.406584
 157	  172	 11553.996154
 157	  175	 31740.321126
 158	  166	 120185.702046
 158	  171	 12666.133858
 159	  160	 1598.087950
 159	  167	 32885.469344
 159	  190	 5058.540782
 159	  193	 8511.022132
 159	  194	 15375.352445
 160	  190	 31868.429839
 160	  199	 11337.735369
 161	  162	 17607.156915
 161	  171	 30727.906126
 161	  184	 15090.896236
 162	  176	 43450.098855
 162	  184	 7541.770191
 162	  185	 1161.846710
 163	  168	 21784.885918
 163	  180	 21370.662822
 163	  207	 11819.879977
 163	  208	 3098.941962
 164	  173	 6697.519553
 164	  174	 13732.185267
 164	  183	 38140.779765
 165	  172	 38246.739791
 165	  174	 13562.056875
 165	  178	 6915.973436
 165	  179	 11313.963047
 166	  171	 6636.247803
 166	  175	 5869.029554
 166	  192	 12834.191123
 166	  196	 10149.041473
 167	  182	 36542.405045
 167	  193	 19733.085672
 167	  202	 305.716359
 168	  180	 65541.139949
 168	  187	 13826.360462
 169	  187	 19453.644880
 169	  188	 34708.819243
 169	  211	 13902.167597
 170	  181	 50259.449329
 170	  191	 14485.603617
 170	  209	 15522.458847
 171	  184	 1270.016490
 171	  192	 9736.800259
 171	  197	 20681.606999
 172	  175	 11633.063827
 172	  179	 80230.076801
 173	  183	 22124.566088
 173	  189	 42178.275903
 173	  215	 7413.389393
 174	  178	 209930.233823
 174	  195	 558.589454
 175	  179	 18755.229808
 175	  196	 14784.412005
 175	  203	 1934.220776
 175	  220	 5885.398369
 176	  184	 28564.969869
 176	  185	 20268.710203
 176	  204	 7005.786168
 176	  210	 10050.030523
 177	  181	 39039.233489
 177	  188	 39105.092676
 177	  214	 15780.396121
 178	  179	 66.252018
 178	  195	 56614.153483
 178	  203	 5852.664756
 179	  203	 35461.255195
 180	  187	 14314.984738
 180	  208	 32882.062886
 180	  217	 7644.812250
 180	  218	 100.636616
 181	  209	 1421.419452
 181	  214	 9704.587421
 181	  224	 14219.380434
 181	  228	 3692.585948
 182	  186	 17515.353458
 182	  200	 7381.631361
 182	  201	 20457.779927
 182	  202	 22001.033330
 183	  195	 13214.917047
 183	  215	 26566.982542
 183	  230	 2735.945321
 184	  197	 11972.383168
 184	  210	 7929.184414
 184	  212	 19395.407504
 185	  186	 43504.092961
 185	  198	 40647.174020
 185	  204	 8546.992556
 186	  198	 11657.387111
 186	  200	 31633.422728
 186	  205	 904.213428
 187	  211	 16455.276922
 187	  217	 20118.864011
 187	  223	 6723.605643
 188	  211	 15657.851936
 188	  214	 17938.992788
 188	  232	 8387.621520
 189	  191	 10610.311068
 189	  215	 10244.749931
 189	  229	 24638.012159
 190	  194	 15799.812375
 190	  199	 15174.640610
 190	  206	 44798.488407
 190	  213	 7573.669450
 191	  209	 55181.340882
 191	  229	 6980.919590
 191	  236	 5539.842922
 192	  196	 37685.067949
 192	  197	 21596.785373
 192	  233	 4556.047731
 192	  246	 3610.425181
 193	  194	 65352.779716
 193	  202	 20858.724680
 193	  222	 13659.649433
 193	  238	 8436.527269
 194	  206	 29186.005141
 194	  238	 4243.191886
 194	  239	 5742.251671
 195	  203	 9640.533744
 195	  230	 28823.500095
 195	  234	 1422.256409
 195	  253	 3801.496861
 196	  220	 9830.417772
 196	  233	 14553.925771
 197	  212	 23919.735918
 197	  246	 8062.290834
 198	  204	 24656.558135
 198	  205	 84168.334568
 199	  213	 48189.017010
 200	  201	 36850.831882
 200	  205	 12527.377848
 200	  216	 39029.119494
 201	  202	 103000.424962
 201	  216	 3453.295811
 201	  221	 13248.887753
 202	  221	 11083.599150
 202	  222	 18639.802718
 203	  220	 20438.834391
 203	  234	 21532.306190
 204	  205	 16631.173470
 204	  210	 69805.640128
 204	  226	 4859.612583
 204	  243	 4509.533577
 205	  216	 25816.721807
 205	  226	 11323.565337
 206	  213	 14998.959613
 206	  225	 5842.264618
 206	  239	 21743.492102
 207	  208	 50422.652391
 207	  235	 5903.756784
 207	  247	 5486.466058
 208	  218	 64620.577389
 208	  235	 2759.869428
 209	  228	 32782.004963
 209	  236	 15572.721995
 209	  249	 5555.332675
 210	  212	 15002.313683
 210	  237	 10703.782950
 210	  243	 7223.654226
 211	  223	 24398.045182
 211	  232	 22575.871086
 211	  241	 4615.782410
 211	  242	 2420.471728
 212	  237	 21843.210306
 212	  246	 5644.992614
 213	  225	 60654.098560
 213	  231	 1605.957161
 214	  219	 60989.350501
 214	  224	 15510.707605
 214	  232	 2630.900793
 215	  229	 2386.666590
 215	  230	 19845.149153
 215	  245	 16651.146292
 215	  250	 9417.487184
 215	  256	 167.006526
 216	  221	 8919.054624
 216	  226	 44651.995030
 217	  218	 36333.482445
 217	  223	 29047.999465
 217	  240	 14541.004904
 218	  235	 41276.984233
 218	  240	 2066.012543
 219	  224	 14808.180094
 219	  227	 8948.905671
 219	  232	 11244.673027
 219	  248	 15931.799828
 220	  233	 32601.696440
 220	  234	 20047.691598
 221	  222	 174770.138042
 221	  226	 8220.366600
 221	  244	 15984.504870
 222	  238	 14678.400410
 222	  244	 14028.113658
 223	  240	 16315.032121
 223	  241	 16581.741180
 224	  227	 79140.760436
 224	  228	 16619.403436
 225	  231	 80745.657414
 225	  239	 14812.967282
 225	  257	 106.421345
 226	  243	 52937.969022
 226	  244	 996.719769
 226	  268	 4079.415802
 227	  228	 18241.044774
 227	  248	 27829.830484
 227	  263	 403.565567
 228	  249	 12545.025652
 228	  252	 21685.089536
 228	  263	 83.541086
 229	  236	 31361.472935
 229	  245	 21652.741811
 229	  259	 14178.726901
 229	  264	 142.204768
 230	  253	 15615.861840
 230	  256	 31856.383383
 231	  257	 27140.310620
 232	  242	 51068.871428
 232	  248	 7071.674930
 232	  274	 2600.038340
 233	  234	 1229.934768
 233	  246	 5782.077149
 233	  260	 26085.989120
 233	  275	 1381.021080
 234	  253	 25443.284816
 234	  271	 8570.645750
 234	  275	 7398.192642
 235	  240	 1006.087433
 235	  247	 18314.252965
 235	  251	 51330.577298
 236	  249	 9956.706735
 236	  254	 20040.515443
 236	  264	 15367.109212
 237	  243	 4811.527344
 237	  246	 23171.591349
 237	  261	 14651.709459
 237	  267	 6214.045801
 237	  280	 2185.981374
 237	  282	 122.280570
 238	  239	 15820.393638
 238	  244	 64734.984858
 238	  255	 6649.623046
 238	  276	 10806.088515
 239	  255	 75911.621911
 239	  257	 3888.117451
 240	  241	 20989.428218
 240	  251	 9218.240765
 240	  269	 8091.625951
 240	  273	 7562.389719
 241	  242	 23425.861886
 241	  258	 13845.814160
 241	  273	 849.701502
 242	  258	 20494.921274
 242	  274	 2581.337261
 243	  261	 19885.569719
 243	  265	 15574.825485
 243	  268	 6841.907146
 244	  268	 22195.312325
 244	  276	 6881.708710
 245	  250	 170999.183386
 245	  259	 11503.220253
 246	  260	 2428.110130
 246	  267	 22371.732771
 246	  272	 4798.325833
 247	  251	 17847.787226
 247	  295	 4346.984761
 248	  263	 6412.308253
 248	  274	 7881.336398
 248	  279	 18913.529178
 249	  252	 45612.014106
 249	  254	 38437.772096
 250	  256	 3987.830502
 250	  259	 5481.774921
 250	  266	 22887.128911
 250	  270	 4283.607678
 251	  269	 28072.703701
 251	  295	 150.012694
 252	  254	 7731.265382
 252	  262	 8740.125291
 252	  263	 17047.377235
 253	  256	 18466.186487
 253	  271	 26925.302701
 253	  277	 2514.271001
 254	  262	 25654.087787
 254	  264	 6006.612384
 255	  257	 19657.412918
 255	  276	 20264.115671
 255	  285	 15909.825044
 256	  266	 13309.660727
 256	  277	 29195.622881
 257	  278	 29273.536768
 257	  285	 1921.932868
 258	  273	 26326.768171
 258	  274	 21395.344929
 259	  264	 28145.304686
 259	  270	 46455.548927
 260	  272	 27803.519502
 260	  275	 17273.984731
 260	  288	 3891.812635
 261	  265	 51997.657850
 261	  280	 26505.804674
 262	  263	 31712.128913
 262	  264	 5549.828596
 262	  286	 532.352743
 262	  292	 14217.525803
 263	  279	 11850.145120
 263	  292	 892.532983
 263	  296	 15286.756703
 264	  270	 3167.209163
 264	  286	 15249.200801
 264	  287	 10294.076004
 265	  268	 17420.223283
 265	  280	 7771.549363
 265	  294	 7877.976533
 265	  298	 9408.534759
 266	  270	 6243.056868
 266	  277	 16070.918811
 266	  289	 24269.010272
 267	  272	 14652.710276
 267	  282	 13804.349749
 267	  306	 13440.113201
 268	  276	 223.482225
 268	  283	 53172.878309
 268	  298	 6874.886959
 269	  273	 11092.334979
 269	  293	 11570.998250
 269	  295	 23018.144483
 270	  287	 14392.115681
 270	  289	 13421.502702
 270	  302	 3142.742657
 271	  275	 2007.826238
 271	  277	 548.725282
 271	  281	 8720.847950
 271	  284	 34082.283392
 271	  305	 8495.696833
 272	  288	 8678.016064
 272	  300	 9397.019915
 272	  306	 875.537301
 273	  274	 5716.702289
 273	  293	 30725.692629
 273	  304	 2098.179286
 274	  279	 16025.746730
 274	  304	 23092.945200
 275	  284	 8151.584414
 275	  288	 11783.562221
 275	  290	 15615.350325
 276	  283	 2793.206725
 276	  285	 17655.180969
 276	  291	 27186.402631
 276	  309	 12175.587277
 277	  281	 158892.374457
 277	  289	 1612.380581
 278	  285	 29950.364180
 278	  312	 14155.821145
 279	  296	 11707.886261
 279	  304	 415.476907
 279	  317	 13867.072063
 279	  318	 2033.860319
 280	  282	 48500.644769
 280	  294	 14692.751767
 281	  289	 2270.970894
 281	  303	 33399.134755
 281	  305	 5395.726866
 282	  294	 13598.157640
 282	  306	 2130.209184
 282	  316	 8964.773827
 283	  291	 52419.712383
 283	  298	 18500.769064
 284	  290	 12294.831165
 284	  297	 20713.703885
 284	  305	 157.694197
 285	  309	 19127.903129
 285	  312	 21869.250838
 286	  287	 25561.611056
 286	  292	 20030.303062
 286	  299	 14088.288337
 287	  299	 9265.928349
 287	  302	 14197.310078
 288	  290	 7485.988732
 288	  300	 16257.862740
 288	  320	 3830.523715
 289	  302	 3490.311865
 289	  303	 1486.004950
 289	  307	 4333.521694
 289	  319	 17168.210466
 289	  324	 2776.338800
 290	  297	 10432.659743
 290	  320	 6208.455669
 291	  298	 1523.169727
 291	  309	 9191.943005
 291	  321	 17572.288370
 291	  335	 1788.482908
 292	  296	 6371.089776
 292	  299	 4334.300027
 292	  301	 30990.498437
 292	  322	 418.493515
 293	  295	 2154.382392
 293	  304	 6087.291522
 293	  314	 42320.971848
 293	  323	 3053.192109
 294	  298	 14228.531516
 294	  311	 33072.004101
 294	  316	 5591.406730
 295	  313	 44610.389820
 295	  323	 3898.385784
 296	  301	 18273.507899
 296	  318	 22604.064828
 297	  305	 2559.450728
 297	  315	 12675.738683
 297	  320	 5159.698923
 297	  339	 2226.607611
 298	  311	 11965.414644
 298	  333	 3488.976964
 298	  335	 12615.371828
 299	  302	 17288.069292
 299	  307	 2259.293910
 299	  322	 12207.674531
 300	  306	 3990.208057
 300	  310	 42088.196160
 300	  320	 3791.027328
 301	  318	 6702.826925
 301	  322	 3576.936881
 301	  328	 4427.864718
 301	  329	 2898.957348
 301	  331	 1505.378358
 302	  307	 47567.835823
 303	  305	 6819.267876
 303	  308	 51601.616333
 303	  319	 8467.212727
 304	  314	 5435.943819
 304	  317	 33138.882002
 304	  336	 10548.710079
 304	  344	 2422.507524
 305	  308	 17944.568611
 305	  315	 37167.973400
 305	  338	 398.647794
 306	  310	 10168.475076
 306	  316	 20135.854040
 306	  327	 381.788345
 306	  332	 9585.972821
 306	  357	 642.644452
 307	  322	 6878.044545
 307	  324	 24197.415269
 308	  319	 3193.656710
 308	  338	 13553.639086
 309	  312	 1926.321203
 309	  321	 48183.982638
 309	  330	 12833.025529
 309	  361	 3680.930953
 310	  320	 5988.309212
 310	  332	 21371.428520
 311	  316	 5607.563711
 311	  325	 24640.795150
 311	  333	 8789.897767
 312	  330	 56515.358333
 313	  323	 18025.019201
 313	  343	 15116.333438
 314	  323	 29271.839987
 314	  336	 18149.793979
 314	  366	 889.924638
 315	  338	 1391.655521
 315	  339	 4070.185938
 315	  345	 8657.918515
 315	  346	 1069.563226
 316	  325	 2206.551014
 316	  327	 24655.105902
 317	  318	 2583.682200
 317	  337	 2558.510064
 317	  344	 13379.229752
 317	  349	 13483.563036
 317	  352	 78.005968
 318	  328	 16109.200660
 318	  337	 16415.481451
 319	  324	 5224.701735
 319	  326	 57386.730482
 319	  338	 2790.448609
 320	  332	 522.888291
 320	  334	 23974.441246
 320	  339	 4511.812893
 321	  335	 1314.442440
 321	  340	 47893.701592
 321	  361	 5116.667546
 322	  324	 4269.473826
 322	  329	 27403.718885
 322	  355	 4343.138950
 323	  343	 18309.561015
 323	  366	 7244.544711
 324	  326	 9718.584697
 324	  355	 918.766207
 324	  356	 10453.189620
 324	  364	 2674.878384
 325	  327	 20511.788360
 325	  333	 15007.314027
 325	  342	 4744.913268
 325	  359	 287.431142
 326	  338	 7182.399339
 326	  356	 14874.608175
 326	  370	 793.464171
 327	  357	 9177.342206
 327	  359	 6238.875736
 328	  331	 28376.889350
 328	  337	 5735.310066
 328	  350	 8280.793775
 329	  331	 19018.789555
 329	  354	 2453.733413
 329	  355	 7876.338821
 330	  351	 47824.236633
 330	  361	 14138.106701
 331	  350	 5667.312659
 331	  354	 5883.966203
 332	  334	 5129.822264
 332	  357	 2581.397909
 332	  362	 40.359872
 332	  363	 18349.667807
 332	  371	 4024.616615
 333	  335	 10517.513327
 333	  342	 37318.315041
 333	  348	 2397.875016
 334	  339	 4315.813277
 334	  341	 8240.065383
 334	  347	 8842.178271
 334	  362	 9927.392828
 335	  340	 20272.161688
 335	  348	 27372.314840
 335	  372	 1559.300040
 335	  375	 2411.905507
 336	  344	 36114.438503
 336	  352	 2264.768942
 336	  366	 9547.900600
 336	  368	 5367.012436
 337	  349	 20012.209715
 337	  350	 3001.532123
 337	  358	 15579.094976
 338	  345	 10664.388717
 338	  367	 3544.174745
 338	  370	 6508.792187
 338	  388	 2628.312292
 339	  341	 40216.589039
 339	  346	 11898.952175
 340	  360	 43946.351149
 340	  361	 1641.541977
 340	  372	 3557.203579
 341	  346	 3369.409149
 341	  347	 33880.491508
 342	  348	 18902.812767
 342	  359	 4465.111882
 342	  384	 4164.142989
 343	  365	 32849.861645
 343	  366	 1105.408480
 344	  352	 53148.492463
 345	  346	 12713.388792
 345	  367	 14924.888274
 346	  347	 10894.088297
 346	  362	 2648.008922
 346	  367	 6015.558269
 347	  362	 16536.672513
 348	  375	 16010.773843
 348	  384	 2429.273253
 349	  352	 7653.646613
 349	  358	 4111.612965
 349	  373	 6130.751342
 349	  376	 19904.684646
 350	  353	 71856.162425
 350	  354	 6437.718333
 350	  358	 6301.390374
 351	  361	 26712.557733
 351	  393	 6732.006787
 351	  414	 6350.507934
 352	  368	 11545.241202
 352	  376	 1183.744254
 352	  380	 5811.992365
 352	  381	 10201.931391
 353	  354	 14291.652239
 353	  358	 9444.908509
 353	  369	 13804.784860
 354	  355	 22427.830446
 354	  369	 6086.713700
 354	  383	 2991.822609
 355	  364	 23158.557771
 355	  383	 902.707117
 356	  364	 24.603429
 356	  370	 20581.420793
 356	  374	 16993.866753
 357	  359	 46371.048887
 357	  363	 6248.686710
 357	  377	 10497.319823
 358	  369	 10809.078797
 358	  373	 20762.922392
 359	  377	 2694.903169
 359	  384	 15090.233752
 359	  402	 258.850932
 360	  361	 16227.084348
 360	  372	 23618.501472
 360	  378	 25238.298304
 361	  378	 9368.437670
 361	  390	 8862.366946
 361	  393	 14514.668459
 362	  367	 147.329670
 362	  371	 12945.313319
 362	  389	 12166.353480
 363	  371	 17379.921295
 363	  377	 19751.095957
 364	  374	 9009.303306
 364	  383	 13297.903403
 364	  386	 9473.194227
 365	  366	 6096.465109
 365	  385	 15613.593644
 365	  387	 284.391788
 365	  391	 13482.809832
 365	  394	 5033.598111
 366	  368	 26603.111692
 366	  394	 8446.639151
 366	  395	 9461.086761
 367	  388	 12144.188763
 367	  389	 408.781322
 367	  410	 8654.749499
 368	  380	 34028.017187
 368	  395	 3462.991762
 369	  373	 3902.832436
 369	  382	 38379.733625
 369	  383	 9034.544954
 370	  374	 8577.276436
 370	  388	 8260.575155
 370	  401	 5449.525764
 370	  405	 9759.454134
 371	  377	 137.838593
 371	  389	 8507.289915
 371	  407	 9694.299600
 372	  375	 7613.451358
 372	  378	 20865.719732
 372	  379	 33416.548408
 372	  399	 1470.071464
 373	  376	 14376.795633
 373	  382	 23360.282238
 373	  404	 10586.966413
 374	  386	 3116.312974
 374	  397	 8603.863153
 374	  400	 4323.028411
 374	  401	 6526.916577
 375	  379	 29131.841753
 375	  384	 3570.794583
 375	  398	 10310.128283
 375	  411	 2700.928889
 376	  381	 45584.044084
 376	  404	 15174.093847
 377	  402	 15881.746741
 377	  407	 5377.840134
 377	  417	 2701.057878
 378	  390	 31111.744798
 378	  399	 8005.510495
 378	  418	 3540.123458
 379	  398	 5715.484468
 379	  399	 17292.021547
 380	  381	 16240.232207
 380	  395	 4980.572193
 380	  408	 19817.310704
 381	  404	 5062.821148
 381	  408	 8276.549339
 381	  422	 5771.075944
 382	  383	 3754.358199
 382	  404	 7497.054719
 382	  412	 21701.955547
 383	  386	 18225.624317
 383	  396	 9413.771742
 383	  412	 6343.491518
 383	  416	 2994.350655
 384	  402	 6407.284343
 384	  411	 10985.290414
 384	  419	 9569.297389
 384	  428	 522.492897
 385	  387	 24965.788085
 386	  392	 31235.525908
 386	  396	 2266.767150
 386	  397	 6579.959964
 387	  391	 34086.437510
 387	  420	 3690.374595
 388	  405	 311.538076
 388	  409	 17920.600492
 388	  410	 3512.207061
 388	  425	 8232.542541
 389	  406	 31661.025133
 389	  407	 1658.870709
 389	  410	 3853.483519
 390	  393	 18790.159754
 390	  403	 41608.284556
 390	  413	 11701.756576
 390	  418	 7494.584154
 391	  394	 12206.319224
 391	  420	 28096.752655
 392	  396	 50337.512293
 392	  397	 12770.705154
 393	  403	 35826.188032
 393	  414	 19118.364054
 393	  421	 20850.952207
 394	  395	 39904.303570
 394	  420	 1385.596595
 394	  426	 4631.321714
 394	  429	 8344.503888
 394	  444	 1215.619475
 395	  408	 5413.231934
 395	  415	 2262.628057
 395	  429	 11743.047210
 396	  397	 4308.079913
 396	  416	 29065.866026
 396	  442	 4239.531614
 397	  400	 58582.298397
 397	  442	 5198.886784
 398	  399	 30438.520439
 398	  411	 36030.817763
 398	  432	 3320.655147
 399	  418	 8199.014451
 399	  432	 17527.734575
 400	  401	 42272.684971
 400	  438	 4826.944833
 400	  442	 5297.632006
 401	  405	 24949.717742
 401	  438	 9842.916693
 402	  417	 16026.855119
 402	  419	 27788.642311
 403	  413	 36886.841565
 403	  421	 11449.877416
 403	  424	 4479.680121
 404	  412	 1676.886071
 404	  422	 9303.783795
 404	  436	 19706.521444
 404	  437	 7315.217573
 405	  409	 52786.071114
 405	  438	 269.067065
 405	  439	 9277.855346
 406	  407	 4031.330490
 406	  410	 2042.585756
 406	  423	 4550.030312
 406	  430	 13543.666485
 406	  445	 394.297300
 407	  417	 24682.876454
 407	  430	 3298.747068
 407	  434	 5874.534965
 408	  415	 52077.258399
 408	  422	 6718.965332
 409	  425	 2737.969450
 409	  427	 8187.790079
 409	  439	 6866.074829
 409	  449	 2677.901178
 410	  423	 24564.369984
 410	  425	 5919.455836
 411	  428	 17556.239898
 411	  432	 1.444494
 411	  435	 10676.726930
 412	  416	 51596.441635
 412	  437	 20828.221474
 412	  457	 2362.595951
 413	  418	 85689.754207
 413	  424	 24184.087762
 414	  421	 9615.480353
 414	  441	 1821.452052
 414	  443	 20405.750324
 415	  422	 19827.353484
 415	  429	 2729.537891
 415	  447	 10421.042482
 416	  442	 11068.151418
 416	  457	 9614.395825
 417	  419	 601.090894
 417	  434	 9398.695351
 417	  451	 8700.327622
 418	  424	 12693.211047
 418	  432	 3122.381571
 418	  440	 25559.615257
 419	  428	 3151.353249
 419	  431	 46292.497225
 419	  451	 1383.748560
 420	  426	 34369.587285
 420	  433	 14774.162201
 421	  424	 69708.128940
 421	  441	 33726.211080
 422	  436	 2399.482359
 422	  447	 951.353578
 422	  448	 7604.508538
 422	  453	 16474.920427
 423	  425	 1857.842709
 423	  445	 1372.023356
 423	  450	 14281.076680
 423	  454	 1720.973939
 424	  440	 13408.111757
 424	  441	 21072.291668
 425	  427	 78838.412911
 425	  454	 6337.885041
 426	  433	 7004.455251
 426	  444	 12495.142481
 426	  446	 7032.060818
 426	  470	 5372.202978
 427	  449	 13748.106904
 427	  454	 7858.283166
 427	  460	 1000.148116
 427	  461	 4300.313617
 428	  431	 6922.741806
 428	  435	 35575.940759
 428	  452	 8988.786708
 428	  467	 4615.635428
 429	  444	 28824.129104
 429	  447	 10911.505076
 429	  458	 2623.727601
 429	  475	 2485.761862
 430	  434	 10417.294333
 430	  445	 28311.045861
 431	  451	 1675.869529
 431	  452	 36470.482243
 431	  479	 6182.588122
 432	  435	 7375.004252
 432	  440	 29391.200853
 432	  456	 7021.538597
 432	  463	 14805.831826
 432	  474	 980.307653
 433	  446	 21020.613894
 434	  445	 1253.875528
 434	  451	 15439.571975
 434	  462	 7606.293959
 435	  456	 28161.933622
 435	  467	 4211.266666
 436	  437	 25976.192628
 436	  448	 53581.925274
 436	  480	 178.179868
 436	  500	 2571.418039
 437	  457	 26613.375710
 437	  500	 5983.436416
 438	  439	 27192.084392
 438	  442	 20175.572095
 438	  465	 2013.926376
 438	  471	 15458.692030
 438	  478	 1512.539513
 439	  449	 24887.354837
 439	  465	 13547.801646
 440	  441	 1337.648311
 440	  463	 3237.782053
 440	  464	 37509.707257
 441	  443	 52031.778567
 441	  464	 1163.364089
 441	  491	 24790.067920
 442	  457	 5122.458979
 442	  478	 28106.920822
 442	  484	 1864.356965
 443	  469	 35935.905253
 443	  491	 413.244679
 444	  458	 30677.591539
 444	  470	 5113.346433
 445	  450	 1090.840436
 445	  462	 292.573827
 445	  466	 16617.611958
 445	  473	 3090.050674
 446	  470	 12088.849491
 446	  497	 4609.174517
 447	  453	 6139.394792
 447	  459	 8393.737498
 447	  475	 4407.702367
 447	  476	 10559.429999
 448	  453	 10586.842092
 448	  480	 23223.033474
 449	  460	 40460.241288
 449	  465	 10892.403086
 450	  454	 4978.382411
 450	  472	 5059.742019
 450	  473	 8983.715101
 450	  482	 4249.196880
 451	  462	 24056.243109
 451	  479	 13804.392644
 452	  455	 70960.009159
 452	  467	 3319.535251
 452	  479	 503.928790
 453	  459	 26556.889231
 453	  477	 3938.776611
 453	  480	 2569.895777
 454	  461	 24972.992559
 454	  472	 13888.694206
 455	  467	 17749.492183
 455	  479	 7578.571738
 455	  496	 19458.513814
 456	  467	 9778.220000
 456	  474	 23291.998666
 456	  490	 14393.223158
 456	  508	 322.780028
 457	  484	 6753.481847
 457	  500	 9865.068688
 457	  511	 13799.834137
 458	  470	 11358.020489
 458	  475	 7194.507819
 458	  498	 14560.963247
 459	  476	 763.357986
 459	  477	 22759.580863
 459	  483	 4866.478615
 460	  461	 43451.705154
 460	  465	 14397.487546
 460	  501	 3518.306702
 460	  530	 7921.565236
 461	  472	 4690.197951
 461	  481	 986.058194
 461	  501	 14719.058970
 462	  466	 803.501049
 462	  479	 7118.649040
 462	  488	 5712.783569
 462	  495	 8165.699602
 462	  516	 5668.146624
 463	  464	 19010.786450
 463	  468	 89648.462914
 463	  474	 16745.189188
 464	  468	 22597.434908
 464	  491	 8518.983520
 464	  510	 10424.309276
 464	  521	 11479.854419
 465	  471	 47370.567154
 465	  504	 13410.640443
 465	  530	 339.996706
 466	  473	 3081.126301
 466	  487	 3010.446502
 466	  488	 8035.581912
 466	  502	 8126.251961
 467	  486	 39957.922591
 467	  490	 4872.687557
 467	  496	 4115.317560
 468	  474	 29170.991237
 468	  508	 2865.555239
 468	  521	 5906.869617
 469	  491	 22473.155497
 469	  527	 11005.679598
 470	  497	 30377.699183
 470	  498	 1259.634387
 471	  478	 11211.420664
 471	  503	 11639.234595
 471	  504	 12787.076206
 472	  481	 26728.521851
 472	  482	 8965.791605
 473	  482	 1189.642095
 473	  485	 14419.851613
 473	  487	 7026.277519
 474	  508	 28466.083556
 475	  476	 57718.323051
 475	  498	 7705.397322
 475	  507	 6705.170159
 476	  483	 2097.182563
 476	  499	 11740.915195
 476	  507	 1309.289860
 477	  480	 3455.111750
 477	  483	 20797.777771
 477	  492	 14162.517584
 478	  484	 68244.251796
 478	  503	 6242.552510
 479	  496	 4732.387167
 479	  513	 5095.620707
 479	  516	 5039.905219
 479	  517	 12903.489457
 479	  518	 5384.375109
 480	  492	 15687.968321
 480	  500	 14646.826851
 480	  525	 3267.659736
 480	  535	 539.547326
 480	  540	 2476.793255
 481	  482	 12832.593934
 481	  493	 8918.615175
 481	  501	 22402.021778
 482	  485	 5253.438302
 482	  493	 20620.906539
 483	  492	 11685.699372
 483	  499	 19753.099383
 484	  503	 9555.426441
 484	  511	 1482.130649
 484	  523	 21336.757360
 484	  526	 1318.422848
 485	  487	 7979.544622
 485	  493	 987.340457
 485	  494	 23660.224723
 486	  489	 83815.364849
 486	  490	 6110.529689
 486	  496	 12450.462260
 486	  509	 5049.011894
 487	  494	 13357.123723
 487	  502	 7337.880806
 487	  505	 3361.898532
 487	  512	 4581.297025
 488	  495	 58482.358211
 488	  502	 5725.529812
 488	  505	 2690.313935
 489	  490	 59619.932478
 489	  509	 22878.569009
 490	  508	 10668.141614
 490	  509	 13929.031131
 490	  520	 10029.499033
 491	  510	 59847.402610
 491	  527	 18652.068140
 492	  499	 3966.851126
 492	  525	 15603.839620
 493	  494	 6364.656133
 493	  501	 8547.177843
 493	  512	 8293.601961
 493	  514	 6653.263032
 493	  519	 6615.545381
 494	  512	 24152.711521
 495	  505	 212.979362
 495	  515	 18736.987704
 495	  516	 7861.138178
 496	  506	 120005.994460
 496	  513	 8327.604483
 497	  498	 2145.997490
 497	  528	 22865.689625
 497	  533	 6351.128492
 498	  507	 30375.122857
 498	  533	 8601.532271
 499	  507	 5311.619759
 499	  525	 833.172338
 499	  529	 5237.263934
 499	  534	 5641.234225
 500	  511	 19819.392598
 500	  535	 15899.606280
 501	  514	 32300.043392
 501	  530	 7081.074051
 502	  505	 52518.834654
 503	  504	 84786.303323
 503	  523	 1423.051391
 503	  524	 6372.834585
 503	  536	 10186.576443
 504	  524	 27781.424626
 504	  530	 659.767291
 505	  512	 748.701755
 505	  515	 19797.316444
 505	  531	 6336.296662
 505	  537	 1165.197447
 506	  509	 19873.693270
 506	  513	 28846.491667
 506	  522	 4671.584528
 506	  532	 11707.784535
 507	  529	 14992.070231
 507	  533	 2638.724097
 508	  520	 55556.778849
 508	  521	 24355.772788
 508	  554	 71.688081
 509	  520	 19291.719564
 509	  532	 36365.824748
 510	  521	 28666.424063
 510	  527	 4750.171617
 510	  538	 12905.786881
 510	  541	 17944.997061
 511	  526	 10575.622474
 511	  535	 6700.046276
 511	  543	 5261.013200
 511	  545	 8153.516829
 511	  546	 1104.577476
 512	  519	 11206.746713
 512	  531	 32572.663511
 513	  518	 34728.825485
 513	  522	 31925.859923
 514	  519	 52942.823696
 514	  530	 10424.356636
 515	  516	 6774.104039
 515	  537	 24631.998525
 515	  544	 4163.005901
 516	  517	 46200.114759
 516	  544	 18369.972314
 516	  550	 1539.792010
 517	  518	 42118.200467
 517	  522	 3609.725898
 517	  550	 11786.211757
 518	  522	 30061.382635
 519	  531	 3200.982524
 519	  548	 357.881029
 519	  556	 12936.156032
 519	  557	 4876.629586
 520	  532	 6842.234915
 520	  552	 17651.832555
 520	  554	 14870.595077
 521	  541	 28505.303079
 521	  554	 15369.792479
 522	  532	 16263.086141
 522	  550	 6219.194411
 522	  551	 21318.430454
 523	  526	 59634.123498
 523	  536	 23724.514416
 524	  530	 37612.569169
 524	  536	 17456.635590
 524	  547	 1930.599930
 524	  548	 3468.543283
 524	  570	 3402.802182
 525	  534	 58524.840627
 525	  540	 18572.875751
 526	  536	 2539.930748
 526	  545	 19157.005232
 526	  547	 5755.050852
 526	  560	 517.231937
 527	  538	 73024.273537
 527	  577	 5754.405293
 528	  533	 1163.518822
 528	  539	 42330.541350
 528	  555	 4686.824809
 529	  533	 7533.309640
 529	  534	 3036.815709
 529	  542	 15824.028752
 529	  553	 7606.294108
 530	  548	 40755.585250
 531	  537	 12067.330372
 531	  549	 28295.144397
 531	  556	 599.084220
 532	  551	 15404.701071
 532	  552	 26922.912348
 532	  568	 6958.331303
 533	  539	 15243.212724
 533	  553	 2624.294839
 533	  559	 13850.204953
 534	  540	 1607.586766
 534	  542	 16093.364133
 534	  566	 7574.950756
 535	  540	 24559.353779
 535	  543	 32368.235218
 536	  547	 43333.060589
 537	  544	 16513.611116
 537	  549	 175.794050
 537	  558	 4944.077561
 537	  561	 14588.449070
 537	  567	 2286.762174
 538	  541	 43465.269371
 538	  574	 5547.879001
 538	  577	 7253.520651
 538	  583	 15195.641885
 539	  555	 20339.333984
 539	  559	 1132.167860
 539	  565	 8601.571701
 540	  543	 1477.502901
 540	  562	 18473.166987
 540	  566	 3893.640504
 541	  554	 1500.946078
 541	  563	 47754.669071
 541	  574	 921.062435
 542	  553	 24023.790156
 542	  566	 8740.280160
 543	  546	 97715.460997
 543	  562	 6656.898899
 544	  550	 14095.774522
 544	  558	 55466.083945
 545	  546	 18469.456391
 545	  560	 38880.209074
 545	  569	 1176.968735
 546	  562	 1247.846459
 546	  569	 24146.726509
 547	  560	 5434.147741
 547	  564	 30455.763541
 547	  570	 9002.844661
 548	  557	 56455.743421
 548	  570	 10748.434579
 548	  575	 3769.829755
 549	  556	 26803.661022
 549	  561	 18870.616162
 549	  576	 3533.361236
 549	  581	 3048.602204
 550	  551	 53563.797573
 550	  558	 591.868548
 550	  571	 17580.128784
 550	  582	 10356.134532
 551	  568	 27388.786364
 551	  582	 11546.624336
 552	  554	 48982.215807
 552	  568	 281.623394
 552	  572	 25101.890275
 552	  585	 12947.855413
 553	  559	 13701.137678
 553	  566	 1672.337685
 553	  579	 13216.342780
 554	  563	 5680.469095
 554	  573	 45729.519118
 554	  585	 4209.018940
 555	  565	 2563.436059
 555	  578	 17511.574608
 556	  557	 14087.611362
 556	  575	 2162.420632
 556	  576	 13160.470353
 556	  580	 6475.377814
 557	  575	 32220.818203
 558	  567	 37258.037902
 558	  571	 20496.685564
 558	  584	 397.761128
 559	  565	 25301.459682
 559	  579	 16840.997890
 560	  564	 11900.039397
 560	  569	 9645.720456
 560	  594	 14285.776412
 560	  604	 405.550230
 561	  567	 15261.334924
 561	  581	 7962.676713
 561	  593	 10185.267387
 562	  566	 14739.517581
 562	  569	 7735.200378
 562	  588	 21909.683793
 563	  573	 12588.475022
 563	  574	 89646.968304
 563	  586	 16006.982549
 564	  570	 14220.262247
 564	  594	 5615.275007
 564	  597	 10424.882909
 565	  578	 23845.434504
 565	  579	 1232.265178
 565	  591	 6299.970877
 565	  595	 7068.342135
 566	  579	 4052.435993
 566	  588	 2454.051823
 566	  603	 17633.023306
 566	  615	 2377.209109
 567	  584	 43014.629004
 567	  593	 3088.922375
 568	  572	 66875.123849
 568	  582	 8950.388074
 568	  589	 29147.574579
 569	  588	 17532.390335
 569	  604	 11839.644738
 569	  623	 1933.034581
 570	  575	 4023.487208
 570	  597	 5808.417607
 570	  598	 13920.009421
 570	  605	 811.500417
 571	  582	 32819.973204
 571	  584	 14922.767702
 571	  608	 10861.635864
 572	  585	 39626.977122
 572	  589	 18281.143163
 573	  585	 15320.316941
 573	  586	 28634.213234
 573	  590	 31917.819416
 574	  583	 3847.092678
 574	  586	 20187.988112
 574	  587	 79993.185446
 575	  580	 4581.058900
 575	  592	 3643.009532
 575	  598	 2135.311780
 575	  606	 17394.967558
 576	  580	 27058.863402
 576	  581	 20215.014467
 577	  583	 177663.421223
 577	  617	 1976.679427
 578	  595	 20033.404312
 579	  591	 32760.152134
 579	  615	 6224.491274
 580	  581	 8021.581670
 580	  592	 15242.937435
 581	  592	 6645.208808
 581	  593	 8434.948263
 581	  609	 1204.921889
 582	  589	 14209.448363
 582	  600	 28055.195585
 582	  608	 1041.557359
 583	  587	 37108.398229
 583	  617	 21844.166894
 584	  593	 175.825184
 584	  599	 4451.499980
 584	  607	 14960.375218
 584	  608	 7857.504775
 584	  613	 3350.100408
 585	  589	 488.681085
 585	  590	 6132.070992
 585	  601	 1799.670505
 585	  602	 15565.769253
 585	  611	 29414.661589
 585	  620	 911.365791
 586	  587	 17044.288467
 586	  590	 53628.178986
 586	  602	 6016.481786
 586	  616	 5946.438440
 587	  616	 344.259091
 587	  617	 37503.323435
 587	  645	 5758.031253
 588	  596	 67850.447043
 588	  603	 2199.391299
 588	  623	 546.915975
 589	  600	 10797.867309
 589	  601	 66748.605660
 590	  602	 80096.844592
 591	  595	 18719.654006
 591	  615	 3323.925992
 591	  622	 12183.910535
 591	  629	 2719.205705
 591	  635	 2212.944275
 592	  606	 4855.532594
 592	  609	 9833.346427
 592	  633	 3404.379378
 592	  636	 2813.062587
 593	  599	 41474.019311
 593	  609	 9846.649933
 594	  597	 13492.559291
 594	  604	 46810.327964
 594	  631	 2538.922012
 594	  641	 1610.678793
 595	  622	 12388.500865
 595	  634	 12573.637416
 596	  603	 17259.934356
 596	  623	 8974.221564
 596	  630	 15091.552053
 597	  605	 10305.973270
 597	  610	 10670.574729
 597	  612	 2383.636584
 597	  641	 2368.997295
 598	  605	 24838.323338
 598	  606	 6088.248306
 598	  618	 2507.860365
 598	  624	 3674.369735
 599	  607	 22787.179013
 599	  609	 9767.398978
 599	  619	 3831.035084
 600	  601	 20972.717052
 600	  608	 20350.210081
 600	  628	 7222.846133
 600	  637	 10838.463047
 600	  638	 2342.700061
 601	  611	 37635.807826
 601	  638	 19264.640266
 602	  616	 50026.341786
 602	  620	 22489.040770
 603	  615	 25220.961878
 603	  630	 5888.299803
 603	  651	 5135.483921
 604	  623	 12018.296403
 604	  631	 17586.097295
 605	  610	 21070.724243
 605	  612	 1013.360837
 605	  624	 1353.292979
 606	  618	 17755.625261
 606	  626	 2387.667254
 606	  636	 3008.841111
 607	  613	 13932.854332
 607	  619	 23315.725220
 608	  613	 8072.867381
 608	  614	 53168.235888
 608	  621	 369.951467
 608	  628	 3342.150285
 609	  619	 2046.584215
 609	  633	 5727.786224
 609	  642	 9893.523101
 610	  612	 56603.474470
 611	  620	 29478.196206
 611	  638	 18204.438075
 611	  647	 19366.280321
 612	  624	 7980.212133
 612	  641	 7596.259247
 612	  652	 1879.995013
 613	  614	 16777.156654
 613	  619	 9185.834578
 613	  621	 8093.098219
 613	  627	 11913.683267
 614	  621	 53307.126530
 615	  629	 34388.116789
 615	  651	 4585.541638
 615	  654	 4424.793015
 616	  620	 52707.219621
 616	  644	 25023.943814
 616	  645	 32315.674293
 617	  645	 15518.199110
 617	  646	 68030.291484
 617	  664	 8024.422026
 618	  624	 2827.700945
 618	  625	 7670.329260
 618	  626	 9997.076071
 619	  627	 39693.482743
 619	  642	 727.408906
 619	  650	 3171.695274
 620	  644	 39991.634654
 620	  647	 10022.039868
 621	  627	 4706.844786
 621	  628	 32737.511980
 621	  632	 15988.647314
 621	  656	 1585.594108
 622	  634	 15572.469078
 622	  635	 28350.187531
 622	  665	 7150.340034
 623	  630	 8724.706843
 623	  631	 12258.845492
 623	  639	 13090.062944
 623	  640	 1078.433319
 623	  662	 6980.191338
 624	  625	 7012.390349
 624	  652	 2073.461867
 624	  658	 3762.970260
 625	  626	 13902.235138
 625	  655	 4692.892428
 626	  636	 3712.536424
 626	  655	 5567.177792
 626	  659	 1584.937417
 627	  650	 10822.104722
 627	  656	 21824.742401
 628	  632	 123271.751387
 628	  637	 13168.323987
 629	  635	 39518.638744
 629	  654	 18152.693517
 630	  639	 52333.247140
 630	  651	 9519.117720
 630	  666	 710.066765
 631	  640	 40957.233545
 631	  641	 2932.322049
 631	  648	 16.600230
 632	  637	 14314.854535
 632	  643	 13124.978799
 632	  656	 1146.315480
 632	  661	 18057.563279
 633	  636	 29851.001170
 633	  642	 14893.480277
 633	  671	 2837.718151
 634	  665	 10654.953330
 634	  668	 10732.038912
 635	  654	 2811.101481
 635	  665	 10377.694766
 635	  679	 6024.529837
 636	  659	 14588.020964
 636	  671	 1319.475540
 637	  638	 11246.060868
 637	  643	 139301.337573
 637	  653	 7713.787502
 638	  647	 3817.129442
 638	  653	 27053.998688
 638	  657	 51730.805151
 639	  662	 16781.565861
 639	  666	 9626.284230
 640	  648	 15762.442352
 640	  662	 412.057257
 640	  669	 5209.113633
 641	  648	 12551.418564
 641	  652	 6701.745055
 641	  660	 3572.341092
 642	  649	 40746.415007
 642	  650	 2686.263345
 642	  671	 2017.064686
 642	  674	 229.504929
 643	  653	 36899.952924
 643	  661	 16837.905593
 644	  645	 6153.293285
 644	  647	 51167.927316
 644	  667	 46429.935403
 645	  646	 55827.829222
 645	  667	 10904.587359
 645	  673	 29652.626067
 645	  677	 3914.569615
 645	  685	 3243.693561
 646	  664	 33112.829094
 646	  677	 24767.910015
 647	  657	 40528.311513
 647	  667	 1027.557570
 647	  684	 25119.426102
 648	  660	 1179.119229
 648	  669	 1056.694516
 648	  680	 2505.599527
 648	  687	 2782.568334
 649	  650	 42295.784265
 649	  674	 13373.415846
 650	  656	 30872.220342
 650	  674	 1218.057448
 650	  701	 2841.341084
 651	  654	 23680.656176
 651	  666	 23896.070549
 651	  686	 5099.358831
 652	  658	 8139.223342
 652	  660	 11386.026273
 653	  657	 7807.023827
 653	  661	 16451.964019
 653	  676	 33855.086446
 654	  679	 7342.713738
 654	  686	 3953.036292
 654	  695	 7342.724555
 655	  658	 2467.656132
 655	  659	 5233.071819
 655	  663	 27066.223259
 656	  661	 3585.916214
 656	  672	 8106.927548
 656	  675	 28856.213189
 656	  701	 327.914094
 657	  676	 13878.953550
 657	  683	 33129.686616
 657	  684	 612.574782
 658	  660	 1150.861318
 658	  663	 1266.928729
 658	  670	 7539.042215
 659	  663	 4538.024104
 659	  671	 3124.839189
 659	  681	 6595.949172
 659	  691	 2622.202958
 660	  670	 3224.602728
 660	  687	 3938.834644
 660	  690	 643.833640
 661	  672	 48076.198577
 661	  676	 8389.751575
 661	  694	 9846.631786
 662	  666	 5167.865107
 662	  669	 8734.061164
 662	  689	 13182.173990
 662	  693	 2015.862704
 663	  670	 965.261428
 663	  688	 10431.142800
 663	  691	 1143.128387
 664	  677	 34017.834169
 664	  699	 19404.056120
 665	  668	 3562.306795
 665	  678	 41038.213593
 665	  679	 6763.323649
 666	  686	 19145.430315
 666	  689	 6093.718966
 666	  692	 1550.761408
 667	  673	 82339.799244
 667	  684	 22830.723504
 667	  705	 9280.337670
 667	  710	 12912.381470
 668	  678	 4289.223757
 668	  706	 10064.081075
 669	  680	 15451.758058
 669	  693	 8963.531660
 670	  688	 2383.813684
 670	  690	 11430.217735
 671	  674	 17371.625368
 671	  681	 7066.912645
 671	  682	 11414.615305
 672	  675	 44617.807160
 672	  694	 5407.693935
 672	  696	 21405.594764
 673	  685	 82143.002618
 673	  704	 18827.912676
 673	  710	 364.647387
 674	  682	 11681.690488
 674	  701	 5534.182575
 674	  713	 6985.845926
 675	  696	 15110.742656
 675	  701	 19228.820041
 676	  683	 14797.985579
 676	  694	 36151.813703
 676	  702	 7114.920897
 676	  709	 10991.423041
 677	  685	 65774.736047
 677	  699	 54515.466232
 678	  679	 7669.491639
 678	  697	 21280.431304
 678	  706	 6014.716426
 679	  695	 13343.400862
 679	  697	 12180.625746
 679	  711	 5462.661770
 680	  687	 12599.485336
 680	  693	 4808.259525
 680	  726	 1082.159524
 680	  729	 1458.479390
 681	  682	 23246.495654
 681	  691	 1594.901261
 681	  703	 11665.927423
 682	  703	 5616.468984
 682	  713	 1928.250548
 683	  684	 68102.626451
 683	  702	 50277.864151
 684	  702	 10191.482841
 684	  705	 41836.252686
 685	  699	 3622.115555
 685	  704	 38916.207317
 685	  714	 10285.713038
 686	  692	 8051.103456
 686	  695	 2051.032403
 686	  700	 20838.978886
 686	  720	 5413.103129
 687	  690	 2260.338980
 687	  707	 1125.827617
 687	  715	 5980.154076
 687	  729	 563.734064
 688	  690	 4023.577820
 688	  691	 34866.235726
 689	  692	 37266.777935
 689	  693	 2483.384236
 689	  698	 6947.009052
 690	  691	 4.069340
 690	  707	 17489.541827
 690	  712	 346.424911
 691	  703	 3809.447522
 691	  712	 20598.682991
 692	  698	 10413.907724
 692	  720	 785.417715
 692	  725	 10810.957205
 693	  698	 29758.975259
 693	  726	 4133.477173
 694	  696	 17033.091457
 694	  708	 2407.308114
 694	  709	 31850.888412
 694	  722	 11194.581879
 695	  700	 32255.641439
 695	  711	 14181.563471
 696	  701	 6441.040952
 696	  708	 56189.415077
 697	  706	 5404.435620
 697	  711	 9823.533837
 697	  719	 3480.861636
 697	  727	 9731.057417
 698	  725	 2926.443043
 698	  726	 8716.492841
 699	  714	 64581.921917
 699	  735	 8223.044586
 699	  736	 16328.797140
 700	  711	 359.196727
 700	  720	 20104.907294
 700	  728	 2498.112206
 701	  708	 7960.183515
 701	  713	 21236.856346
 701	  733	 11946.117160
 702	  705	 12964.236823
 702	  709	 12837.729448
 702	  717	 25605.501130
 702	  734	 21911.855707
 703	  712	 2936.586608
 703	  713	 4658.351274
 703	  716	 31512.492280
 703	  721	 1169.234651
 704	  710	 59379.042445
 704	  714	 8274.168826
 704	  718	 58090.218609
 705	  710	 75324.836243
 705	  734	 28059.201795
 706	  719	 27621.324849
 706	  724	 8635.917392
 707	  712	 3434.902163
 707	  715	 6166.050465
 707	  723	 2104.933119
 707	  730	 12630.476108
 708	  722	 28020.327622
 708	  733	 16248.039000
 709	  717	 56023.082814
 709	  722	 6523.921312
 709	  731	 13678.203000
 710	  718	 29888.657559
 711	  727	 7407.161611
 711	  728	 25859.336074
 712	  716	 4358.691628
 712	  723	 42624.336413
 713	  721	 63880.247668
 713	  733	 1150.595810
 714	  718	 42559.832031
 714	  735	 62390.655301
 715	  729	 16638.948740
 715	  730	 11614.240475
 716	  721	 9003.489180
 716	  723	 6604.471168
 717	  731	 13151.068691
 717	  734	 22762.964482
 719	  724	 8832.150946
 719	  727	 9125.873874
 719	  732	 2741.259915
 720	  725	 15728.854515
 720	  728	 3073.751014
 721	  733	 2362.357994
 722	  731	 43056.825031
 722	  733	 4276.177822
 723	  730	 1256.823226
 724	  732	 19007.182682
 725	  726	 4680.295759
 726	  729	 6551.966496
 727	  728	 6963.876701
 735	  736	 30441.899142
