64.119318
150.708333
194.177144
261.715909
339.902394
327.361706
422.849291
120.000000
298.224432
522.653705
590.558547
337.225275
346.211193
556.302513
314.342830
668.717021
495.047379
478.942308
426.448984
545.895470
440.119206
218.509845
634.538718
793.480034
905.465416
787.519659
425.446429
733.965990
98.683036
165.405839
633.932779
472.250750
563.116776
561.904928
497.770612
244.964782
606.625994
695.362180
198.978287
369.876813
618.908733
712.830311
274.823504
576.460816
851.736052
425.866050
163.889380
287.877486
768.933666
658.896433
693.481989
628.515757
229.898126
463.268364
342.374002
456.853133
434.368148
530.529509
407.711922
172.825758
341.417299
695.946205
593.583153
623.681711
223.968373
518.491454
152.443368
125.172579
432.502400
421.466871
139.705967
171.710255
245.762291
406.080439
284.055652
587.712135
162.207048
815.225288
319.223466
668.858518
177.552692
347.740112
314.211539
430.537260
83.721763
689.805161
452.755476
540.685095
383.792059
196.578664
629.983350
286.647339
415.299066
165.419846
227.955741
283.422000
238.396712
317.880697
315.891952
625.202628
654.220728
338.598925
74.997068
657.713422
688.508291
174.995819
538.048942
645.320556
594.380688
207.649371
351.361662
333.171430
743.030086
291.242954
407.614959
529.977517
567.189234
442.079537
412.454361
300.224585
748.746496
594.659635
390.858617
449.332700
707.759608
204.547458
533.848288
381.341937
474.889761
618.803716
645.927355
384.191720
626.197379
427.534017
634.512711
656.226505
687.250841
336.004969
734.193648
521.519857
680.778156
466.052684
574.328957
198.891755
476.737790
372.911628
469.914705
506.433400
466.371808
587.214896
327.361057
497.688153
359.451886
667.814510
425.876059
575.374274
335.689300
355.926123
313.625737
652.573296
490.096398
283.035576
537.108067
547.813402
506.047589
503.034753
367.240698
477.017267
327.488549
604.023815
865.581863
384.375320
128.040865
519.224489
442.797156
399.749874
359.753107
418.510672
275.856743
233.393240
355.837856
642.477791
310.366709
519.884684
357.053101
347.714258
255.380333
527.693209
622.192736
764.836812
461.850069
772.958192
539.501425
465.605861
489.480834
681.223518
502.208055
505.506084
91.500000
274.905563
170.994318
145.612104
194.049169
597.224717
250.905221
131.002435
367.885065
340.873350
327.487648
569.653576
408.300678
511.441450
415.519791
210.952381
349.587461
741.097323
187.229616
362.640321
283.529035
283.323862
514.623771
264.228429
201.304129
268.076869
285.395763
216.483430
382.637924
252.022251
536.930072
744.103979
689.416444
195.583333
558.168873
737.401138
765.959611
285.168793
586.712348
672.945166
525.353407
524.060274
482.775009
280.747700
261.994990
552.962042
467.119780
346.507142
808.741781
359.613104
732.977424
179.814551
398.398941
451.773656
222.481578
682.603842
224.688336
542.486340
581.015021
443.970501
406.731230
348.366962
536.283083
410.299956
323.399961
557.793216
460.787367
454.410376
590.243845
805.582943
680.683614
769.616239
404.375585
666.819777
564.712062
592.910041
822.337849
529.452134
736.428619
366.738720
412.091069
1010.130036
244.009821
391.692044
427.934300
431.109753
311.454814
718.194351
252.536644
222.340128
381.724560
663.237006
308.644943
575.348972
385.161758
593.731427
352.514175
734.048081
514.464875
411.702451
711.189460
232.548957
396.598932
297.907592
203.252695
346.784560
727.007480
412.532972
816.695542
299.117551
308.874370
699.024694
400.491956
296.433983
553.529236
491.387826
631.850829
479.253174
505.959082
867.500744
475.139340
496.661827
547.010682
552.657548
441.911225
732.141032
666.096613
252.315831
432.483228
389.330440
219.114583
240.398764
594.149827
160.403760
743.916209
264.233454
373.660544
654.536238
607.577904
473.365085
870.249406
263.969070
565.548366
49.200291
367.144267
692.029406
301.787802
504.326023
424.924856
174.001608
402.654587
687.240678
135.211663
737.697028
451.015867
108.347357
227.023164
345.680375
533.469670
493.301279
262.135415
471.609802
392.920687
853.696177
576.712524
560.271648
477.986246
701.378881
816.480570
809.222097
353.815327
271.795522
699.755732
656.672455
321.102574
403.485333
548.702834
523.387359
471.086678
571.294810
444.889813
186.576771
409.685922
526.408193
419.567204
373.263232
913.203103
129.035471
220.572680
146.802092
794.418022
595.839808
319.273886
428.072574
101.250000
566.566706
633.706104
494.184671
256.966314
321.732038
314.690581
428.807126
258.630345
383.068842
557.265187
109.215966
744.132579
362.823739
548.292700
565.631199
335.469964
373.304470
745.786470
530.859015
535.452688
99.995702
565.185722
316.113340
521.675275
460.121089
353.631442
501.939981
301.261979
251.544090
516.850046
507.022063
271.142049
379.088333
399.200950
257.785416
409.194975
541.296289
406.873453
433.613494
507.131165
148.789868
381.521578
319.983311
472.170703
649.470368
452.829936
335.877704
426.154263
484.194552
764.823892
375.402586
368.848267
399.456088
299.450736
463.543520
364.471247
296.453007
418.506707
422.134883
223.683204
304.404345
297.160134
274.629646
382.142384
895.369697
379.598463
142.545402
434.306965
275.702381
423.529437
140.669587
498.051478
341.218987
309.883320
276.948386
148.158717
413.525546
467.875876
276.096473
150.499890
290.309745
272.240613
248.273615
184.417754
113.594771
316.626415
660.166928
606.980576
79.912246
134.533347
129.682314
554.212002
85.260417
107.985568
195.976017
188.077218
49.486775
241.621730
682.876903
303.383387
172.347098
102.238095
235.809421
260.921243
639.534207
386.274490
357.034704
700.482522
355.484112
140.740371
311.876596
252.665328
217.399867
195.920750
286.698504
450.499610
271.624589
536.883218
791.148189
298.058881
168.671192
250.211857
359.284667
544.041572
347.937896
149.377777
429.957155
474.604352
767.267559
300.922493
335.141639
613.266423
433.019010
498.906928
724.861127
405.170693
450.911928
723.338311
477.438186
583.344781
693.772983
474.146392
467.315150
447.912055
547.833236
615.357854
427.224587
628.440363
601.080211
463.316249
295.172234
485.873477
561.696223
352.047977
479.660056
551.000048
409.913315
510.063951
497.973684
586.355755
482.305908
683.251615
311.886910
604.267912
472.582012
324.855168
444.570471
635.437111
571.753776
578.707578
461.649839
536.436175
470.460415
1022.900831
370.928092
392.935242
774.889127
796.708058
499.154834
378.690578
428.694632
343.989475
733.796049
124.844112
407.132725
606.642481
694.009077
247.648339
304.922916
471.753093
645.545386
429.368449
628.642955
433.151904
715.983708
458.674772
326.684813
227.154512
604.690726
662.333895
351.802007
651.345624
688.499296
507.828375
547.508510
476.572210
278.920593
535.184166
439.151821
359.139165
815.148308
613.324692
171.562212
697.866674
282.860761
379.445892
519.060124
89.127520
607.832456
287.644860
277.489261
106.666667
819.054405
498.475458
1033.326431
229.260538
242.777132
356.115363
209.878199
620.164650
762.730944
433.529818
192.260233
299.450833
307.622729
141.917540
453.264326
508.078074
447.606547
193.844202
447.627422
978.789927
603.432505
565.342678
247.578117
539.395308
338.346765
339.124837
531.162485
384.676340
130.872839
493.701972
858.679560
576.822917
559.323269
429.933987
317.779412
430.539925
621.658381
251.454435
365.648416
700.721389
339.910192
500.049756
469.020583
353.863079
587.311334
368.692171
481.581752
592.065268
326.619534
705.449811
612.963718
495.054863
683.871057
545.650665
475.144543
343.886499
274.169302
344.575738
414.235746
522.569758
405.570262
542.591866
518.816558
455.862275
646.855039
523.875353
319.166826
166.736894
390.648542
561.972274
409.089538
606.055844
699.286602
363.511868
288.342408
491.946345
462.757086
429.873066
403.599998
480.393018
548.243816
345.412493
525.608807
352.635295
697.504691
464.834598
826.563630
535.913198
507.362166
355.078908
789.108651
594.912506
608.633694
388.637279
385.406628
588.189763
451.042392
505.073578
540.729623
487.569937
442.134818
544.529231
406.217527
490.764110
411.396154
651.693415
437.624278
384.036899
466.928626
127.842057
568.102303
661.341032
376.564857
339.332201
427.241064
320.065000
211.543012
39.724272
420.768943
420.370370
270.857773
220.990970
